   0.0000000000000000        3.1022255722456746E-003
   1.0000000000000000E-002   6.5887846523375954E-002
   2.0000000000000000E-002  0.12841343824557408     
   2.9999999999999999E-002  0.19043224079353646     
   4.0000000000000001E-002  0.25169949428729943     
   5.0000000000000003E-002  0.31197340486767444     
   5.9999999999999998E-002  0.37101609894612836     
   7.0000000000000007E-002  0.42859456198317181     
   8.0000000000000002E-002  0.48448155809029869     
   8.9999999999999997E-002  0.53845652682621203     
  0.10000000000000001       0.59030645364813150     
  0.11000000000000000       0.63982671058286700     
  0.12000000000000000       0.68682186379995147     
  0.13000000000000000       0.73110644489967891     
  0.14000000000000001       0.77250568287215093     
  0.14999999999999999       0.81085619383860230     
  0.16000000000000000       0.84600662585293018     
  0.17000000000000001       0.87781825621867937     
  0.17999999999999999       0.90616553896414842     
  0.19000000000000000       0.93093660031497893     
  0.20000000000000001       0.95203368020884538     
  0.20999999999999999       0.96937351810974415     
  0.22000000000000000       0.98288768159929640     
  0.23000000000000001       0.99252283644824579     
  0.23999999999999999       0.99824095710228722     
  0.25000000000000000        1.0000194767515580     
  0.26000000000000001       0.99785137639152954     
  0.27000000000000002       0.99174521252381476     
  0.28000000000000003       0.98172508338756082     
  0.28999999999999998       0.96783053385470152     
  0.29999999999999999       0.95011639936442849     
  0.31000000000000000       0.92865258951275997     
  0.32000000000000001       0.90352381215129640     
  0.33000000000000002       0.87482923908403776     
  0.34000000000000002       0.84268211468157450     
  0.35000000000000003       0.80720930895730258     
  0.35999999999999999       0.76855081686942839     
  0.37000000000000000       0.72685920582484176     
  0.38000000000000000       0.68229901356524825     
  0.39000000000000001       0.63504609881188212     
  0.40000000000000002       0.58528694723146990     
  0.41000000000000003       0.53321793546250540     
  0.41999999999999998       0.47904455610637664     
  0.42999999999999999       0.42298060674193416     
  0.44000000000000000       0.36524734616413818     
  0.45000000000000001       0.30607262117667289     
  0.46000000000000002       0.24568996738470203     
  0.47000000000000003       0.18433768753653385     
  0.47999999999999998       0.12225791105153819     
  0.48999999999999999        5.9695638445947698E-002
  0.50000000000000000       -3.1022255722449252E-003
  0.51000000000000001       -6.5887846523375787E-002
  0.52000000000000002      -0.12841343824557394     
  0.53000000000000003      -0.19043224079353616     
  0.54000000000000004      -0.25169949428730110     
  0.55000000000000004      -0.31197340486767533     
  0.56000000000000005      -0.37101609894612653     
  0.57000000000000006      -0.42859456198317109     
  0.57999999999999996      -0.48448155809029825     
  0.58999999999999997      -0.53845652682621359     
  0.59999999999999998      -0.59030645364813172     
  0.60999999999999999      -0.63982671058286755     
  0.62000000000000000      -0.68682186379995092     
  0.63000000000000000      -0.73110644489967924     
  0.64000000000000001      -0.77250568287215082     
  0.65000000000000002      -0.81085619383860141     
  0.66000000000000003      -0.84600662585293096     
  0.67000000000000004      -0.87781825621867959     
  0.68000000000000005      -0.90616553896414898     
  0.69000000000000006      -0.93093660031498104     
  0.70000000000000007      -0.95203368020884493     
  0.70999999999999996      -0.96937351810974526     
  0.71999999999999997      -0.98288768159929829     
  0.72999999999999998      -0.99252283644824524     
  0.73999999999999999      -0.99824095710228677     
  0.75000000000000000       -1.0000194767515580     
  0.76000000000000001      -0.99785137639152965     
  0.77000000000000002      -0.99174521252381520     
  0.78000000000000003      -0.98172508338755926     
  0.79000000000000004      -0.96783053385470175     
  0.80000000000000004      -0.95011639936443004     
  0.81000000000000005      -0.92865258951276075     
  0.82000000000000006      -0.90352381215129662     
  0.83000000000000007      -0.87482923908403598     
  0.83999999999999997      -0.84268211468157517     
  0.84999999999999998      -0.80720930895730125     
  0.85999999999999999      -0.76855081686942961     
  0.87000000000000000      -0.72685920582484209     
  0.88000000000000000      -0.68229901356524847     
  0.89000000000000001      -0.63504609881188145     
  0.90000000000000002      -0.58528694723147001     
  0.91000000000000003      -0.53321793546250695     
  0.92000000000000004      -0.47904455610637697     
  0.93000000000000005      -0.42298060674193427     
  0.94000000000000006      -0.36524734616413707     
  0.95000000000000007      -0.30607262117667255     
  0.95999999999999996      -0.24568996738470283     
  0.96999999999999997      -0.18433768753653546     
  0.97999999999999998      -0.12225791105153740     
  0.98999999999999999       -5.9695638445947274E-002
