   0.0000000000000000       -1.1150108854451573     
   3.3333333333333335E-003  -1.1046112430741237     
   6.6666666666666671E-003 -0.88686986073343343     
   1.0000000000000000E-002 -0.88915538159223229     
   1.3333333333333334E-002  -1.1068809629650178     
   1.6666666666666666E-002  -1.1208124979115832     
   2.0000000000000000E-002 -0.90462248220442598     
   2.3333333333333334E-002 -0.86656181001084487     
   2.6666666666666668E-002  -1.0774612652480400     
   3.0000000000000002E-002  -1.1468603566640367     
   3.3333333333333333E-002 -0.94800043171649284     
   3.6666666666666667E-002 -0.84174060507080561     
   4.0000000000000001E-002  -1.0183708557717244     
   4.3333333333333335E-002  -1.1638011175429694     
   4.6666666666666669E-002  -1.0228530574319508     
   5.0000000000000003E-002 -0.84113903034026738     
   5.3333333333333337E-002 -0.93090512068341458     
   5.6666666666666671E-002  -1.1387240783414032     
   6.0000000000000005E-002  -1.1150352093515790     
   6.3333333333333339E-002 -0.90007920178697309     
   6.6666666666666666E-002 -0.84765882979345109     
   7.0000000000000007E-002  -1.0421898428633958     
   7.3333333333333334E-002  -1.1704155056052454     
   7.6666666666666675E-002  -1.0292963915779403     
   8.0000000000000002E-002 -0.84126625334972982     
   8.3333333333333343E-002 -0.89766876522033179     
   8.6666666666666670E-002  -1.1109688728625469     
   9.0000000000000011E-002  -1.1581454835273504     
   9.3333333333333338E-002 -0.96972548595151753     
   9.6666666666666679E-002 -0.82461311084108257     
  0.10000000000000001      -0.93344332580207856     
  0.10333333333333335       -1.1386706989933038     
  0.10666666666666667       -1.1487222179606000     
  0.11000000000000000      -0.95140237752641377     
  0.11333333333333334      -0.81898780917711989     
  0.11666666666666667      -0.93296591709001220     
  0.12000000000000001       -1.1355458692975642     
  0.12333333333333334       -1.1639584549677799     
  0.12666666666666668      -0.97307309420199051     
  0.13000000000000000      -0.82488343667055009     
  0.13333333333333333      -0.88196045226961439     
  0.13666666666666669       -1.1101724728640430     
  0.14000000000000001       -1.1690683414946170     
  0.14333333333333334       -1.0773871926491896     
  0.14666666666666667      -0.81591265373194044     
  0.15000000000000002      -0.87613763048660975     
  0.15333333333333335      -0.93127202371882889     
  0.15666666666666668       -1.2610565255419599     
  0.16000000000000000       -1.0517602957688250     
  0.16333333333333333       -1.0937165472310602     
  0.16666666666666669      -0.66941948432147491     
  0.17000000000000001       -1.0015770854473280     
  0.17333333333333334      -0.89916305119566187     
  0.17666666666666667       -1.3282210952448357     
  0.18000000000000002       -1.0504262321232662     
  0.18333333333333335       -1.0134167288649025     
  0.18666666666666668      -0.80026353993475263     
  0.19000000000000000      -0.77890390519058250     
  0.19333333333333336       -1.1136310477721885     
  0.19666666666666668       -1.0679622555921413     
  0.20000000000000001       -1.3124311913975930     
  0.20333333333333334      -0.95410572250410142     
  0.20666666666666669      -0.86296968928657680     
  0.21000000000000002      -0.81930142539297879     
  0.21333333333333335      -0.79490336507362824     
  0.21666666666666667       -1.2089636620010886     
  0.22000000000000000       -1.1342855700807570     
  0.22333333333333336       -1.2295645818808876     
  0.22666666666666668       -1.0559903969150151     
  0.23000000000000001      -0.73008516897609632     
  0.23333333333333334      -0.86167087097985928     
  0.23666666666666669      -0.76417713923183361     
  0.24000000000000002       -1.0391201119530535     
  0.24333333333333335       -1.2874094672860714     
  0.24666666666666667       -1.1545241949183913     
  0.25000000000000000       -1.2494484536886663     
  0.25333333333333335      -0.94442523260149036     
  0.25666666666666671      -0.70941437211511671     
  0.26000000000000001      -0.81713343051526077     
  0.26333333333333336      -0.69923256298103376     
  0.26666666666666666      -0.97712058540587154     
  0.27000000000000002       -1.2607248762942116     
  0.27333333333333337       -1.2020183643279649     
  0.27666666666666667       -1.3803807543461193     
  0.28000000000000003       -1.2176262947216498     
  0.28333333333333333      -0.87393790482062672     
  0.28666666666666668      -0.86547148647074179     
  0.29000000000000004      -0.61150962744698212     
  0.29333333333333333      -0.52502528436300266     
  0.29666666666666669      -0.82115385342822422     
  0.30000000000000004      -0.85520859346825917     
  0.30333333333333334       -1.0840979871142153     
  0.30666666666666670       -1.4746644202302290     
  0.31000000000000000       -1.4395295410011777     
  0.31333333333333335       -1.5192017429002860     
  0.31666666666666671       -1.6162931035654347     
  0.32000000000000001       -1.2657035311719134     
  0.32333333333333336       -1.0781358809091661     
  0.32666666666666666      -0.94798755589532613     
  0.33000000000000002      -0.45515189810622214     
  0.33333333333333337      -0.20499172590123341     
  0.33666666666666667       -9.5542338753247261E-002
  0.34000000000000002       0.32626227732978147     
  0.34333333333333338       0.50192008245997632     
  0.34666666666666668       0.47909183314946213     
  0.35000000000000003       0.77032189128057194     
  0.35333333333333333       0.88582196582389661     
  0.35666666666666669       0.75123685695954678     
  0.36000000000000004       0.93199683463742977     
  0.36333333333333334        1.0517962304290585     
  0.36666666666666670       0.86419827630802626     
  0.37000000000000005       0.94772581448073179     
  0.37333333333333335        1.1127577975537100     
  0.37666666666666671       0.93236806038327347     
  0.38000000000000000       0.91036216248473345     
  0.38333333333333336        1.1167758227102720     
  0.38666666666666671        1.0050481797708366     
  0.39000000000000001       0.87393040947434408     
  0.39333333333333337        1.0719842125761481     
  0.39666666666666667        1.0824439668934855     
  0.40000000000000002       0.87743984669302255     
  0.40333333333333338       0.98639015883381531     
  0.40666666666666668        1.1315661111834874     
  0.41000000000000003       0.94317924774126294     
  0.41333333333333339       0.89601964358177610     
  0.41666666666666669        1.1093283506659115     
  0.42000000000000004        1.0529301241051805     
  0.42333333333333334       0.86490209103022109     
  0.42666666666666669        1.0060222248221447     
  0.43000000000000005        1.1342483748110708     
  0.43333333333333335       0.93971759143198108     
  0.43666666666666670       0.88729732629218194     
  0.44000000000000000        1.1022533829236325     
  0.44333333333333336        1.0785645361789531     
  0.44666666666666671       0.87074558848012584     
  0.45000000000000001       0.96051168322718217     
  0.45333333333333337        1.1422257122426873     
  0.45666666666666672        1.0012776529620624     
  0.46000000000000002       0.85584739154503520     
  0.46333333333333337        1.0324776423952999     
  0.46666666666666667        1.1387374691032370     
  0.47000000000000003       0.93987754418134783     
  0.47333333333333338       0.87047845277580871     
  0.47666666666666668        1.0813779080172181     
  0.48000000000000004        1.1194385802124784     
  0.48333333333333334       0.90324856450598379     
  0.48666666666666669       0.88931702955967773     
  0.49000000000000005        1.1070426109325615     
  0.49333333333333335        1.1047570900738011     
  0.49666666666666670       0.88701570773312244     
  0.50000000000000000       0.89741535010416651     
  0.50333333333333341        1.1150108854451570     
  0.50666666666666671        1.1046112430741375     
  0.51000000000000001       0.88686986073340279     
  0.51333333333333342       0.88915538159231211     
  0.51666666666666672        1.1068809629648164     
  0.52000000000000002        1.1208124979120906     
  0.52333333333333332       0.90462248220315999     
  0.52666666666666673       0.86656181001396471     
  0.53000000000000003        1.0774612652404414     
  0.53333333333333333        1.1468603566823334     
  0.53666666666666674       0.94800043167294479     
  0.54000000000000004       0.84174060517323990     
  0.54333333333333333        1.0183708555336364     
  0.54666666666666675        1.1638011180896843     
  0.55000000000000004        1.0228530561919082     
  0.55333333333333334       0.84113903311789362     
  0.55666666666666675       0.93090511454042213     
  0.56000000000000005        1.1387240917522519     
  0.56333333333333335        1.1150351804581398     
  0.56666666666666665       0.90007926320554044     
  0.57000000000000006       0.84765870101534058     
  0.57333333333333336        1.0421901091221641     
  0.57666666666666666        1.1704149629109275     
  0.58000000000000007        1.0292974816562503     
  0.58333333333333337       0.84126409628370502     
  0.58666666666666667       0.89767296875202773     
  0.59000000000000008        1.1109608090484007     
  0.59333333333333338        1.1581607050801668     
  0.59666666666666668       0.96969722598123764     
  0.60000000000000009       0.82466468874656607     
  0.60333333333333339       0.93335083462244028     
  0.60666666666666669        1.1388335626520916     
  0.60999999999999999        1.1484408002680084     
  0.61333333333333340       0.95187921098674189     
  0.61666666666666670       0.81819618765485580     
  0.62000000000000000       0.93425240696685652     
  0.62333333333333341        1.1335014013857254     
  0.62666666666666671        1.1671318059408715     
  0.63000000000000000       0.96826899568593883     
  0.63333333333333341       0.83196520862042922     
  0.63666666666666671       0.87181572192578571     
  0.64000000000000001        1.1242601236997418     
  0.64333333333333342        1.1501630408843950     
  0.64666666666666672        1.1018050032717359     
  0.65000000000000002       0.78572734693149060     
  0.65333333333333332       0.91156792429347222     
  0.65666666666666673       0.89227313252347229     
  0.66000000000000003        1.3004599418629252     
  0.66333333333333333        1.0167675045126707     
  0.66666666666666674        1.1180022088676926     
  0.67000000000000004       0.66295352496650939     
  0.67333333333333334       0.98355542395844697     
  0.67666666666666675       0.94608497903500899     
  0.68000000000000005        1.2523298731202548     
  0.68333333333333335        1.1491853525583424     
  0.68666666666666676       0.90486989641076332     
  0.69000000000000006       0.89954375328939051     
  0.69333333333333336       0.71058242421882833     
  0.69666666666666666        1.1321925998498621     
  0.70000000000000007        1.1084513158510831     
  0.70333333333333337        1.2187373548546780     
  0.70666666666666667        1.0780100300231401     
  0.71000000000000008       0.74519776921021308     
  0.71333333333333337       0.89138482336009495     
  0.71666666666666667       0.79698348180162371     
  0.72000000000000008        1.1287971568027109     
  0.72333333333333338        1.2656964083191968     
  0.72666666666666668        1.0983593264206926     
  0.73000000000000009        1.1299860353747311     
  0.73333333333333339       0.74998928833571510     
  0.73666666666666669       0.75250104648692384     
  0.74000000000000010       0.91298334029176464     
  0.74333333333333340       0.92545719399245818     
  0.74666666666666670        1.3034351407877649     
  0.75000000000000000        1.2494484536886641     
  0.75333333333333341        1.0933361784708659     
  0.75666666666666671        1.0713666454087243     
  0.76000000000000001       0.69099665885397277     
  0.76333333333333342       0.71090865572594442     
  0.76666666666666672       0.86543900276172736     
  0.77000000000000002       0.86082400989557672     
  0.77333333333333343        1.2443872938336404     
  0.77666666666666673        1.3442489279078085     
  0.78000000000000003        1.2121378814436052     
  0.78333333333333344        1.2859180850200922     
  0.78666666666666674       0.96195294475720994     
  0.79000000000000004       0.68561328362974905     
  0.79333333333333333       0.74006562509956564     
  0.79666666666666675       0.55652222107764937     
  0.80000000000000004       0.65122871792174852     
  0.80333333333333334        1.0198676428564930     
  0.80666666666666675        1.0716157966768689     
  0.81000000000000005        1.3188896929023686     
  0.81333333333333335        1.6238080993762967     
  0.81666666666666676        1.4805244798719934     
  0.82000000000000006        1.4676071721689035     
  0.82333333333333336        1.4602719971189895     
  0.82666666666666677        1.0323799286581128     
  0.83000000000000007       0.79377545858703891     
  0.83333333333333337       0.65357445044745344     
  0.83666666666666667       0.17249138147163673     
  0.84000000000000008       -7.7562631235679719E-002
  0.84333333333333338      -0.13313668944148671     
  0.84666666666666668      -0.49879593257481541     
  0.85000000000000009      -0.67991160772545334     
  0.85333333333333339      -0.59992961628410024     
  0.85666666666666669      -0.82401270519474967     
  0.86000000000000010      -0.97680505243230309     
  0.86333333333333340      -0.81343947949080042     
  0.86666666666666670      -0.91419351995721176     
  0.87000000000000011       -1.0911113734961198     
  0.87333333333333341      -0.91869908581482684     
  0.87666666666666671      -0.90191100680121761     
  0.88000000000000000       -1.1116556248154408     
  0.88333333333333341       -1.0020060932751143     
  0.88666666666666671      -0.87215677796121371     
  0.89000000000000001       -1.0709688322159396     
  0.89333333333333342       -1.0818728678846559     
  0.89666666666666672      -0.87712410252261941     
  0.90000000000000002      -0.98621848374853360     
  0.90333333333333343       -1.1314742739739672     
  0.90666666666666673      -0.94313089205483824     
  0.91000000000000003      -0.89599457326231213     
  0.91333333333333344       -1.1093155476922909     
  0.91666666666666674       -1.0529236817292815     
  0.92000000000000004      -0.86489889579865831     
  0.92333333333333334       -1.0060206623632095     
  0.92666666666666675       -1.1342476213052237     
  0.93000000000000005      -0.93971723296301424     
  0.93333333333333335      -0.88729715801989406     
  0.93666666666666676       -1.1022533049633496     
  0.94000000000000006       -1.0785645005229576     
  0.94333333333333336      -0.87074557237797190     
  0.94666666666666677      -0.96051167604564736     
  0.95000000000000007       -1.1422257090788219     
  0.95333333333333337       -1.0012776515849551     
  0.95666666666666678      -0.85584739095273032     
  0.96000000000000008       -1.0324776421435180     
  0.96333333333333337       -1.1387374689974386     
  0.96666666666666667      -0.93987754413739677     
  0.97000000000000008      -0.87047845275775459     
  0.97333333333333338       -1.0813779080098838     
  0.97666666666666668       -1.1194385802095312     
  0.98000000000000009      -0.90324856450481283     
  0.98333333333333339      -0.88931702955921699     
  0.98666666666666669       -1.1070426109323825     
  0.99000000000000010       -1.1047570900737322     
  0.99333333333333340      -0.88701570773309724     
  0.99666666666666670      -0.89741535010415507     
