   0.0000000000000000       0.67200392975596768     
   3.3333333333333335E-003   1.0828164643536149     
   6.6666666666666671E-003   1.2265152727519935     
   1.0000000000000000E-002  0.93815354274161900     
   1.3333333333333334E-002   1.0734579535437621     
   1.6666666666666666E-002   1.1613082321762433     
   2.0000000000000000E-002  0.82806092796900344     
   2.3333333333333334E-002  0.75434270672352854     
   2.6666666666666668E-002  0.92838229739340039     
   3.0000000000000002E-002   1.1684952735087881     
   3.3333333333333333E-002   1.3385396509767538     
   3.6666666666666667E-002  0.98963888153602297     
   4.0000000000000001E-002  0.71930676285315143     
   4.3333333333333335E-002   1.0107521948367413     
   4.6666666666666669E-002   1.0079282388642661     
   5.0000000000000003E-002  0.79820213848918620     
   5.3333333333333337E-002   1.0724807027678047     
   5.6666666666666671E-002   1.2864692911593600     
   6.0000000000000005E-002   1.1421798499000455     
   6.3333333333333339E-002  0.94112435182452447     
   6.6666666666666666E-002  0.68894764882011406     
   7.0000000000000007E-002  0.78770092955840443     
   7.3333333333333334E-002   1.2095223698847790     
   7.6666666666666675E-002   1.1299206621567119     
   8.0000000000000002E-002  0.91569606777898827     
   8.3333333333333343E-002   1.1790588708991572     
   8.6666666666666670E-002   1.1867345466766872     
   9.0000000000000011E-002  0.79836041819368664     
   9.3333333333333338E-002  0.72090212686356880     
   9.6666666666666679E-002  0.85954458565497882     
  0.10000000000000001        1.0806953481932844     
  0.10333333333333335        1.3282388268254992     
  0.10666666666666667        1.1381591256852130     
  0.11000000000000000       0.83286337336596605     
  0.11333333333333334        1.0522646258229811     
  0.11666666666666667        1.0577558909047762     
  0.12000000000000001       0.69605995857066405     
  0.12333333333333334       0.73137436326110894     
  0.12666666666666668        1.1630235617411142     
  0.13000000000000000        1.2227698038203874     
  0.13333333333333333        1.2738346195917334     
  0.13666666666666669        1.0187620842687757     
  0.14000000000000001       0.83298708069821592     
  0.14333333333333334       0.82677539621494700     
  0.14666666666666667        1.1348608628478034     
  0.15000000000000002       0.67796546882011288     
  0.15333333333333335       0.84636471116574086     
  0.15666666666666668        1.1422481350123395     
  0.16000000000000000        1.4921116148511646     
  0.16333333333333333        1.0177989802484952     
  0.16666666666666669        1.0965209014092767     
  0.17000000000000001       0.75066656432797196     
  0.17333333333333334       0.87160285946143556     
  0.17666666666666667       0.92355113837300129     
  0.18000000000000002       0.94011532398162734     
  0.18333333333333335       0.71978479895672320     
  0.18666666666666668        1.0634371576873614     
  0.19000000000000000        1.5532349844324393     
  0.19333333333333336        1.1696917749110098     
  0.19666666666666668        1.0184824832246870     
  0.20000000000000001       0.85298840647767649     
  0.20333333333333334       0.95280020125268861     
  0.20666666666666669       0.77310706158976406     
  0.21000000000000002       0.91316035280994601     
  0.21333333333333335       0.78566515446179508     
  0.21666666666666667       0.73141206362585920     
  0.22000000000000000        1.3482792391224021     
  0.22333333333333336        1.4337891078247362     
  0.22666666666666668        1.2200908975479983     
  0.23000000000000001       0.90076480721606000     
  0.23333333333333334        1.1294349676193653     
  0.23666666666666669        1.0325182111514835     
  0.24000000000000002       0.75201513706364531     
  0.24333333333333335       0.82158317016020321     
  0.24666666666666667       0.54612216206924435     
  0.25000000000000000       0.72495092018332341     
  0.25333333333333335        1.0982610852796852     
  0.25666666666666671        1.3606996191243865     
  0.26000000000000001        1.1455384035593754     
  0.26333333333333336       0.99097154113294295     
  0.26666666666666666        1.4878251749194940     
  0.27000000000000002        1.3575914165582317     
  0.27333333333333337        1.1111047400026313     
  0.27666666666666667       0.94362301478069122     
  0.28000000000000003       0.66716936342861144     
  0.28333333333333333       0.61904455083181131     
  0.28666666666666668       0.64093262544118201     
  0.29000000000000004       0.90529196407391066     
  0.29333333333333333       0.62938617427825083     
  0.29666666666666669       0.44957764428300606     
  0.30000000000000004        1.0715038562852188     
  0.30333333333333334        1.3260624805276269     
  0.30666666666666670        1.3715662458005848     
  0.31000000000000000        1.3711932993558305     
  0.31333333333333335        1.4318959804765576     
  0.31666666666666671        1.5467220699529969     
  0.32000000000000001        1.4407089518128045     
  0.32333333333333336        1.6778747724176328     
  0.32666666666666666        1.4585039514901914     
  0.33000000000000002       0.79170696407361185     
  0.33333333333333337       0.80195729773261348     
  0.33666666666666667       0.86446321279079474     
  0.34000000000000002       0.67630639610091914     
  0.34333333333333338       0.26197264702176365     
  0.34666666666666668       -9.3402568758825452E-002
  0.35000000000000003       -7.9935565802818576E-002
  0.35333333333333333      -0.37261252644039056     
  0.35666666666666669      -0.42378666399905457     
  0.36000000000000004      -0.21404427419096092     
  0.36333333333333334      -0.67278746245819698     
  0.36666666666666670       -1.0090780967507202     
  0.37000000000000005      -0.88879197295817292     
  0.37333333333333335      -0.68665596226390690     
  0.37666666666666671      -0.64680404071758546     
  0.38000000000000000       -1.0241186153943922     
  0.38333333333333336       -1.0440082257552623     
  0.38666666666666671      -0.90930766630856263     
  0.39000000000000001       -1.1520039887749127     
  0.39333333333333337      -0.92991337705237642     
  0.39666666666666667      -0.67981580244797701     
  0.40000000000000002      -0.98115531785632637     
  0.40333333333333338       -1.2112480335850901     
  0.40666666666666668       -1.2099717864499016     
  0.41000000000000003      -0.87625658282160812     
  0.41333333333333339      -0.72198182598758698     
  0.41666666666666669       -1.0841068275445105     
  0.42000000000000004       -1.0440346942383993     
  0.42333333333333334      -0.94675701678720137     
  0.42666666666666669       -1.2288280477569971     
  0.43000000000000005       -1.0577306977661598     
  0.43333333333333335      -0.75331407849550369     
  0.43666666666666670      -0.81817834624239505     
  0.44000000000000000       -1.0493916590974224     
  0.44333333333333336       -1.3198862935697697     
  0.44666666666666671       -1.0839433809801233     
  0.45000000000000001      -0.74067671203788787     
  0.45333333333333337      -0.98986680180739628     
  0.45666666666666672       -1.0101851390302239     
  0.46000000000000002      -0.84029236690820941     
  0.46333333333333337       -1.1380784321794537     
  0.46666666666666667       -1.2485676587770704     
  0.47000000000000003       -1.0131648344172044     
  0.47333333333333338      -0.79835945925189011     
  0.47666666666666668      -0.72042098672632038     
  0.48000000000000004       -1.0961996401586058     
  0.48333333333333334       -1.3097028569205245     
  0.48666666666666669      -0.95318851529493320     
  0.49000000000000005      -0.95433331357283002     
  0.49333333333333335       -1.1064126675841095     
  0.49666666666666670      -0.81632619762172443     
  0.50000000000000000      -0.78880890675970283     
  0.50333333333333341       -1.0805441908041598     
  0.50666666666666671       -1.2315679155344494     
  0.51000000000000001       -1.2254538910145694     
  0.51333333333333342      -0.87090131750718447     
  0.51666666666666672      -0.66575066156262963     
  0.52000000000000002       -1.0389631877850725     
  0.52333333333333332       -1.1050801756601318     
  0.52666666666666673      -0.89298553879628750     
  0.53000000000000003       -1.1437596987823533     
  0.53333333333333333       -1.2520131030011421     
  0.53666666666666674      -0.93527478757813876     
  0.54000000000000004      -0.76635611948975257     
  0.54333333333333333      -0.76851194618629182     
  0.54666666666666675       -1.0189130429363065     
  0.55000000000000004       -1.3364328501719074     
  0.55333333333333334       -1.0959975930005701     
  0.55666666666666675      -0.85411150280293358     
  0.56000000000000005       -1.0941561606832817     
  0.56333333333333335      -0.99873827191414499     
  0.56666666666666665      -0.67977219718269222     
  0.57000000000000006      -0.88257537471253544     
  0.57333333333333336       -1.1853949863378734     
  0.57666666666666666       -1.2522835730423840     
  0.58000000000000007       -1.1830925386004749     
  0.58333333333333337      -0.85011673979632196     
  0.58666666666666667      -0.73050976535094891     
  0.59000000000000008       -1.0435385601672662     
  0.59333333333333338      -0.99517198017088637     
  0.59666666666666668      -0.78511425609644880     
  0.60000000000000009       -1.1295151060800326     
  0.60333333333333339       -1.3851457819456245     
  0.60666666666666669       -1.0945545815366680     
  0.60999999999999999      -0.86281840865965698     
  0.61333333333333340      -0.75661119117884201     
  0.61666666666666670      -0.79686720729303695     
  0.62000000000000000       -1.0732776092409051     
  0.62333333333333341       -1.1381250082674548     
  0.62666666666666671      -0.89593003896677659     
  0.63000000000000000       -1.1775041472155678     
  0.63333333333333341       -1.3490543230871213     
  0.63666666666666671      -0.99218457315762010     
  0.64000000000000001      -0.58852595120419215     
  0.64333333333333342      -0.85346570808963007     
  0.64666666666666672      -0.87312184405698190     
  0.65000000000000002       -1.1436847688035627     
  0.65333333333333332       -1.0945279112845276     
  0.65666666666666673       -1.1397588963591712     
  0.66000000000000003      -0.96693509143577516     
  0.66333333333333333       -1.4196476240042468     
  0.66666666666666674      -0.91036056298782486     
  0.67000000000000004      -0.64553821989756976     
  0.67333333333333334      -0.61339576810591845     
  0.67666666666666675       -1.1341274124876681     
  0.68000000000000005      -0.99325743803737443     
  0.68333333333333335       -1.1121958446428133     
  0.68666666666666676       -1.1635715958724442     
  0.69000000000000006       -1.0860266525164477     
  0.69333333333333336       -1.2629203779697047     
  0.69666666666666666       -1.1158675201790709     
  0.70000000000000007      -0.80195754835878974     
  0.70333333333333337      -0.41218036303498995     
  0.70666666666666667      -0.98102890693152578     
  0.71000000000000008       -1.0495186722399708     
  0.71333333333333337      -0.94352184022957997     
  0.71666666666666667       -1.0319657531890150     
  0.72000000000000008       -1.1967650051029373     
  0.72333333333333338       -1.3386710314002690     
  0.72666666666666668       -1.2067794331872250     
  0.73000000000000009       -1.2328893916808517     
  0.73333333333333339      -0.65309781310986348     
  0.73666666666666669      -0.61501480423501032     
  0.74000000000000010      -0.95734786722513121     
  0.74333333333333340      -0.88786852427130170     
  0.74666666666666670      -0.71783122954593281     
  0.75000000000000000      -0.72495092018332574     
  0.75333333333333341       -1.2699701527563729     
  0.75666666666666671       -1.2944142650132906     
  0.76000000000000001       -1.3508711337208610     
  0.76333333333333342       -1.4084749480494174     
  0.76666666666666672       -1.0114880204099925     
  0.77000000000000002       -1.0254668320934437     
  0.77333333333333343       -1.0977932756418578     
  0.77666666666666673       -1.0387410912051538     
  0.78000000000000003      -0.51565512940914593     
  0.78333333333333344      -0.31849086126865378     
  0.78666666666666674      -0.79878931120896834     
  0.79000000000000004      -0.76893364464388136     
  0.79333333333333333      -0.83730801962001355     
  0.79666666666666675      -0.99019748250070405     
  0.80000000000000004       -1.0204729981663294     
  0.80333333333333334       -1.2286774435732477     
  0.80666666666666675       -1.4647948488592841     
  0.81000000000000005       -1.8384016312718248     
  0.81333333333333335       -1.5320304186616334     
  0.81666666666666676       -1.1543110242669135     
  0.82000000000000006       -1.4938510658685533     
  0.82333333333333336       -1.4672984983029693     
  0.82666666666666677       -1.2002968601346722     
  0.83000000000000007      -0.89683530850401694     
  0.83333333333333337      -0.61579695931115996     
  0.83666666666666667      -0.46261456903504206     
  0.84000000000000008      -0.15112987268553132     
  0.84333333333333338      -0.26446188567493539     
  0.84666666666666668      -0.15476063135995718     
  0.85000000000000009       0.54565486578626987     
  0.85333333333333339       0.63435154523121040     
  0.85666666666666669       0.45047697587374258     
  0.86000000000000010       0.45850540368498549     
  0.86333333333333340       0.64620995134704140     
  0.86666666666666670       0.93385839325533260     
  0.87000000000000011       0.84352631635334863     
  0.87333333333333341       0.95374948503824664     
  0.87666666666666671        1.0535546857239313     
  0.88000000000000000       0.64690096472415004     
  0.88333333333333341       0.78311954214352542     
  0.88666666666666671        1.2049611009527010     
  0.89000000000000001        1.1819590240686026     
  0.89333333333333342       0.97351792120092961     
  0.89666666666666672       0.73672275756810457     
  0.90000000000000002       0.93233555996957884     
  0.90333333333333343        1.1368177040265643     
  0.90666666666666673       0.93570193314259154     
  0.91000000000000003        1.1214347247951926     
  0.91333333333333344        1.1782066073133275     
  0.91666666666666674       0.75516469644167517     
  0.92000000000000004       0.77663822341691369     
  0.92333333333333334        1.0691199276728747     
  0.92666666666666675        1.2529554313039060     
  0.93000000000000005        1.1526051429202915     
  0.93333333333333335       0.76248953013292564     
  0.93666666666666676       0.87579226633202245     
  0.94000000000000006        1.0974153483141866     
  0.94333333333333336       0.88752850521334170     
  0.94666666666666677        1.0604264907473584     
  0.95000000000000007        1.2789074237206086     
  0.95333333333333337       0.97888199773535955     
  0.95666666666666678       0.76794489037977409     
  0.96000000000000008       0.79324301027160549     
  0.96333333333333337        1.0837143382215697     
  0.96666666666666667        1.3350942067526821     
  0.97000000000000008       0.98842925969077100     
  0.97333333333333338       0.83375621784900411     
  0.97666666666666668        1.0711584556629261     
  0.98000000000000009       0.88529738034254080     
  0.98333333333333339       0.81414528630691241     
  0.98666666666666669        1.1557451513315140     
  0.99000000000000010        1.2416336618457817     
  0.99333333333333340        1.1013600248016535     
  0.99666666666666670       0.81405392407227239     
