   0.0000000000000000       -1.0742894925339230     
   3.3333333333333335E-003  -1.1328282687164386     
   6.6666666666666671E-003 -0.92828481362976945     
   1.0000000000000000E-002 -0.86333253844583557     
   1.3333333333333334E-002  -1.0646933640679759     
   1.6666666666666666E-002  -1.1422705293867315     
   2.0000000000000000E-002 -0.94719475603668091     
   2.3333333333333334E-002 -0.85130621872694467     
   2.6666666666666668E-002  -1.0355466849940624     
   3.0000000000000002E-002  -1.1545128711622181     
   3.3333333333333333E-002 -0.98734635902999934     
   3.6666666666666667E-002 -0.84245182265072349     
   4.0000000000000001E-002 -0.98396424059260290     
   4.3333333333333335E-002  -1.1556741576304830     
   4.6666666666666669E-002  -1.0488417721573646     
   5.0000000000000003E-002 -0.85537295098045685     
   5.3333333333333337E-002 -0.91405999231124713     
   5.6666666666666671E-002  -1.1254078933096356     
   6.0000000000000005E-002  -1.1173636595712060     
   6.3333333333333339E-002 -0.91414030568377236     
   6.6666666666666666E-002 -0.84613615218771299     
   7.0000000000000007E-002  -1.0509399079042803     
   7.3333333333333334E-002  -1.1502921097113736     
   7.6666666666666675E-002  -1.0342739768211502     
   8.0000000000000002E-002 -0.81532511751029635     
   8.3333333333333343E-002 -0.95934318489050863     
   8.6666666666666670E-002  -1.0794147550717794     
   9.0000000000000011E-002  -1.1945695238292320     
   9.3333333333333338E-002 -0.84780315202577228     
   9.6666666666666679E-002 -0.93420260281743450     
  0.10000000000000001      -0.87994950442564424     
  0.10333333333333335       -1.2933950883801422     
  0.10666666666666667      -0.94529357425085248     
  0.11000000000000000       -1.0217788529233913     
  0.11333333333333334      -0.71878345374065067     
  0.11666666666666667       -1.1486538929503367     
  0.12000000000000001       -1.0965055288047063     
  0.12333333333333334       -1.0909721552471314     
  0.12666666666666668      -0.88180525514618380     
  0.13000000000000000      -0.79076235374905235     
  0.13333333333333333       -1.1476896193627879     
  0.13666666666666669       -1.0598934417858255     
  0.14000000000000001       -1.1725256368524337     
  0.14333333333333334      -0.79936699626866348     
  0.14666666666666667      -0.85915395469705791     
  0.15000000000000002       -1.0612258852430840     
  0.15333333333333335       -1.0848318898463349     
  0.15666666666666668       -1.2158125686336763     
  0.16000000000000000      -0.81356719472441164     
  0.16333333333333333      -0.86737410635736045     
  0.16666666666666669      -0.96949979518669993     
  0.17000000000000001       -1.0666412069352142     
  0.17333333333333334       -1.2689790054181915     
  0.17666666666666667      -0.90284389276746457     
  0.18000000000000002      -0.86834832682682683     
  0.18333333333333335      -0.89032682249941442     
  0.18666666666666668      -0.95788745274900489     
  0.19000000000000000       -1.2872566688388554     
  0.19333333333333336       -1.0548056098299858     
  0.19666666666666668      -0.92418074491446733     
  0.20000000000000001      -0.88333109793471964     
  0.20333333333333334      -0.78433386858615595     
  0.20666666666666669       -1.1585523064423668     
  0.21000000000000002       -1.1913891594352979     
  0.21333333333333335       -1.0416015717331382     
  0.21666666666666667       -1.0257118825213565     
  0.22000000000000000      -0.73177908152034632     
  0.22333333333333336      -0.86070082577307994     
  0.22666666666666668       -1.1426633755747355     
  0.23000000000000001       -1.0925999598735254     
  0.23333333333333334       -1.2080953338541460     
  0.23666666666666669       -1.0210465058507356     
  0.24000000000000002      -0.71754667933067207     
  0.24333333333333335      -0.89610191109423853     
  0.24666666666666667      -0.95018380648804412     
  0.25000000000000000       -1.0620011039675936     
  0.25333333333333335       -1.3211962343406045     
  0.25666666666666671       -1.0775921437055933     
  0.26000000000000001      -0.87789246320982139     
  0.26333333333333336      -0.89955312982951730     
  0.26666666666666666      -0.73279478749281945     
  0.27000000000000002      -0.92251256224427014     
  0.27333333333333337       -1.2464440562767107     
  0.27666666666666667       -1.1510490432143496     
  0.28000000000000003       -1.1563001505901060     
  0.28333333333333333       -1.0994009694266096     
  0.28666666666666668      -0.72978209028745555     
  0.29000000000000004      -0.74127610250859122     
  0.29333333333333333      -0.93253389250687924     
  0.29666666666666669      -0.91855268580619431     
  0.30000000000000004       -1.1756840267062685     
  0.30333333333333334       -1.3725517693360016     
  0.30666666666666670       -1.1161016277672424     
  0.31000000000000000       -1.0080469521555344     
  0.31333333333333335      -0.95410709043150643     
  0.31666666666666671      -0.64599523949861415     
  0.32000000000000001      -0.68138552168621302     
  0.32333333333333336      -0.97550359369522288     
  0.32666666666666666       -1.0012671394447463     
  0.33000000000000002       -1.1593716773473990     
  0.33333333333333337       -1.4420014025858874     
  0.33666666666666667       -1.2806534717986071     
  0.34000000000000002       -1.0534938305127333     
  0.34333333333333338       -1.0518362769573877     
  0.34666666666666668      -0.79001011133202814     
  0.35000000000000003      -0.50763315564912848     
  0.35333333333333333      -0.66093645952215085     
  0.35666666666666669      -0.77509627278916382     
  0.36000000000000004      -0.75229032570214227     
  0.36333333333333334       -1.0803267080381347     
  0.36666666666666670       -1.4233892091873850     
  0.37000000000000005       -1.3974317006382393     
  0.37333333333333335       -1.4742775617329693     
  0.37666666666666671       -1.6593410361708314     
  0.38000000000000000       -1.4417802817510750     
  0.38333333333333336       -1.1236324076583646     
  0.38666666666666671       -1.0699203387053722     
  0.39000000000000001      -0.82609817027735732     
  0.39333333333333337      -0.33935349570531831     
  0.39666666666666667      -0.14599272130722807     
  0.40000000000000002       -6.6792729737119236E-002
  0.40333333333333338       0.30695966798519325     
  0.40666666666666668       0.57781720885131305     
  0.41000000000000003       0.51884208882185978     
  0.41333333333333339       0.62819197841725849     
  0.41666666666666669       0.91832063197779301     
  0.42000000000000004       0.89965514339501174     
  0.42333333333333334       0.77078555529654325     
  0.42666666666666669       0.95000553082804229     
  0.43000000000000005        1.0927100681403294     
  0.43333333333333335       0.91701095032182700     
  0.43666666666666670       0.86814967252327557     
  0.44000000000000000        1.0837190241425418     
  0.44333333333333336        1.0834884946814995     
  0.44666666666666671       0.87699686432814339     
  0.45000000000000001       0.93864968076011934     
  0.45333333333333337        1.1338992907002643     
  0.45666666666666672        1.0281187544002248     
  0.46000000000000002       0.85702030132053097     
  0.46333333333333337       0.99888271084592095     
  0.46666666666666667        1.1439745772235084     
  0.47000000000000003       0.97691769806381179     
  0.47333333333333338       0.85801155545899976     
  0.47666666666666668        1.0422844462681247     
  0.48000000000000004        1.1381902603710288     
  0.48333333333333334       0.94312355865004105     
  0.48666666666666669       0.86555111891127690     
  0.49000000000000005        1.0669143228314761     
  0.49333333333333335        1.1318678883422351     
  0.49666666666666670       0.92732489589721379     
  0.50000000000000000       0.86878672091222642     
  0.50333333333333341        1.0742895618118631     
  0.50666666666666671        1.1328286825590277     
  0.51000000000000001       0.92828426964415334     
  0.51333333333333342       0.86333371208680099     
  0.51666666666666672        1.0646911910434398     
  0.52000000000000002        1.1422746319687824     
  0.52333333333333332       0.94718718216226128     
  0.52666666666666673       0.85132002823761255     
  0.53000000000000003        1.0355218902894741     
  0.53333333333333333        1.1545567196751159     
  0.53666666666666674       0.98727002823740229     
  0.54000000000000004       0.84258255883806177     
  0.54333333333333333       0.98374404798515613     
  0.54666666666666675        1.1560386274255627     
  0.55000000000000004        1.0482492789883919     
  0.55333333333333334       0.85631819875238036     
  0.55666666666666675       0.91258127549507073     
  0.56000000000000005        1.1276740400368579     
  0.56333333333333335        1.1139652205883677     
  0.56666666666666665       0.91912118678405175     
  0.57000000000000006       0.83901230338414967     
  0.57333333333333336        1.0608646614723183     
  0.57666666666666666        1.1368533954258191     
  0.58000000000000007        1.0519106306136756     
  0.58333333333333337       0.79297286521938004     
  0.58666666666666667       0.98656697237729996     
  0.59000000000000008        1.0477714583612014     
  0.59333333333333338        1.2293023937711178     
  0.59666666666666668       0.81242889979761213     
  0.60000000000000009       0.96652264252268694     
  0.60333333333333339       0.85554114792425762     
  0.60666666666666669        1.3042789207387393     
  0.60999999999999999       0.95349976706776485     
  0.61333333333333340       0.99016132319935135     
  0.61666666666666670       0.77542658870281889     
  0.62000000000000000        1.0695194642622579     
  0.62333333333333341        1.1904675064042538     
  0.62666666666666671       0.99497606116965776     
  0.63000000000000000       0.96334575243254883     
  0.63333333333333341       0.74081789291824129     
  0.63666666666666671        1.1525945687009791     
  0.64000000000000001        1.1050513837387494     
  0.64333333333333342        1.0843226759517635     
  0.64666666666666672       0.91072469545286849     
  0.65000000000000002       0.75415279249373501     
  0.65333333333333332        1.1282438319096091     
  0.65666666666666673        1.0792838483203804     
  0.66000000000000003        1.1543443813607814     
  0.66333333333333333       0.92443935020485379     
  0.66666666666666674       0.74501882863340407     
  0.67000000000000004        1.0569768066345260     
  0.67333333333333334        1.0509130459279039     
  0.67666666666666675        1.2028409292522533     
  0.68000000000000005        1.0259492525441434     
  0.68333333333333335       0.74136682322767178     
  0.68666666666666676       0.96170575106470402     
  0.69000000000000006       0.97928912434565552     
  0.69333333333333336        1.1799164398551858     
  0.69666666666666666        1.1957272959815999     
  0.70000000000000007       0.82412550761513848     
  0.70333333333333337       0.88538542838816525     
  0.70666666666666667       0.88524201566123883     
  0.71000000000000008        1.0101950501991750     
  0.71333333333333337        1.2991069666584716     
  0.71666666666666667        1.0430501756145698     
  0.72000000000000008       0.91213120987758922     
  0.72333333333333338       0.88689816832847945     
  0.72666666666666668       0.76698713927590101     
  0.73000000000000009        1.1082724950739440     
  0.73333333333333339        1.2350612914062040     
  0.73666666666666669        1.0570305110706055     
  0.74000000000000010        1.0692543820302192     
  0.74333333333333340       0.81191303783973723     
  0.74666666666666670       0.72765189702690447     
  0.75000000000000000        1.0620011039675927     
  0.75333333333333341        1.0986643248794670     
  0.75666666666666671        1.1617810169600913     
  0.76000000000000001        1.2296001659093676     
  0.76333333333333342       0.86356912460964741     
  0.76666666666666672       0.75976074504488011     
  0.77000000000000002       0.90684002704385125     
  0.77333333333333343       0.87076781997787667     
  0.77666666666666673        1.1248517006589482     
  0.78000000000000003        1.3366522789473505     
  0.78333333333333344        1.0820626763333963     
  0.78666666666666674       0.98728748521278931     
  0.79000000000000004       0.92247021174471322     
  0.79333333333333333       0.65922360172575301     
  0.79666666666666675       0.81750112600418501     
  0.80000000000000004        1.1164784363866858     
  0.80333333333333334        1.1010052182688654     
  0.80666666666666675        1.2412124577924386     
  0.81000000000000005        1.3160144966487310     
  0.81333333333333335       0.95792538874720312     
  0.81666666666666676       0.79495523877035557     
  0.82000000000000006       0.83898644740352968     
  0.82333333333333336       0.67550655721043518     
  0.82666666666666677       0.78320117995445782     
  0.83000000000000007        1.1690360776480861     
  0.83333333333333337        1.2175204360325933     
  0.83666666666666667        1.2235882279511128     
  0.84000000000000008        1.3942710171491026     
  0.84333333333333338        1.1883649972706856     
  0.84666666666666668       0.83342205339530340     
  0.85000000000000009       0.81470624839847738     
  0.85333333333333339       0.71250720027796188     
  0.85666666666666669       0.49014059310606384     
  0.86000000000000010       0.68481607258845956     
  0.86333333333333340       0.98762558112297805     
  0.86666666666666670        1.0165174827428363     
  0.87000000000000011        1.2248483019547440     
  0.87333333333333341        1.5874483677564439     
  0.87666666666666671        1.5598456850137075     
  0.88000000000000000        1.4147942172086241     
  0.88333333333333341        1.4968597119058806     
  0.88666666666666671        1.3412982081640723     
  0.89000000000000001       0.89437725613298402     
  0.89333333333333342       0.69833884219320641     
  0.89666666666666672       0.58384666176311295     
  0.90000000000000002       0.15336586783416206     
  0.90333333333333343      -0.18518596496536877     
  0.90666666666666673      -0.19631796710596397     
  0.91000000000000003      -0.37204402335383002     
  0.91333333333333344      -0.72103976111173607     
  0.91666666666666674      -0.75195031230666165     
  0.92000000000000004      -0.66306963029163568     
  0.92333333333333334      -0.87336497390121293     
  0.92666666666666675       -1.0394329790670938     
  0.93000000000000005      -0.88078246362019541     
  0.93333333333333335      -0.84402591572548813     
  0.93666666666666676       -1.0679745874278712     
  0.94000000000000006       -1.0734086436768893     
  0.94333333333333336      -0.87066187686693253     
  0.94666666666666677      -0.93473865788700927     
  0.95000000000000007       -1.1315260087680521     
  0.95333333333333337       -1.0267024354320653     
  0.95666666666666678      -0.85618864475489775     
  0.96000000000000008      -0.99840198307507100     
  0.96333333333333337       -1.1437009164325962     
  0.96666666666666667      -0.97676421657839130     
  0.97000000000000008      -0.85792671719106661     
  0.97333333333333338       -1.0422382122154457     
  0.97666666666666668       -1.1381654097034393     
  0.98000000000000009      -0.94311038443892514     
  0.98333333333333339      -0.86554422030674916     
  0.98666666666666669       -1.0669107708924512     
  0.99000000000000010       -1.1318660540297922     
  0.99333333333333340      -0.92732401941297626     
  0.99666666666666670      -0.86878618899263915     
