   0.0000000000000000       0.83756090264579863     
   3.3333333333333335E-003  0.96363535223942764     
   6.6666666666666671E-003   1.0276809998251033     
   1.0000000000000000E-002  0.90521898121340016     
   1.3333333333333334E-002   1.1973290888925940     
   1.6666666666666666E-002   1.3252567402701374     
   2.0000000000000000E-002  0.81242371933036428     
   2.3333333333333334E-002  0.66848760742462221     
   2.6666666666666668E-002  0.95672636636174535     
   3.0000000000000002E-002   1.0814274696883779     
   3.3333333333333333E-002   1.1617746207338528     
   3.6666666666666667E-002   1.0736308520284858     
   4.0000000000000001E-002  0.97379895830095509     
   4.3333333333333335E-002   1.1215918918863170     
   4.6666666666666669E-002  0.89987537688263930     
   5.0000000000000003E-002  0.59353621091620457     
   5.3333333333333337E-002  0.99382525783341014     
   5.6666666666666671E-002   1.3392446997386873     
   6.0000000000000005E-002   1.1509866676171290     
   6.3333333333333339E-002   1.0130917475095758     
   6.6666666666666666E-002  0.91631435937279160     
   7.0000000000000007E-002  0.87245824938954220     
   7.3333333333333334E-002  0.98735103532626167     
   7.6666666666666675E-002  0.85201542467659430     
   8.0000000000000002E-002  0.84418938586334247     
   8.3333333333333343E-002   1.3269297232078661     
   8.6666666666666670E-002   1.3682717428948514     
   9.0000000000000011E-002  0.88987215006415088     
   9.3333333333333338E-002  0.79156838588262879     
   9.6666666666666679E-002  0.89414298160215322     
  0.10000000000000001       0.89749096728787714     
  0.10333333333333335        1.0053649609993900     
  0.10666666666666667        1.0001277659576135     
  0.11000000000000000        1.0328010240484065     
  0.11333333333333334        1.3556230740900814     
  0.11666666666666667        1.2357233785254600     
  0.12000000000000001       0.68865612061356296     
  0.12333333333333334       0.68549256354170784     
  0.12666666666666668       0.99286470222884948     
  0.13000000000000000       0.97095172410814279     
  0.13333333333333333        1.0043371619511003     
  0.13666666666666669        1.1025527404852742     
  0.14000000000000001        1.1317942770874785     
  0.14333333333333334        1.2483046778768156     
  0.14666666666666667        1.2011515335892411     
  0.15000000000000002       0.64852201620210448     
  0.15333333333333335       0.62277012324443670     
  0.15666666666666668       0.97557968780427240     
  0.16000000000000000        1.1047980709255525     
  0.16333333333333333       0.86684437612535037     
  0.16666666666666669        1.1725798694751106     
  0.17000000000000001        1.1528630269033393     
  0.17333333333333334        1.3149849682334449     
  0.17666666666666667        1.1044037108371803     
  0.18000000000000002       0.95854764519830793     
  0.18333333333333335       0.42505863111039266     
  0.18666666666666668       0.94339766780896717     
  0.19000000000000000       0.98401020162811392     
  0.19333333333333336       0.95869407707133469     
  0.19666666666666668       0.80783917287569351     
  0.20000000000000001        1.2946823392098894     
  0.20333333333333334        1.3169246492896030     
  0.20666666666666669        1.2741695141275666     
  0.21000000000000002        1.2024197490532493     
  0.21333333333333335       0.75153755099686492     
  0.21666666666666667       0.74829800318328876     
  0.22000000000000000       0.85649720190437229     
  0.22333333333333336        1.0000010482935977     
  0.22666666666666668       0.50395411933928858     
  0.23000000000000001       0.78085981429765261     
  0.23333333333333334        1.1866472558175984     
  0.23666666666666669        1.2870528090927451     
  0.24000000000000002        1.3611654585077022     
  0.24333333333333335        1.2433695946521992     
  0.24666666666666667        1.2151849565376809     
  0.25000000000000000       0.98831502682459704     
  0.25333333333333335        1.2751028935098774     
  0.25666666666666671       0.99118902282536814     
  0.26000000000000001       0.43051162809832372     
  0.26333333333333336       0.50693780554142553     
  0.26666666666666666       0.69685899457847500     
  0.27000000000000002       0.86776352593398642     
  0.27333333333333337       0.68342101273502143     
  0.27666666666666667       0.91849091065980026     
  0.28000000000000003        1.0420319025156475     
  0.28333333333333333        1.1114811278333523     
  0.28666666666666668        1.6746702608293411     
  0.29000000000000004        1.6574286690343911     
  0.29333333333333333        1.4126919375837474     
  0.29666666666666669        1.2826021137560555     
  0.30000000000000004        1.5277796808153037     
  0.30333333333333334        1.6053209157054713     
  0.30666666666666670        1.0608128590975945     
  0.31000000000000000       0.95095080734406789     
  0.31333333333333335       0.69389891966529649     
  0.31666666666666671       0.35763306708897036     
  0.32000000000000001       0.41656141463666968     
  0.32333333333333336       0.28854544928380049     
  0.32666666666666666       -1.8487686260642566E-002
  0.33000000000000002      -0.56750356865878393     
  0.33333333333333337      -0.54942461382790553     
  0.33666666666666667      -0.23132323389735976     
  0.34000000000000002      -0.59441865209192379     
  0.34333333333333338      -0.74826295309794844     
  0.34666666666666668      -0.79958049232917694     
  0.35000000000000003      -0.97740361875808868     
  0.35333333333333333      -0.93149985421280113     
  0.35666666666666669      -0.85013764257024438     
  0.36000000000000004      -0.65472166933027698     
  0.36333333333333334      -0.97357265765216727     
  0.36666666666666670       -1.3578573783090928     
  0.37000000000000005      -0.94739289309575347     
  0.37333333333333335      -0.80033230102476904     
  0.37666666666666671      -0.94165717058481369     
  0.38000000000000000      -0.95545483624978877     
  0.38333333333333336       -1.0634578708850742     
  0.38666666666666671       -1.0596055601746801     
  0.39000000000000001       -1.1535094879314065     
  0.39333333333333337      -0.96552487783215402     
  0.39666666666666667      -0.61232753645670135     
  0.40000000000000002       -1.0322776326828349     
  0.40333333333333338       -1.3152566388187839     
  0.40666666666666668       -1.0395585509893055     
  0.41000000000000003      -0.93597765044175685     
  0.41333333333333339      -0.88084781399808143     
  0.41666666666666669      -0.95401600134289322     
  0.42000000000000004      -0.98963257638814728     
  0.42333333333333334      -0.96896695971260061     
  0.42666666666666669       -1.2871088528158803     
  0.43000000000000005       -1.1203905445515534     
  0.43333333333333335      -0.63091633017314119     
  0.43666666666666670      -0.85177545911709229     
  0.44000000000000000       -1.1412283600027784     
  0.44333333333333336       -1.1425996784973433     
  0.44666666666666671       -1.0858653209727793     
  0.45000000000000001      -0.92545625772244589     
  0.45333333333333337      -0.99231044522334955     
  0.45666666666666672      -0.93066734495627856     
  0.46000000000000002      -0.73533369202432675     
  0.46333333333333337       -1.1532461454213783     
  0.46666666666666667       -1.3792167955728123     
  0.47000000000000003      -0.95383537633673987     
  0.47333333333333338      -0.79069995990035435     
  0.47666666666666668      -0.86774760776048809     
  0.48000000000000004      -0.98936022829447001     
  0.48333333333333334       -1.1223449191963337     
  0.48666666666666669       -1.0021234651283302     
  0.49000000000000005       -1.0995989817220597     
  0.49333333333333335       -1.2133809845020465     
  0.49666666666666670      -0.75418014401505584     
  0.50000000000000000      -0.65005054818099717     
  0.50333333333333341       -1.1101565735619192     
  0.50666666666666671       -1.2209185883599050     
  0.51000000000000001       -1.1206582874519768     
  0.51333333333333342       -1.0063893754108990     
  0.51666666666666672      -0.87827333162654297     
  0.52000000000000002      -0.99118613866344130     
  0.52333333333333332      -0.90685752918298057     
  0.52666666666666673      -0.75486600640824397     
  0.53000000000000003       -1.1903734949476457     
  0.53333333333333333       -1.4032051955521840     
  0.53666666666666674      -0.97181588789459639     
  0.54000000000000004      -0.79098831879290166     
  0.54333333333333333      -0.86999189125935716     
  0.54666666666666675      -0.92181269528524534     
  0.55000000000000004       -1.0604819427336416     
  0.55333333333333334       -1.0182278081903300     
  0.55666666666666675       -1.0433531247157093     
  0.56000000000000005       -1.3202090148196897     
  0.56333333333333335       -1.0679473994658273     
  0.56666666666666665      -0.58760832678837815     
  0.57000000000000006      -0.79045474429248419     
  0.57333333333333336       -1.1046669377168710     
  0.57666666666666666       -1.0851739654842185     
  0.58000000000000007       -1.1176136698026307     
  0.58333333333333337       -1.0874547582293168     
  0.58666666666666667       -1.0442519247417690     
  0.59000000000000008       -1.1041455964406783     
  0.59333333333333338      -0.80594897219218631     
  0.59666666666666668      -0.56519112960253703     
  0.60000000000000009       -1.0182395163458584     
  0.60333333333333339       -1.3353830854235405     
  0.60666666666666669       -1.1016893581619995     
  0.60999999999999999       -1.0369311510958630     
  0.61333333333333340       -1.0853840820533756     
  0.61666666666666670      -0.96621192467898220     
  0.62000000000000000      -0.91350528654842844     
  0.62333333333333341      -0.77699680947366756     
  0.62666666666666671      -0.68402941300940900     
  0.63000000000000000       -1.1303028786611538     
  0.63333333333333341       -1.4341268352318415     
  0.63666666666666671       -1.1007825856868116     
  0.64000000000000001      -0.91829522840011180     
  0.64333333333333342       -1.1094460245396547     
  0.64666666666666672      -0.96614257058809316     
  0.65000000000000002      -0.80009738292974120     
  0.65333333333333332      -0.74879805840435154     
  0.65666666666666673      -0.81252071619760047     
  0.66000000000000003       -1.0258375905590800     
  0.66333333333333333       -1.4792873692628894     
  0.66666666666666674       -1.1598649140641828     
  0.67000000000000004      -0.96023500023977237     
  0.67333333333333334       -1.0076419954434110     
  0.67666666666666675       -1.2262748918116626     
  0.68000000000000005      -0.67125901452350267     
  0.68333333333333335      -0.75337555644162624     
  0.68666666666666676      -0.66492743392047671     
  0.69000000000000006       -1.0246407904027723     
  0.69333333333333336       -1.1132476896790735     
  0.69666666666666666       -1.4377128538896358     
  0.70000000000000007      -0.97856374499810983     
  0.70333333333333337       -1.0967922312252558     
  0.70666666666666667       -1.3169956529828999     
  0.71000000000000008       -1.1266011023900619     
  0.71333333333333337      -0.68514351372279636     
  0.71666666666666667      -0.55714742261147721     
  0.72000000000000008      -0.84710364246937242     
  0.72333333333333338      -0.73599011365629285     
  0.72666666666666668       -1.1001366368575003     
  0.73000000000000009       -1.0229242098556834     
  0.73333333333333339       -1.0244479828544311     
  0.73666666666666669       -1.2171588513656757     
  0.74000000000000010       -1.5837629879575459     
  0.74333333333333340       -1.4265569695439624     
  0.74666666666666670      -0.83049144205350200     
  0.75000000000000000      -0.98831502682459749     
  0.75333333333333341      -0.89040937902569683     
  0.75666666666666671      -0.80800164793360441     
  0.76000000000000001      -0.65310915754816423     
  0.76333333333333342      -0.57683176326849317     
  0.76666666666666672      -0.53465972161530606     
  0.77000000000000002      -0.62569913037595881     
  0.77333333333333343       -1.2796035302532294     
  0.77666666666666673       -1.1825018452971052     
  0.78000000000000003       -1.0326383430806476     
  0.78333333333333344       -1.3026317084051693     
  0.78666666666666674       -1.6082762235552737     
  0.79000000000000004       -1.7332473156975818     
  0.79333333333333333       -1.4555180764390825     
  0.79666666666666675       -1.5027345318204015     
  0.80000000000000004       -1.2116610866035251     
  0.80333333333333334      -0.97544723469153127     
  0.80666666666666675       -1.2153664717053405     
  0.81000000000000005      -0.91032021856940415     
  0.81333333333333335      -0.41542868577680414     
  0.81666666666666676       -2.9316141757738161E-002
  0.82000000000000006      -0.12927278396186662     
  0.82333333333333336      -0.16667426830931686     
  0.82666666666666677       0.32583065905067787     
  0.83000000000000007       0.37487554199521489     
  0.83333333333333337       0.56213956923884068     
  0.83666666666666667       0.84376622703489856     
  0.84000000000000008       0.67337913245839798     
  0.84333333333333338       0.58520398149127251     
  0.84666666666666668       0.67355255716926599     
  0.85000000000000009        1.1289789854857217     
  0.85333333333333339        1.1665088172139466     
  0.85666666666666669       0.71127898923308475     
  0.86000000000000010       0.86822071801764689     
  0.86333333333333340       0.97180250285370251     
  0.86666666666666670       0.92806770502835356     
  0.87000000000000011        1.1067440476487669     
  0.87333333333333341        1.1091675902442113     
  0.87666666666666671        1.0331614165167802     
  0.88000000000000000       0.73060567031492607     
  0.88333333333333341       0.79394641703860047     
  0.88666666666666671        1.3298445522113911     
  0.89000000000000001        1.1576396149788637     
  0.89333333333333342       0.86396328562777480     
  0.89666666666666672       0.94234566088085181     
  0.90000000000000002       0.91152908362484952     
  0.90333333333333343       0.98630478681917011     
  0.90666666666666673        1.0251779646797525     
  0.91000000000000003        1.1502510968182840     
  0.91333333333333344        1.2048676321511662     
  0.91666666666666674       0.71454103636434430     
  0.92000000000000004       0.71620829244886108     
  0.92333333333333334        1.2021255005202252     
  0.92666666666666675        1.1697929504252713     
  0.93000000000000005        1.0383870394544932     
  0.93333333333333335       0.95962236275755419     
  0.93666666666666676       0.90663111107334671     
  0.94000000000000006       0.97200601280021870     
  0.94333333333333336       0.84670810347436098     
  0.94666666666666677        1.0614627706158615     
  0.95000000000000007        1.3924019895398854     
  0.95333333333333337       0.97037312682074495     
  0.95666666666666678       0.67906734432932292     
  0.96000000000000008       0.91814433153238062     
  0.96333333333333337        1.0514311812874921     
  0.96666666666666667        1.1377862207544847     
  0.97000000000000008        1.0627814015960069     
  0.97333333333333338       0.99256031985385740     
  0.97666666666666668        1.1061175295188472     
  0.98000000000000009       0.81059780896139433     
  0.98333333333333339       0.67536151055274185     
  0.98666666666666669        1.1930631786100256     
  0.99000000000000010        1.3150382879606370     
  0.99333333333333340        1.0201433959672426     
  0.99666666666666670       0.90070136533754586     
