   0.0000000000000000      -0.83310005135506759     
   3.3333333333333335E-003 -0.93207539828403707     
   6.6666666666666671E-003  -1.1662637331564480     
   1.0000000000000000E-002  -1.0833523335109230     
   1.3333333333333334E-002 -0.84093283947452002     
   1.6666666666666666E-002 -0.89062401920543977     
   2.0000000000000000E-002  -1.1410777616983907     
   2.3333333333333334E-002  -1.1427817310576909     
   2.6666666666666668E-002 -0.89337448762825855     
   3.0000000000000002E-002 -0.82358123851649945     
   3.3333333333333333E-002  -1.0507406798022232     
   3.6666666666666667E-002  -1.1978156296356044     
   4.0000000000000001E-002  -1.0267686279957229     
   4.3333333333333335E-002 -0.81024683412535992     
   4.6666666666666669E-002 -0.88441043109930007     
   5.0000000000000003E-002  -1.1353368356024873     
   5.3333333333333337E-002  -1.1901137011667815     
   5.6666666666666671E-002 -0.97049298085361446     
   6.0000000000000005E-002 -0.78844300010946156     
   6.3333333333333339E-002 -0.89474009478465377     
   6.6666666666666666E-002  -1.1447198115881025     
   7.0000000000000007E-002  -1.2101259856685596     
   7.3333333333333334E-002  -1.0088119072706514     
   7.6666666666666675E-002 -0.79223073325989779     
   8.0000000000000002E-002 -0.82151275031883053     
   8.3333333333333343E-002  -1.0606178270285618     
   8.6666666666666670E-002  -1.2365033132611298     
   9.0000000000000011E-002  -1.1560669329347308     
   9.3333333333333338E-002 -0.90695999321949594     
   9.6666666666666679E-002 -0.74718919904166392     
  0.10000000000000001      -0.83511037823003997     
  0.10333333333333335       -1.0843796103025074     
  0.10666666666666667       -1.2631642242520280     
  0.11000000000000000       -1.2129380792013709     
  0.11333333333333334      -0.97836498180313247     
  0.11666666666666667      -0.75292224750396231     
  0.12000000000000001      -0.71312684183864350     
  0.12333333333333334      -0.88737298262593833     
  0.12666666666666668       -1.1500988113738069     
  0.13000000000000000       -1.3230988128939833     
  0.13333333333333333       -1.2962529256940156     
  0.13666666666666669       -1.0870401678172623     
  0.14000000000000001      -0.81530972690884362     
  0.14333333333333334      -0.62577081970315307     
  0.14666666666666667      -0.61177148620904787     
  0.15000000000000002      -0.77890313884201312     
  0.15333333333333335       -1.0560119754076676     
  0.15666666666666668       -1.3362271369006962     
  0.16000000000000000       -1.5222797978203302     
  0.16333333333333333       -1.5567466563850625     
  0.16666666666666669       -1.4304544008553404     
  0.17000000000000001       -1.1730893735781494     
  0.17333333333333334      -0.83514771920823461     
  0.17666666666666667      -0.46997370175649333     
  0.18000000000000002      -0.12121520445630594     
  0.18333333333333335       0.18282736215959416     
  0.18666666666666668       0.42917760131242882     
  0.19000000000000000       0.61682275131905695     
  0.19333333333333336       0.75224946084425581     
  0.19666666666666668       0.84539349776517636     
  0.20000000000000001       0.90671373771499908     
  0.20333333333333334       0.94549008843269522     
  0.20666666666666669       0.96910999361965278     
  0.21000000000000002       0.98300195558641490     
  0.21333333333333335       0.99090677478994904     
  0.21666666666666667       0.99526600350022254     
  0.22000000000000000       0.99759928035991596     
  0.22333333333333336       0.99881303998904691     
  0.22666666666666668       0.99942739240854395     
  0.23000000000000001       0.99973026869459825     
  0.23333333333333334       0.99987586022806141     
  0.23666666666666669       0.99994411165596286     
  0.24000000000000002       0.99997545569827795     
  0.24333333333333335       0.99998927069717258     
  0.24666666666666667       0.99999584844462019     
  0.25000000000000000       0.99999737199232541     
  0.25333333333333335        1.0000010953771703     
  0.25666666666666671       0.99999542105359707     
  0.26000000000000001        1.0000095996494920     
  0.26333333333333336       0.99997839908169994     
  0.26666666666666666        1.0000467060412823     
  0.27000000000000002       0.99990113559862182     
  0.27333333333333337        1.0002040197478150     
  0.27666666666666667       0.99958967020707645     
  0.28000000000000003        1.0008034308715095     
  0.28333333333333333       0.99847015437768127     
  0.28666666666666668        1.0028293832150403     
  0.29000000000000004       0.99492456405491125     
  0.29333333333333333        1.0088165260362518     
  0.29666666666666669       0.98519662085411253     
  0.30000000000000004        1.0239729715733734     
  0.30333333333333334       0.96265273162405329     
  0.30666666666666670        1.0557967685451315     
  0.31000000000000000       0.92037005901998248     
  0.31333333333333335        1.1080152090266233     
  0.31666666666666671       0.86166496987379526     
  0.32000000000000001        1.1657075364896965     
  0.32333333333333336       0.81694903918950901     
  0.32666666666666666        1.1821230566412497     
  0.33000000000000002       0.84418140227133487     
  0.33333333333333337        1.1015464295485260     
  0.33666666666666667       0.97525417401880288     
  0.34000000000000002       0.94078731545407146     
  0.34333333333333338        1.1268399763737031     
  0.34666666666666668       0.84662481488067498     
  0.35000000000000003        1.1237336514463292     
  0.35333333333333333       0.95660199881336427     
  0.35666666666666669       0.94260266531926051     
  0.36000000000000004        1.1321415725249520     
  0.36333333333333334       0.86041113161653326     
  0.36666666666666670        1.0696238894932868     
  0.37000000000000005        1.0427780022933193     
  0.37333333333333335       0.86977800077314404     
  0.37666666666666671        1.1325038295210124     
  0.38000000000000000       0.95825768873371675     
  0.38333333333333336       0.91846228306839839     
  0.38666666666666671        1.1439050173675664     
  0.39000000000000001       0.90933191996932905     
  0.39333333333333337       0.95955806501998653     
  0.39666666666666667        1.1383426789695048     
  0.40000000000000002       0.88907344689703893     
  0.40333333333333338       0.97699462608541243     
  0.40666666666666668        1.1367654202632458     
  0.41000000000000003       0.88765848054801033     
  0.41333333333333339       0.96809486087440844     
  0.41666666666666669        1.1439803471069774     
  0.42000000000000004       0.90487527039724813     
  0.42333333333333334       0.93415728745618221     
  0.42666666666666669        1.1507384614669354     
  0.43000000000000005       0.94942438306902721     
  0.43333333333333335       0.88401820898857153     
  0.43666666666666670        1.1339979257920201     
  0.44000000000000000        1.0277008311168279     
  0.44333333333333336       0.84565085037267329     
  0.44666666666666671        1.0652715706858407     
  0.45000000000000001        1.1200484362501348     
  0.45333333333333337       0.86912203174694447     
  0.45666666666666672       0.94328562872088495     
  0.46000000000000002        1.1598074225912480     
  0.46333333333333337       0.98876042095136452     
  0.46666666666666667       0.84168547111798442     
  0.47000000000000003        1.0688449124037098     
  0.47333333333333338        1.1386381615154677     
  0.47666666666666668       0.88923091808603538     
  0.48000000000000004       0.88752694872673710     
  0.48333333333333334        1.1379806912196877     
  0.48666666666666669        1.0882895114887690     
  0.49000000000000005       0.84587001745236579     
  0.49333333333333335       0.92878141709789208     
  0.49666666666666670        1.1629697519703051     
  0.50000000000000000        1.0639944050413370     
  0.50333333333333341       0.83310005135506759     
  0.50666666666666671       0.93207539828403707     
  0.51000000000000001        1.1662637331564480     
  0.51333333333333342        1.0833523335109230     
  0.51666666666666672       0.84093283947452002     
  0.52000000000000002       0.89062401920543977     
  0.52333333333333332        1.1410777616983907     
  0.52666666666666673        1.1427817310576909     
  0.53000000000000003       0.89337448762825855     
  0.53333333333333333       0.82358123851649945     
  0.53666666666666674        1.0507406798022232     
  0.54000000000000004        1.1978156296356044     
  0.54333333333333333        1.0267686279957229     
  0.54666666666666675       0.81024683412535992     
  0.55000000000000004       0.88441043109930007     
  0.55333333333333334        1.1353368356024873     
  0.55666666666666675        1.1901137011667815     
  0.56000000000000005       0.97049298085361446     
  0.56333333333333335       0.78844300010946156     
  0.56666666666666665       0.89474009478465377     
  0.57000000000000006        1.1447198115881025     
  0.57333333333333336        1.2101259856685596     
  0.57666666666666666        1.0088119072706514     
  0.58000000000000007       0.79223073325989779     
  0.58333333333333337       0.82151275031883053     
  0.58666666666666667        1.0606178270285618     
  0.59000000000000008        1.2365033132611298     
  0.59333333333333338        1.1560669329347308     
  0.59666666666666668       0.90695999321949594     
  0.60000000000000009       0.74718919904166392     
  0.60333333333333339       0.83511037823003997     
  0.60666666666666669        1.0843796103025074     
  0.60999999999999999        1.2631642242520280     
  0.61333333333333340        1.2129380792013709     
  0.61666666666666670       0.97836498180313247     
  0.62000000000000000       0.75292224750396231     
  0.62333333333333341       0.71312684183864350     
  0.62666666666666671       0.88737298262593833     
  0.63000000000000000        1.1500988113738069     
  0.63333333333333341        1.3230988128939833     
  0.63666666666666671        1.2962529256940156     
  0.64000000000000001        1.0870401678172623     
  0.64333333333333342       0.81530972690884362     
  0.64666666666666672       0.62577081970315307     
  0.65000000000000002       0.61177148620904787     
  0.65333333333333332       0.77890313884201312     
  0.65666666666666673        1.0560119754076676     
  0.66000000000000003        1.3362271369006962     
  0.66333333333333333        1.5222797978203302     
  0.66666666666666674        1.5567466563850625     
  0.67000000000000004        1.4304544008553404     
  0.67333333333333334        1.1730893735781494     
  0.67666666666666675       0.83514771920823450     
  0.68000000000000005       0.46997370175649372     
  0.68333333333333335       0.12121520445630449     
  0.68666666666666676      -0.18282736215958895     
  0.69000000000000006      -0.42917760131244592     
  0.69333333333333336      -0.61682275131900277     
  0.69666666666666666      -0.75224946084442712     
  0.70000000000000007      -0.84539349776464401     
  0.70333333333333337      -0.90671373771662489     
  0.70666666666666667      -0.94549008842781446     
  0.71000000000000008      -0.96910999363406525     
  0.71333333333333337      -0.98300195554457359     
  0.71666666666666667      -0.99090677490933832     
  0.72000000000000008      -0.99526600316550440     
  0.72333333333333338      -0.99759928128164332     
  0.72666666666666668      -0.99881303749685557     
  0.73000000000000009      -0.99942739902237421     
  0.73333333333333339      -0.99973025147415728     
  0.73666666666666669      -0.99987590419948169     
  0.74000000000000010      -0.99994400159472363     
  0.74333333333333340      -0.99997572561171499     
  0.74666666666666670      -0.99998862249053944     
  0.75000000000000000      -0.99999737199232464     
  0.75333333333333341      -0.99999386942308888     
  0.75666666666666671       -1.0000089661390532     
  0.76000000000000001      -0.99997814554593767     
  0.76333333333333342       -1.0000466065381795     
  0.76666666666666672      -0.99990109728737953     
  0.77000000000000002       -1.0002040052708439     
  0.77333333333333343      -0.99958966483612710     
  0.77666666666666673       -1.0008034289144796     
  0.78000000000000003      -0.99847015367709713     
  0.78333333333333344       -1.0028293829685648     
  0.78666666666666674      -0.99492456396966589     
  0.79000000000000004       -1.0088165260072601     
  0.79333333333333333      -0.98519662084441417     
  0.79666666666666675       -1.0239729715701815     
  0.80000000000000004      -0.96265273162301979     
  0.80333333333333334       -1.0557967685448018     
  0.80666666666666675      -0.92037005901987889     
  0.81000000000000005       -1.1080152090265913     
  0.81333333333333335      -0.86166496987378560     
  0.81666666666666676       -1.1657075364896936     
  0.82000000000000006      -0.81694903918950823     
  0.82333333333333336       -1.1821230566412495     
  0.82666666666666677      -0.84418140227133476     
  0.83000000000000007       -1.1015464295485260     
  0.83333333333333337      -0.97525417401880288     
  0.83666666666666667      -0.94078731545407146     
  0.84000000000000008       -1.1268399763737031     
  0.84333333333333338      -0.84662481488067498     
  0.84666666666666668       -1.1237336514463292     
  0.85000000000000009      -0.95660199881336427     
  0.85333333333333339      -0.94260266531926051     
  0.85666666666666669       -1.1321415725249520     
  0.86000000000000010      -0.86041113161653326     
  0.86333333333333340       -1.0696238894932868     
  0.86666666666666670       -1.0427780022933193     
  0.87000000000000011      -0.86977800077314404     
  0.87333333333333341       -1.1325038295210124     
  0.87666666666666671      -0.95825768873371675     
  0.88000000000000000      -0.91846228306839839     
  0.88333333333333341       -1.1439050173675664     
  0.88666666666666671      -0.90933191996932905     
  0.89000000000000001      -0.95955806501998653     
  0.89333333333333342       -1.1383426789695048     
  0.89666666666666672      -0.88907344689703893     
  0.90000000000000002      -0.97699462608541243     
  0.90333333333333343       -1.1367654202632458     
  0.90666666666666673      -0.88765848054801033     
  0.91000000000000003      -0.96809486087440844     
  0.91333333333333344       -1.1439803471069774     
  0.91666666666666674      -0.90487527039724813     
  0.92000000000000004      -0.93415728745618221     
  0.92333333333333334       -1.1507384614669354     
  0.92666666666666675      -0.94942438306902721     
  0.93000000000000005      -0.88401820898857153     
  0.93333333333333335       -1.1339979257920201     
  0.93666666666666676       -1.0277008311168279     
  0.94000000000000006      -0.84565085037267329     
  0.94333333333333336       -1.0652715706858407     
  0.94666666666666677       -1.1200484362501348     
  0.95000000000000007      -0.86912203174694447     
  0.95333333333333337      -0.94328562872088495     
  0.95666666666666678       -1.1598074225912480     
  0.96000000000000008      -0.98876042095136452     
  0.96333333333333337      -0.84168547111798442     
  0.96666666666666667       -1.0688449124037098     
  0.97000000000000008       -1.1386381615154677     
  0.97333333333333338      -0.88923091808603538     
  0.97666666666666668      -0.88752694872673710     
  0.98000000000000009       -1.1379806912196877     
  0.98333333333333339       -1.0882895114887690     
  0.98666666666666669      -0.84587001745236579     
  0.99000000000000010      -0.92878141709789208     
  0.99333333333333340       -1.1629697519703051     
  0.99666666666666670       -1.0639944050413370     
