   0.0000000000000000       -1.1080801096478814     
   3.3333333333333335E-003  -1.1169206157018969     
   6.6666666666666671E-003 -0.89451625076422903     
   1.0000000000000000E-002 -0.87627310354953314     
   1.3333333333333334E-002  -1.0973559123962424     
   1.6666666666666666E-002  -1.1342797315562529     
   2.0000000000000000E-002 -0.91737180814763342     
   2.3333333333333334E-002 -0.85298829823234701     
   2.6666666666666668E-002  -1.0599969241599831     
   3.0000000000000002E-002  -1.1592615765801113     
   3.3333333333333333E-002 -0.97159168329916434     
   3.6666666666666667E-002 -0.83290086049531409     
   4.0000000000000001E-002 -0.98782342714609994     
   4.3333333333333335E-002  -1.1654049006389364     
   4.6666666666666669E-002  -1.0597629644267514     
   5.0000000000000003E-002 -0.85151972577104262     
   5.3333333333333337E-002 -0.89075772846542522     
   5.6666666666666671E-002  -1.1114744781996733     
   6.0000000000000005E-002  -1.1517094673966395     
   6.3333333333333339E-002 -0.94724468383262372     
   6.6666666666666666E-002 -0.82506327007543268     
   7.0000000000000007E-002 -0.97690379404277694     
   7.3333333333333334E-002  -1.1659047353404157     
   7.6666666666666675E-002  -1.1027655161664323     
   8.0000000000000002E-002 -0.88405978637442117     
   8.3333333333333343E-002 -0.83583380235136207     
   8.6666666666666670E-002  -1.0277857236459702     
   9.0000000000000011E-002  -1.1813105507541977     
   9.3333333333333338E-002  -1.0782370761676063     
   9.6666666666666679E-002 -0.86459994699734011     
  0.10000000000000001      -0.83587283992146078     
  0.10333333333333335       -1.0298489849271759     
  0.10666666666666667       -1.1857083375198991     
  0.11000000000000000       -1.0987118965255502     
  0.11333333333333334      -0.88314518497540495     
  0.11666666666666667      -0.81421185432559362     
  0.12000000000000001      -0.97704678278462298     
  0.12333333333333334       -1.1697351750443477     
  0.12666666666666668       -1.1593319193003491     
  0.13000000000000000      -0.95976740903346247     
  0.13333333333333333      -0.80493343232004377     
  0.13666666666666669      -0.87146777982705215     
  0.14000000000000001       -1.0829091921182812     
  0.14333333333333334       -1.2056446718727922     
  0.14666666666666667       -1.1078935179508460     
  0.15000000000000002      -0.89515438120269686     
  0.15333333333333335      -0.78779273849867804     
  0.15666666666666668      -0.89499413974006481     
  0.16000000000000000       -1.1062555560360008     
  0.16333333333333333       -1.2201339328450760     
  0.16666666666666669       -1.1221712518543425     
  0.17000000000000001      -0.91744932878259233     
  0.17333333333333334      -0.77109228196375601     
  0.17666666666666667      -0.84558991641392922     
  0.18000000000000002       -1.0211482766353199     
  0.18333333333333335       -1.2330037170962611     
  0.18666666666666668       -1.1823843931832090     
  0.19000000000000000       -1.0958204973364196     
  0.19333333333333336      -0.77844800592162511     
  0.19666666666666668      -0.83154061978797100     
  0.20000000000000001      -0.73212960267613802     
  0.20333333333333334       -1.1688177038119449     
  0.20666666666666669       -1.0798095940265788     
  0.21000000000000002       -1.4177251395455541     
  0.21333333333333335      -0.97734243963895540     
  0.21666666666666667       -1.0570813318103891     
  0.22000000000000000      -0.63795592499681475     
  0.22333333333333336      -0.77137279869563824     
  0.22666666666666668      -0.83991277469904047     
  0.23000000000000001      -0.99482064971668527     
  0.23333333333333334       -1.3579662560210435     
  0.23666666666666669       -1.2055877571102569     
  0.24000000000000002       -1.3806001421558309     
  0.24333333333333335       -1.0064944836643213     
  0.24666666666666667      -0.84741950190121296     
  0.25000000000000000      -0.73220594420861385     
  0.25333333333333335      -0.48429198053760231     
  0.25666666666666671      -0.78576426772396368     
  0.26000000000000001      -0.78221511361906348     
  0.26333333333333336       -1.0944941084216770     
  0.26666666666666666       -1.4116790049481860     
  0.27000000000000002       -1.3821665600580741     
  0.27333333333333337       -1.6588797309204104     
  0.27666666666666667       -1.4757379348385125     
  0.28000000000000003       -1.2792396817958243     
  0.28333333333333333       -1.2053394740995707     
  0.28666666666666668      -0.69503984063100566     
  0.29000000000000004      -0.51334040398253222     
  0.29333333333333333      -0.25075610957922612     
  0.29666666666666669       0.20174254028570004     
  0.30000000000000004       0.22678657305236885     
  0.30333333333333334       0.50267150977363895     
  0.30666666666666670       0.74202519730794014     
  0.31000000000000000       0.64406921808974782     
  0.31333333333333335       0.88966723883909160     
  0.31666666666666671       0.95070020605672556     
  0.32000000000000001       0.81493895271859218     
  0.32333333333333336        1.0409328757940948     
  0.32666666666666666       0.99899641240446058     
  0.33000000000000002       0.87314268114045457     
  0.33333333333333337        1.0904717867942302     
  0.33666666666666667        1.0000866857874766     
  0.34000000000000002       0.89066446730956039     
  0.34333333333333338        1.1044919387029308     
  0.34666666666666668       0.99873854028864995     
  0.35000000000000003       0.89217814008486529     
  0.35333333333333333        1.1053523048229021     
  0.35666666666666669        1.0078330368670498     
  0.36000000000000004       0.88521896917648346     
  0.36333333333333334        1.0967228539018101     
  0.36666666666666670        1.0302201108508824     
  0.37000000000000005       0.87540186028286826     
  0.37333333333333335        1.0749740703451556     
  0.37666666666666671        1.0645745254835124     
  0.38000000000000000       0.87188789424598179     
  0.38333333333333336        1.0347236458606071     
  0.38666666666666671        1.1036573556162013     
  0.39000000000000001       0.88809081614389274     
  0.39333333333333337       0.97508733413875615     
  0.39666666666666667        1.1309467207079698     
  0.40000000000000002       0.93697059048945730     
  0.40333333333333338       0.90824348976275493     
  0.40666666666666668        1.1218806216231285     
  0.41000000000000003        1.0188071481614895     
  0.41333333333333339       0.86528232151767148     
  0.41666666666666669        1.0572342430015800     
  0.42000000000000004        1.1054602271008407     
  0.42333333333333334       0.88675449733912948     
  0.42666666666666669       0.94989371652501664     
  0.43000000000000005        1.1388946578272736     
  0.43333333333333335       0.98705413386169927     
  0.43666666666666670       0.86487272010518124     
  0.44000000000000000        1.0693375036694497     
  0.44333333333333336        1.1095724928665094     
  0.44666666666666671       0.88885574313229399     
  0.45000000000000001       0.92809374582668835     
  0.45333333333333337        1.1363369844824007     
  0.45666666666666672        1.0306950482702164     
  0.46000000000000002       0.85311357477738325     
  0.46333333333333337        1.0080361414281691     
  0.46666666666666667        1.1467269642320184     
  0.47000000000000003       0.95905707095107151     
  0.47333333333333338       0.85979241853094479     
  0.47666666666666668        1.0668010444585805     
  0.48000000000000004        1.1311845543738674     
  0.48333333333333334       0.91427663096524892     
  0.48666666666666669       0.87735281180523772     
  0.49000000000000005        1.0984356206519483     
  0.49333333333333335        1.1166787678666441     
  0.49666666666666670       0.89427440292897808     
  0.50000000000000000       0.88543389687496343     
  0.50333333333333341        1.1080801096478814     
  0.50666666666666671        1.1169206157018969     
  0.51000000000000001       0.89451625076422903     
  0.51333333333333342       0.87627310354953314     
  0.51666666666666672        1.0973559123962424     
  0.52000000000000002        1.1342797315562529     
  0.52333333333333332       0.91737180814763342     
  0.52666666666666673       0.85298829823234701     
  0.53000000000000003        1.0599969241599831     
  0.53333333333333333        1.1592615765801113     
  0.53666666666666674       0.97159168329916434     
  0.54000000000000004       0.83290086049531431     
  0.54333333333333333       0.98782342714609939     
  0.54666666666666675        1.1654049006389380     
  0.55000000000000004        1.0597629644267474     
  0.55333333333333334       0.85151972577105328     
  0.55666666666666675       0.89075772846539580     
  0.56000000000000005        1.1114744781997523     
  0.56333333333333335        1.1517094673964305     
  0.56666666666666665       0.94724468383317217     
  0.57000000000000006       0.82506327007400959     
  0.57333333333333336       0.97690379404641758     
  0.57666666666666666        1.1659047353312171     
  0.58000000000000007        1.1027655161893837     
  0.58333333333333337       0.88405978631787219     
  0.58666666666666667       0.83583380248891603     
  0.59000000000000008        1.0277857233156980     
  0.59333333333333338        1.1813105515367754     
  0.59666666666666668        1.0782370743380714     
  0.60000000000000009       0.86459995121635214     
  0.60333333333333339       0.83587283032681792     
  0.60666666666666669        1.0298490064391883     
  0.60999999999999999        1.1857082899812363     
  0.61333333333333340        1.0987120000395221     
  0.61666666666666670       0.88314496295049916     
  0.62000000000000000       0.81421232325889104     
  0.62333333333333341       0.97704580785454054     
  0.62666666666666671        1.1697371695008696     
  0.63000000000000000        1.1593279061253448     
  0.63333333333333341       0.95977534818879917     
  0.63666666666666671       0.80491799833103284     
  0.64000000000000001       0.87149724964197306     
  0.64333333333333342        1.0828539551672047     
  0.64666666666666672        1.2057462428846881     
  0.65000000000000002        1.1077104106956730     
  0.65333333333333332       0.89547776136613266     
  0.65666666666666673       0.78723371236351447     
  0.66000000000000003       0.89593919135692723     
  0.66333333333333333        1.1046948452095904     
  0.66666666666666674        1.2226487341440992     
  0.67000000000000004        1.1182231853679405     
  0.67333333333333334       0.92347825653544635     
  0.67666666666666675       0.76215508606696947     
  0.68000000000000005       0.85841922854827624     
  0.68333333333333335        1.0033692246313803     
  0.68666666666666676        1.2566946339821961     
  0.69000000000000006        1.1521931995361858     
  0.69333333333333336        1.1323353919384411     
  0.69666666666666666       0.73702317970539666     
  0.70000000000000007       0.87475870982265547     
  0.70333333333333337       0.69224228980222824     
  0.70666666666666667        1.1983142439479351     
  0.71000000000000008        1.0690184457101808     
  0.71333333333333337        1.4017033340880147     
  0.71666666666666667        1.0258488952040394     
  0.72000000000000008       0.97552608792623208     
  0.72333333333333338       0.74561257832832395     
  0.72666666666666668       0.65316924073404481     
  0.73000000000000009       0.94582670748381670     
  0.73333333333333339       0.92685553270515908     
  0.73666666666666669        1.3668302482264885     
  0.74000000000000010        1.2639551948410461     
  0.74333333333333340        1.2665205426741533     
  0.74666666666666670        1.1440433393651543     
  0.75000000000000000       0.73220594420861607     
  0.75333333333333341       0.78091581800154430     
  0.75666666666666671       0.52573820871413157     
  0.76000000000000001       0.66557016630427779     
  0.76333333333333342       0.93325161730544448     
  0.76666666666666672       0.98056828163230247     
  0.77000000000000002        1.4311605022909417     
  0.77333333333333343        1.4721361969554134     
  0.77666666666666673        1.5014981552058266     
  0.78000000000000003        1.6168098447252415     
  0.78333333333333344        1.2365719107059199     
  0.78666666666666674        1.1194007350800683     
  0.79000000000000004       0.86204709781790345     
  0.79333333333333333       0.36926075950058523     
  0.79666666666666675       0.27483287372401571     
  0.80000000000000004       -8.4157465905848869E-002
  0.80333333333333334      -0.40815406969106288     
  0.80666666666666675      -0.38813781129112257     
  0.81000000000000005      -0.70044192028951158     
  0.81333333333333335      -0.81535699804010331     
  0.81666666666666676      -0.72106571359184490     
  0.82000000000000006      -0.97766800080563332     
  0.82333333333333336      -0.95749804544713490     
  0.82666666666666677      -0.84661043783277024     
  0.83000000000000007       -1.0739165377258006     
  0.83333333333333337      -0.98999430450447301     
  0.83666666666666667      -0.88464759815199001     
  0.84000000000000008       -1.1009808319886332     
  0.84333333333333338      -0.99673151132637905     
  0.84666666666666668      -0.89105351742119421     
  0.85000000000000009       -1.1047341695778419     
  0.85333333333333339       -1.0074995798890594     
  0.85666666666666669      -0.88504232016146334     
  0.86000000000000010       -1.0966309116527868     
  0.86333333333333340       -1.0301730724057914     
  0.86666666666666670      -0.87537819498212333     
  0.87000000000000011       -1.0749623573747493     
  0.87333333333333341       -1.0645688201446333     
  0.87666666666666671      -0.87188515829370627     
  0.88000000000000000       -1.0347223537717107     
  0.88333333333333341       -1.1036567544855107     
  0.88666666666666671      -0.88809054055208170     
  0.89000000000000001      -0.97508720959957973     
  0.89333333333333342       -1.1309466652194700     
  0.89666666666666672      -0.93697056610761209     
  0.90000000000000002      -0.90824347919456561     
  0.90333333333333343       -1.1218806171034867     
  0.90666666666666673       -1.0188071462539592     
  0.91000000000000003      -0.86528232072298994     
  0.91333333333333344       -1.0572342426747252     
  0.91666666666666674       -1.1054602269680891     
  0.92000000000000004      -0.88675449728587918     
  0.92333333333333334      -0.94989371650391641     
  0.92666666666666675       -1.1388946578190131     
  0.93000000000000005      -0.98705413385850460     
  0.93333333333333335      -0.86487272010396055     
  0.93666666666666676       -1.0693375036689885     
  0.94000000000000006       -1.1095724928663373     
  0.94333333333333336      -0.88885574313223037     
  0.94666666666666677      -0.92809374582666515     
  0.95000000000000007       -1.1363369844823923     
  0.95333333333333337       -1.0306950482702137     
  0.95666666666666678      -0.85311357477738226     
  0.96000000000000008       -1.0080361414281687     
  0.96333333333333337       -1.1467269642320184     
  0.96666666666666667      -0.95905707095107151     
  0.97000000000000008      -0.85979241853094479     
  0.97333333333333338       -1.0668010444585805     
  0.97666666666666668       -1.1311845543738674     
  0.98000000000000009      -0.91427663096524892     
  0.98333333333333339      -0.87735281180523772     
  0.98666666666666669       -1.0984356206519483     
  0.99000000000000010       -1.1166787678666441     
  0.99333333333333340      -0.89427440292897808     
  0.99666666666666670      -0.88543389687496343     
