   0.0000000000000000        5.5822234257726353E-002
   3.3333333333333335E-003  0.37861597910179701     
   6.6666666666666671E-003   1.0448599286372164     
   1.0000000000000000E-002  0.63962369274500253     
   1.3333333333333334E-002  0.78330132295094423     
   1.6666666666666666E-002  0.79970173985686044     
   2.0000000000000000E-002  0.89235606877508533     
   2.3333333333333334E-002  0.62677336420303076     
   2.6666666666666668E-002   1.0121822052000771     
   3.0000000000000002E-002   1.0304154619949821     
   3.3333333333333333E-002   1.2323551720680845     
   3.6666666666666667E-002  0.97525923748296417     
   4.0000000000000001E-002  0.57096585943503020     
   4.3333333333333335E-002  0.85542349360764058     
   4.6666666666666669E-002   1.2678517785333747     
   5.0000000000000003E-002   1.2138077911400018     
   5.3333333333333337E-002  0.77614587534656299     
   5.6666666666666671E-002   1.1240811770517145     
   6.0000000000000005E-002  0.94237796395701223     
   6.3333333333333339E-002  0.84725060614840797     
   6.6666666666666666E-002  0.90442300722620295     
   7.0000000000000007E-002   1.0920999599983652     
   7.3333333333333334E-002   1.2507704386970295     
   7.6666666666666675E-002   1.1181616207500182     
   8.0000000000000002E-002  0.85999805134721408     
   8.3333333333333343E-002  0.52645354524599286     
   8.6666666666666670E-002   1.1584204923311645     
   9.0000000000000011E-002   1.2897195683958893     
   9.3333333333333338E-002  0.95959186892400083     
   9.6666666666666679E-002  0.97744630664471421     
  0.10000000000000001        1.0727376921858549     
  0.10333333333333335        1.0003109224929156     
  0.10666666666666667       0.69636334709706127     
  0.11000000000000000       0.98894531943039632     
  0.11333333333333334        1.0882146424147399     
  0.11666666666666667        1.2363243039452796     
  0.12000000000000001        1.2575953269053881     
  0.12333333333333334       0.67174544480075871     
  0.12666666666666668       0.69949617414729548     
  0.13000000000000000        1.0603930061214635     
  0.13333333333333333        1.2311387836378187     
  0.13666666666666669       0.93479267922046561     
  0.14000000000000001       0.97214038983009332     
  0.14333333333333334        1.3083903795966483     
  0.14666666666666667       0.90711491474254247     
  0.15000000000000002       0.78329726847092140     
  0.15333333333333335       0.82956420755910398     
  0.15666666666666668       0.92288852045893133     
  0.16000000000000000        1.2954375085147811     
  0.16333333333333333        1.2811512899099156     
  0.16666666666666669       0.99177782343077781     
  0.17000000000000001       0.65387895042723243     
  0.17333333333333334       0.95126007724024109     
  0.17666666666666667        1.1833998982843439     
  0.18000000000000002       0.74465720038497163     
  0.18333333333333335       0.96094659649123826     
  0.18666666666666668        1.2965074629172024     
  0.19000000000000000        1.2058029361009099     
  0.19333333333333336        1.0184655722119904     
  0.19666666666666668       0.74477195868568324     
  0.20000000000000001       0.76816946169237199     
  0.20333333333333334       0.87351649647105856     
  0.20666666666666669        1.2091878869019934     
  0.21000000000000002        1.3169080477518214     
  0.21333333333333335       0.82461489831556434     
  0.21666666666666667        1.0061357108904363     
  0.22000000000000000        1.2677965737139081     
  0.22333333333333336       0.86502478219539136     
  0.22666666666666668       0.65326900134901311     
  0.23000000000000001       0.79273018636742787     
  0.23333333333333334        1.1781268957887754     
  0.23666666666666669        1.2731358420796104     
  0.24000000000000002        1.1323226486013855     
  0.24333333333333335        1.1325263971954831     
  0.24666666666666667       0.77555907481961173     
  0.25000000000000000       0.78726090395600001     
  0.25333333333333335        1.1619608402016441     
  0.25666666666666671       0.85559211225235621     
  0.26000000000000001       0.70910075603981571     
  0.26333333333333336        1.1050251872988144     
  0.26666666666666666        1.4117811192739635     
  0.27000000000000002        1.3060625695446368     
  0.27333333333333337       0.83020311980682371     
  0.27666666666666667       0.80175501588014642     
  0.28000000000000003       0.92306246095580347     
  0.28333333333333333       0.76133741173001379     
  0.28666666666666668        1.0303242261235666     
  0.29000000000000004        1.1151224763260363     
  0.29333333333333333       0.84977654381950984     
  0.29666666666666669        1.1517391945073991     
  0.30000000000000004        1.4363601067998761     
  0.30333333333333334        1.2010881495118806     
  0.30666666666666670       0.74756113130521462     
  0.31000000000000000       0.55224682850597118     
  0.31333333333333335       0.95318200414649568     
  0.31666666666666671        1.0531487313657839     
  0.32000000000000001       0.82334947097666322     
  0.32333333333333336        1.0959312511920518     
  0.32666666666666666        1.1722354465587090     
  0.33000000000000002        1.0547985299415357     
  0.33333333333333337        1.3372281212338217     
  0.33666666666666667        1.2690703606783311     
  0.34000000000000002       0.80492543058456911     
  0.34333333333333338       0.55904426331011503     
  0.34666666666666668       0.69747941911406441     
  0.35000000000000003        1.1132725781575281     
  0.35333333333333333        1.0307830133714009     
  0.35666666666666669       0.72376849171673618     
  0.36000000000000004        1.1121861640385335     
  0.36333333333333334        1.3663833654662791     
  0.36666666666666670        1.1983716736482743     
  0.37000000000000005        1.3091811901869363     
  0.37333333333333335        1.1707634737784460     
  0.37666666666666671       0.72552809820200004     
  0.38000000000000000       0.64137801297948605     
  0.38333333333333336       0.80277933253191902     
  0.38666666666666671        1.0006882228853933     
  0.39000000000000001       0.86258952529761612     
  0.39333333333333337       0.53335517833754043     
  0.39666666666666667       0.94739060543879705     
  0.40000000000000002        1.4825613991283015     
  0.40333333333333338        1.3079339824547609     
  0.40666666666666668        1.2677335072517248     
  0.41000000000000003        1.3663327156045955     
  0.41333333333333339        1.0678354277071755     
  0.41666666666666669       0.94284675881169722     
  0.42000000000000004        1.0407443846175424     
  0.42333333333333334       0.97578187795493809     
  0.42666666666666669       0.74797608830164908     
  0.43000000000000005       0.33200506512428507     
  0.43333333333333335       0.35892095182220135     
  0.43666666666666670       0.97452920031779711     
  0.44000000000000000        1.0367999126261547     
  0.44333333333333336       0.75032659493766585     
  0.44666666666666671        1.0438694115006901     
  0.45000000000000001        1.2893430761644455     
  0.45333333333333337        1.2746033514440789     
  0.45666666666666672        1.5396831176425916     
  0.46000000000000002        1.7448758133434048     
  0.46333333333333337        1.6231139523270013     
  0.46666666666666667        1.3905795052261594     
  0.47000000000000003        1.0806910310545381     
  0.47333333333333338        1.2343628492961378     
  0.47666666666666668        1.4712064991124862     
  0.48000000000000004       0.98062958261121957     
  0.48333333333333334       0.34193581026824271     
  0.48666666666666669       0.45950041871274794     
  0.49000000000000005       0.28213269120277251     
  0.49333333333333335        2.3448686204869999E-002
  0.49666666666666670       -7.0721127136179035E-002
  0.50000000000000000       -2.0730932241195529E-002
  0.50333333333333341      -0.47826107732945383     
  0.50666666666666671      -0.59137693175182582     
  0.51000000000000001      -0.95473876453804341     
  0.51333333333333342      -0.57219654832368683     
  0.51666666666666672      -0.45969950546927801     
  0.52000000000000002      -0.63917912410909794     
  0.52333333333333332       -1.3159794201463919     
  0.52666666666666673      -0.87018032888638464     
  0.53000000000000003      -0.89048854242746978     
  0.53333333333333333      -0.96416033620357755     
  0.53666666666666674      -0.95704680879376947     
  0.54000000000000004      -0.75186408718668729     
  0.54333333333333333      -0.94935235423305075     
  0.54666666666666675       -1.1745253878332618     
  0.55000000000000004       -1.1521055216320275     
  0.55333333333333334       -1.1449099081462220     
  0.55666666666666675      -0.56925385252602945     
  0.56000000000000005      -0.81129387660163554     
  0.56333333333333335       -1.2000692536852247     
  0.56666666666666665       -1.2640214639722260     
  0.57000000000000006      -0.85615326802397451     
  0.57333333333333336       -1.0110481736121506     
  0.57666666666666666       -1.1368058865174597     
  0.58000000000000007      -0.74087751676377567     
  0.58333333333333337      -0.89776612448852833     
  0.58666666666666667      -0.99484086632191226     
  0.59000000000000008       -1.2575544287527300     
  0.59333333333333338       -1.2029827792982526     
  0.59666666666666668      -0.94895130981967768     
  0.60000000000000009      -0.63397950938729586     
  0.60333333333333339      -0.82398283634733382     
  0.60666666666666669       -1.3662630079923224     
  0.60999999999999999      -0.98785681944204862     
  0.61333333333333340      -0.94463101771720548     
  0.61666666666666670       -1.1546511992595467     
  0.62000000000000000       -1.0768105767604936     
  0.62333333333333341      -0.79800310534937702     
  0.62666666666666671      -0.71266039587712982     
  0.63000000000000000       -1.0899310953661336     
  0.63333333333333341       -1.1370034468492958     
  0.63666666666666671       -1.3127440333568279     
  0.64000000000000001       -1.0544812939615298     
  0.64333333333333342      -0.59191155529807915     
  0.64666666666666672      -0.93358134559951478     
  0.65000000000000002       -1.1174809230656191     
  0.65333333333333332      -0.99177189608468641     
  0.65666666666666673      -0.87034269649774054     
  0.66000000000000003       -1.2111517865940777     
  0.66333333333333333       -1.3416012507419153     
  0.66666666666666674      -0.79222144424468188     
  0.67000000000000004      -0.77158569638077978     
  0.67333333333333334      -0.82176886836387097     
  0.67666666666666675      -0.94609743123696988     
  0.68000000000000005       -1.3233637676900465     
  0.68333333333333335       -1.1854653254552965     
  0.68666666666666676      -0.93289054208545985     
  0.69000000000000006      -0.85936177834471728     
  0.69333333333333336       -1.1043938050970106     
  0.69666666666666666       -1.0024450474115181     
  0.70000000000000007      -0.54919779278813252     
  0.70333333333333337      -0.99734954349488603     
  0.70666666666666667       -1.3788665637086455     
  0.71000000000000008       -1.1919734839632783     
  0.71333333333333337       -1.0694275972255922     
  0.71666666666666667      -0.83084980420506771     
  0.72000000000000008      -0.79406399939218708     
  0.72333333333333338      -0.88565501303028549     
  0.72666666666666668       -1.0525831571869759     
  0.73000000000000009       -1.1007683985731431     
  0.73333333333333339      -0.82669577337128675     
  0.73666666666666669       -1.1998090218370088     
  0.74000000000000010       -1.4740390133733137     
  0.74333333333333340      -0.87400217584212603     
  0.74666666666666670      -0.61935931847827541     
  0.75000000000000000      -0.78726090395599935     
  0.75333333333333341       -1.0057610838603044     
  0.75666666666666671       -1.1141163336057147     
  0.76000000000000001       -1.0508171208117481     
  0.76333333333333342       -1.1783520075414176     
  0.76666666666666672       -1.0603499968564705     
  0.77000000000000002      -0.99802435733892425     
  0.77333333333333343       -1.2295172756447852     
  0.77666666666666673      -0.78112478504524396     
  0.78000000000000003      -0.44932988663408724     
  0.78333333333333344      -0.93662331841538649     
  0.78666666666666674       -1.2751369250335891     
  0.79000000000000004       -1.2400570401145787     
  0.79333333333333333       -1.0194552206261662     
  0.79666666666666675       -1.0279061474835671     
  0.80000000000000004       -1.2173884378956374     
  0.80333333333333334      -0.94341506078604409     
  0.80666666666666675      -0.83348936419023567     
  0.81000000000000005      -0.89868798626216806     
  0.81333333333333335      -0.58956508331475055     
  0.81666666666666676      -0.82863000240173257     
  0.82000000000000006       -1.4020560382817400     
  0.82333333333333336       -1.3332337182394272     
  0.82666666666666677       -1.0427442376823446     
  0.83000000000000007      -0.93709178398799198     
  0.83333333333333337       -1.1376717420477320     
  0.83666666666666667       -1.2086203998463318     
  0.84000000000000008      -0.72063970866386728     
  0.84333333333333338      -0.61159008727130626     
  0.84666666666666668      -0.85968710763964251     
  0.85000000000000009      -0.77908892356283277     
  0.85333333333333339       -1.0572494442283773     
  0.85666666666666669       -1.4402473160152978     
  0.86000000000000010       -1.1945270681699676     
  0.86333333333333340      -0.98843201132991576     
  0.86666666666666670       -1.1042363368597545     
  0.87000000000000011       -1.2796431009422651     
  0.87333333333333341       -1.1839276955082820     
  0.87666666666666671      -0.59927043765337917     
  0.88000000000000000      -0.46059326283459101     
  0.88333333333333341      -0.88445243721765354     
  0.88666666666666671      -0.85710459818786366     
  0.89000000000000001      -0.86367802528596294     
  0.89333333333333342       -1.2032548392328040     
  0.89666666666666672       -1.1237186915843791     
  0.90000000000000002       -1.0438032163297462     
  0.90333333333333343       -1.3364289792798030     
  0.90666666666666673       -1.5111244176259784     
  0.91000000000000003       -1.3984978552477545     
  0.91333333333333344      -0.90425580169792497     
  0.91666666666666674      -0.57153417956916008     
  0.92000000000000004      -0.92162385003410552     
  0.92333333333333334      -0.95713761218749227     
  0.92666666666666675      -0.50825382321677226     
  0.93000000000000005      -0.56795175709867318     
  0.93333333333333335      -0.71851940856822716     
  0.93666666666666676      -0.62171055278097376     
  0.94000000000000006      -0.90571582527077477     
  0.94333333333333336       -1.3051539194633519     
  0.94666666666666677       -1.4126334443003579     
  0.95000000000000007       -1.3510453456724170     
  0.95333333333333337       -1.1812769607439655     
  0.95666666666666678       -1.4457542570171791     
  0.96000000000000008       -1.9257740410950703     
  0.96333333333333337       -1.6413263810161911     
  0.96666666666666667       -1.1223846693616570     
  0.97000000000000008       -1.2206179506220498     
  0.97333333333333338       -1.0923609729824493     
  0.97666666666666668      -0.78200044316913075     
  0.98000000000000009      -0.72745263794523007     
  0.98333333333333339      -0.68193804465582453     
  0.98666666666666669      -0.24839564408549253     
  0.99000000000000010        3.2982380590269325E-002
  0.99333333333333340       0.43003431068052106     
  0.99666666666666670       0.17036622536383805     
