   0.0000000000000000        1.1745272472525410     
   3.3333333333333335E-003   1.5322865001816837     
   6.6666666666666671E-003   1.2269785676655074     
   1.0000000000000000E-002   1.1716371698478689     
   1.3333333333333334E-002   1.0491131861024117     
   1.6666666666666666E-002   1.0492609538393662     
   2.0000000000000000E-002  0.81455225181740076     
   2.3333333333333334E-002  0.39004153625242777     
   2.6666666666666668E-002  0.66233062161689804     
   3.0000000000000002E-002  0.77313773313278855     
   3.3333333333333333E-002  0.82345745748026733     
   3.6666666666666667E-002  0.90272565870308741     
   4.0000000000000001E-002   1.0335932877433116     
   4.3333333333333335E-002   1.5732915190979466     
   4.6666666666666669E-002   1.5465265383918823     
   5.0000000000000003E-002   1.3863475399402023     
   5.3333333333333337E-002   1.5217624335509583     
   5.6666666666666671E-002   1.4778390396190939     
   6.0000000000000005E-002   1.4710850755366300     
   6.3333333333333339E-002   1.0343388131863338     
   6.6666666666666666E-002  0.65393582464724764     
   7.0000000000000007E-002  0.76476751243220820     
   7.3333333333333334E-002  0.47136427973116185     
   7.6666666666666675E-002  0.11227791311200819     
   8.0000000000000002E-002 -0.16732091127973175     
   8.3333333333333343E-002 -0.38522166732175894     
   8.6666666666666670E-002 -0.22009188072484007     
   9.0000000000000011E-002 -0.48087709672742196     
   9.3333333333333338E-002 -0.87797069068887412     
   9.6666666666666679E-002 -0.78063554756701459     
  0.10000000000000001      -0.77767755442679132     
  0.10333333333333335      -0.75619481099547947     
  0.10666666666666667      -0.87321855069619658     
  0.11000000000000000       -1.1853993653393402     
  0.11333333333333334      -0.94500863945357039     
  0.11666666666666667      -0.76515615705601847     
  0.12000000000000001      -0.99953699440823107     
  0.12333333333333334       -1.0458848204619715     
  0.12666666666666668       -1.1122487394526526     
  0.13000000000000000       -1.0005085078828317     
  0.13333333333333333      -0.74684704641867672     
  0.13666666666666669       -1.0330594067488164     
  0.14000000000000001       -1.2109347564209936     
  0.14333333333333334      -0.97607300776218087     
  0.14666666666666667      -0.93684645414908196     
  0.15000000000000002      -0.88704638269516944     
  0.15333333333333335      -0.96873336299214863     
  0.15666666666666668       -1.2477229383459465     
  0.16000000000000000       -1.0223033793785503     
  0.16333333333333333      -0.77092883834901682     
  0.16666666666666669      -0.98465793500937970     
  0.17000000000000001       -1.0640790240888267     
  0.17333333333333334       -1.0941596736030710     
  0.17666666666666667       -1.1017537202088787     
  0.18000000000000002      -0.79992858939711042     
  0.18333333333333335      -0.84548802913328625     
  0.18666666666666668       -1.2011790733453322     
  0.19000000000000000       -1.1100628311843539     
  0.19333333333333336      -0.95071643700871855     
  0.19666666666666668      -0.94406129202378142     
  0.20000000000000001      -0.84050241889515720     
  0.20333333333333334       -1.0382115086625114     
  0.20666666666666669       -1.2706838632378870     
  0.21000000000000002      -0.97361221086894634     
  0.21333333333333335      -0.79640502902747123     
  0.21666666666666667      -0.97484129261390862     
  0.22000000000000000       -1.0089921574035106     
  0.22333333333333336       -1.1055290307711316     
  0.22666666666666668       -1.1790833621051544     
  0.23000000000000001      -0.85319195020151861     
  0.23333333333333334      -0.75920464993215575     
  0.23666666666666669       -1.0921506764282218     
  0.24000000000000002       -1.1435002413991473     
  0.24333333333333335       -1.0388631460331428     
  0.24666666666666667       -1.0460622602781480     
  0.25000000000000000      -0.84626527796487705     
  0.25333333333333335      -0.79533845351919974     
  0.25666666666666671       -1.1610905408615388     
  0.26000000000000001       -1.2245583100286053     
  0.26333333333333336      -0.94764850849630278     
  0.26666666666666666      -0.91799276022404985     
  0.27000000000000002      -0.91650760349106586     
  0.27333333333333337      -0.86495035946809962     
  0.27666666666666667       -1.1335349896334452     
  0.28000000000000003       -1.2706950656403337     
  0.28333333333333333      -0.93503353456375105     
  0.28666666666666668      -0.79106917127691068     
  0.29000000000000004      -0.96175314664554790     
  0.29333333333333333      -0.97789537627097423     
  0.29666666666666669       -1.0555082077775988     
  0.30000000000000004       -1.2469491739249843     
  0.30333333333333334       -1.0370668775767846     
  0.30666666666666670      -0.72222152025288733     
  0.31000000000000000      -0.87949789678456758     
  0.31333333333333335       -1.0915752761943325     
  0.31666666666666671       -1.0522951514040706     
  0.32000000000000001       -1.1291305000340555     
  0.32333333333333336       -1.1506555031900576     
  0.32666666666666666      -0.82714814426547856     
  0.33000000000000002      -0.71649419118076718     
  0.33333333333333337       -1.0357705161404336     
  0.33666666666666667       -1.1668524111849377     
  0.34000000000000002       -1.0625991380165376     
  0.34333333333333338       -1.1124758053880877     
  0.34666666666666668       -1.0455925241216906     
  0.35000000000000003      -0.74046319333783639     
  0.35333333333333333      -0.77301197695057033     
  0.35666666666666669       -1.1313713727096992     
  0.36000000000000004       -1.1908552286640255     
  0.36333333333333334       -1.0520244223227353     
  0.36666666666666670       -1.0886292843244645     
  0.37000000000000005       -1.0076004300302914     
  0.37333333333333335      -0.71883370252223322     
  0.37666666666666671      -0.78363910532938164     
  0.38000000000000000       -1.1404198101150231     
  0.38333333333333336       -1.2122228073823311     
  0.38666666666666671       -1.0514595997255960     
  0.39000000000000001       -1.1055423211351774     
  0.39333333333333337       -1.0253562022774136     
  0.39666666666666667      -0.76243513402779872     
  0.40000000000000002      -0.68465243073491744     
  0.40333333333333338       -1.0970190735576300     
  0.40666666666666668       -1.1570316151450586     
  0.41000000000000003       -1.1491131387806257     
  0.41333333333333339       -1.0504279835108237     
  0.41666666666666669       -1.2436563143652735     
  0.42000000000000004      -0.76071978823503528     
  0.42333333333333334      -0.75357088124245364     
  0.42666666666666669      -0.73596331786517699     
  0.43000000000000005       -1.2307214703035587     
  0.43333333333333335      -0.95042533452874278     
  0.43666666666666670       -1.2191083295554055     
  0.44000000000000000       -1.1990653478622766     
  0.44333333333333336       -1.2308986273301299     
  0.44666666666666671      -0.76431568959065588     
  0.45000000000000001      -0.68263277780348053     
  0.45333333333333337      -0.93658147330883446     
  0.45666666666666672      -0.84133605734120598     
  0.46000000000000002      -0.98487418999637710     
  0.46333333333333337       -1.0327359627633519     
  0.46666666666666667       -1.4852714549738077     
  0.47000000000000003       -1.2109170216960912     
  0.47333333333333338      -0.97253015767816220     
  0.47666666666666668      -0.95901569915635621     
  0.48000000000000004      -0.86137034437106874     
  0.48333333333333334      -0.81197027449445047     
  0.48666666666666669      -0.50368085810483609     
  0.49000000000000005      -0.92741337136391155     
  0.49333333333333335       -1.1674659600400650     
  0.49666666666666670       -1.1617290951458930     
  0.50000000000000000       -1.2308341136729375     
  0.50333333333333341       -1.2381738491696359     
  0.50666666666666671       -1.4748565617999427     
  0.51000000000000001       -1.0462059145924985     
  0.51333333333333342      -0.74443809701926944     
  0.51666666666666672      -0.80238804570340472     
  0.52000000000000002      -0.69552860259156402     
  0.52333333333333332      -0.69637598858540362     
  0.52666666666666673      -0.46915343194454823     
  0.53000000000000003      -0.76087782417847494     
  0.53333333333333333       -1.2013766586620238     
  0.53666666666666674       -1.1308622323335282     
  0.54000000000000004       -1.2858467688446160     
  0.54333333333333333       -1.4094516873789968     
  0.54666666666666675       -1.6544165852555672     
  0.55000000000000004       -1.7019602896176875     
  0.55333333333333334       -1.2396432768034986     
  0.55666666666666675       -1.2472156459401298     
  0.56000000000000005       -1.2301507958222204     
  0.56333333333333335      -0.91814746173204353     
  0.56666666666666665      -0.62506359740853001     
  0.57000000000000006      -0.17512290808260400     
  0.57333333333333336      -0.18233985486427867     
  0.57666666666666666      -0.14679235603336771     
  0.58000000000000007       0.37436568667370368     
  0.58333333333333337       0.53178882449462872     
  0.58666666666666667       0.57900612508671978     
  0.59000000000000008       0.59441462515954502     
  0.59333333333333338       0.59679081317128546     
  0.59666666666666668        1.0040011731754763     
  0.60000000000000009        1.0134898523390456     
  0.60333333333333339       0.73287887008312980     
  0.60666666666666669       0.87942961347148596     
  0.60999999999999999       0.97624801520856042     
  0.61333333333333340        1.0827007257308390     
  0.61666666666666670        1.0885559193929237     
  0.62000000000000000       0.76303163499983229     
  0.62333333333333341       0.90990521594119644     
  0.62666666666666671        1.1999827293300065     
  0.63000000000000000        1.0334168295426089     
  0.63333333333333341       0.95796709916787581     
  0.63666666666666671       0.89117306724833067     
  0.64000000000000001       0.90540887610769438     
  0.64333333333333342        1.2233283751874418     
  0.64666666666666672        1.0944650013018749     
  0.65000000000000002       0.78395085137232401     
  0.65333333333333332       0.94826163576182898     
  0.65666666666666673        1.0538983455043220     
  0.66000000000000003        1.0863908586174575     
  0.66333333333333333        1.1211482413004186     
  0.66666666666666674       0.82340671626134443     
  0.67000000000000004       0.82444366528403801     
  0.67333333333333334        1.1893430750687839     
  0.67666666666666675        1.1195603125403790     
  0.68000000000000005       0.94596570193408891     
  0.68333333333333335       0.94249609466109752     
  0.68666666666666676       0.85209667805880662     
  0.69000000000000006        1.0485472537379845     
  0.69333333333333336        1.2631229285318555     
  0.69666666666666666       0.94809095843978819     
  0.70000000000000007       0.79047476909535574     
  0.70333333333333337       0.99867907374614096     
  0.70666666666666667        1.0366471607063295     
  0.71000000000000008        1.1108153190042869     
  0.71333333333333337        1.1315509210691672     
  0.71666666666666667       0.80685000932062168     
  0.72000000000000008       0.80377435815078679     
  0.72333333333333338        1.1597500368335616     
  0.72666666666666668        1.1394314275804833     
  0.73000000000000009       0.99418004966364648     
  0.73333333333333339       0.98675660908450502     
  0.73666666666666669       0.82772541903562924     
  0.74000000000000010       0.89531812588099713     
  0.74333333333333340        1.2459234099262810     
  0.74666666666666670        1.1509036678930189     
  0.75000000000000000       0.84626527796487683     
  0.75333333333333341       0.90017986113406889     
  0.75666666666666671       0.95403027696840104     
  0.76000000000000001       0.97637619451045565     
  0.76333333333333342        1.2120737658888969     
  0.76666666666666672        1.1455447193763999     
  0.77000000000000002       0.77551950402893843     
  0.77333333333333343       0.82529842494342776     
  0.77666666666666673        1.0793139835710159     
  0.78000000000000003        1.0654772663876069     
  0.78333333333333344        1.1030248178570394     
  0.78666666666666674        1.1262150633186079     
  0.79000000000000004       0.82455003851020914     
  0.79333333333333333       0.74385867373941472     
  0.79666666666666675        1.0950406426939661     
  0.80000000000000004        1.1969215241251849     
  0.80333333333333334        1.0330372111607777     
  0.80666666666666675        1.0346280117760245     
  0.81000000000000005       0.94101347423093862     
  0.81333333333333335       0.74249288090780730     
  0.81666666666666676       0.95528708587625999     
  0.82000000000000006        1.2751676125710347     
  0.82333333333333336        1.1328489108585547     
  0.82666666666666677       0.92233154573119080     
  0.83000000000000007       0.95612954998555522     
  0.83333333333333337       0.87451929739239531     
  0.83666666666666667       0.81663300823353779     
  0.84000000000000008        1.1266866172554459     
  0.84333333333333338        1.3063003982297117     
  0.84666666666666668        1.0251207968913691     
  0.85000000000000009       0.84355872466068627     
  0.85333333333333339       0.93063052410336100     
  0.85666666666666669       0.88411600528443945     
  0.86000000000000010       0.88532934835072219     
  0.86333333333333340        1.1939107618232254     
  0.86666666666666670        1.2997493370736606     
  0.87000000000000011       0.97469210837051379     
  0.87333333333333341       0.80656769239958603     
  0.87666666666666671       0.91961870985015981     
  0.88000000000000000       0.90391445070662391     
  0.88333333333333341       0.88882304504542597     
  0.88666666666666671        1.1891516860028624     
  0.89000000000000001        1.3146936712659552     
  0.89333333333333342        1.0315672650527004     
  0.89666666666666672       0.78575107494015284     
  0.90000000000000002       0.92046472864717099     
  0.90333333333333343       0.87365344794916666     
  0.90666666666666673       0.87585173762746837     
  0.91000000000000003        1.0355756103485023     
  0.91333333333333344        1.4093422278726986     
  0.91666666666666674        1.0970891571924004     
  0.92000000000000004       0.96776456362900543     
  0.92333333333333334       0.78808532416381372     
  0.92666666666666675        1.0249877427320591     
  0.93000000000000005       0.64107686595395508     
  0.93333333333333335       0.97929756176746074     
  0.93666666666666676        1.1029169781011141     
  0.94000000000000006        1.4399996275766833     
  0.94333333333333336        1.0002752336511644     
  0.94666666666666677        1.0464348463381157     
  0.95000000000000007       0.99824552748096507     
  0.95333333333333337       0.82869142644515459     
  0.95666666666666678       0.67749622562225886     
  0.96000000000000008       0.73262070889507258     
  0.96333333333333337        1.2608725363937923     
  0.96666666666666667        1.1073522537920490     
  0.97000000000000008        1.1986571127417760     
  0.97333333333333338        1.1657073473505086     
  0.97666666666666668        1.2653501514893317     
  0.98000000000000009       0.98039399359690493     
  0.98333333333333339       0.56509736635848751     
  0.98666666666666669       0.80835594718797366     
  0.99000000000000010       0.80198211610853798     
  0.99333333333333340       0.91958796590563030     
  0.99666666666666670       0.86761644413384242     
