   0.0000000000000000        1.0559044053319893     
   3.3333333333333335E-003  0.90216308073776041     
   6.6666666666666671E-003  0.87581813703971156     
   1.0000000000000000E-002  0.88432880492641774     
   1.3333333333333334E-002   1.1099442759713276     
   1.6666666666666666E-002   1.3790373906754716     
   2.0000000000000000E-002  0.98864285905742699     
   2.3333333333333334E-002  0.58691467064131075     
   2.6666666666666668E-002  0.94933061178658240     
   3.0000000000000002E-002   1.1655101201645002     
   3.3333333333333333E-002   1.0114342011282567     
   3.6666666666666667E-002   1.0537071694580624     
   4.0000000000000001E-002   1.1215353780128150     
   4.3333333333333335E-002  0.95204062893499086     
   4.6666666666666669E-002  0.91619580566048653     
   5.0000000000000003E-002  0.74570719797515628     
   5.3333333333333337E-002  0.97089255897071747     
   5.6666666666666671E-002   1.3471958222203928     
   6.0000000000000005E-002   1.2893725399237845     
   6.3333333333333339E-002  0.64950811507986206     
   6.6666666666666666E-002  0.89607780064472287     
   7.0000000000000007E-002  0.98246012585702835     
   7.3333333333333334E-002   1.0383016866674941     
   7.6666666666666675E-002  0.88766295020351949     
   8.0000000000000002E-002   1.2564545852893141     
   8.3333333333333343E-002   1.0198587283241984     
   8.6666666666666670E-002   1.1797179550513583     
   9.0000000000000011E-002  0.74078611435504704     
   9.3333333333333338E-002  0.69482809270277479     
   9.6666666666666679E-002  0.95677027792831593     
  0.10000000000000001        1.4437699902825503     
  0.10333333333333335        1.0716058229362924     
  0.10666666666666667       0.83900770604778563     
  0.11000000000000000        1.0954508664730793     
  0.11333333333333334       0.91416024661959394     
  0.11666666666666667       0.87908614670673935     
  0.12000000000000001       0.81625783994164602     
  0.12333333333333334        1.1167633854270755     
  0.12666666666666668        1.1474219640515033     
  0.13000000000000000        1.3606345346780429     
  0.13333333333333333       0.92303527086602266     
  0.13666666666666669       0.55328482959689462     
  0.14000000000000001       0.97508609716365247     
  0.14333333333333334        1.1020128930988544     
  0.14666666666666667        1.0206666511512161     
  0.15000000000000002       0.90208647484917193     
  0.15333333333333335        1.2924992140529945     
  0.15666666666666668        1.1478925307718406     
  0.16000000000000000       0.92106357336727773     
  0.16333333333333333       0.86297111761619372     
  0.16666666666666669       0.60905682412432238     
  0.17000000000000001       0.99475104791543700     
  0.17333333333333334        1.2910597989242045     
  0.17666666666666667        1.2423482009019997     
  0.18000000000000002       0.87419622018840715     
  0.18333333333333335       0.99215169192079167     
  0.18666666666666668        1.2474209925864030     
  0.19000000000000000       0.74935411262752050     
  0.19333333333333336       0.72061406009717177     
  0.19666666666666668       0.87927672664556533     
  0.20000000000000001        1.0712634795545344     
  0.20333333333333334        1.3047882575890082     
  0.20666666666666669        1.2393827251755012     
  0.21000000000000002        1.0470120940448275     
  0.21333333333333335       0.69859573821199139     
  0.21666666666666667        1.0009430168877684     
  0.22000000000000000        1.1024376742491984     
  0.22333333333333336       0.62334906348052199     
  0.22666666666666668       0.81862769863907614     
  0.23000000000000001        1.1779928960994424     
  0.23333333333333334        1.3521545729474898     
  0.23666666666666669        1.2164481912083176     
  0.24000000000000002       0.99885155094512978     
  0.24333333333333335       0.94428847151328543     
  0.24666666666666667       0.69475882428363800     
  0.25000000000000000       0.94592096452472707     
  0.25333333333333335        1.0655030873926887     
  0.25666666666666671       0.65817951148555009     
  0.26000000000000001       0.90168017626687647     
  0.26333333333333336        1.3452039009292278     
  0.26666666666666666        1.4352245309812424     
  0.27000000000000002        1.1280710924331514     
  0.27333333333333337       0.83660932213444394     
  0.27666666666666667       0.98460353943553536     
  0.28000000000000003       0.81728233591065402     
  0.28333333333333333       0.78283355997220727     
  0.28666666666666668        1.0008457813512595     
  0.29000000000000004       0.72059434775230524     
  0.29333333333333333       0.82119042133600573     
  0.29666666666666669        1.3289723320242310     
  0.30000000000000004        1.4874779866259862     
  0.30333333333333334        1.2513426068140090     
  0.30666666666666670       0.85946036704384077     
  0.31000000000000000        1.0178938116339984     
  0.31333333333333335        1.1185631157988905     
  0.31666666666666671       0.72803573143755407     
  0.32000000000000001       0.76203431664206922     
  0.32333333333333336       0.74290198304460719     
  0.32666666666666666       0.58457040204237942     
  0.33000000000000002       0.97731117533013423     
  0.33333333333333337        1.3377820474863875     
  0.33666666666666667        1.3578966684652083     
  0.34000000000000002        1.1139682054022766     
  0.34333333333333338        1.0397651272780626     
  0.34666666666666668        1.4762115614200162     
  0.35000000000000003        1.3635998933721729     
  0.35333333333333333       0.85215702413954342     
  0.35666666666666669       0.83400430033118944     
  0.36000000000000004       0.66627700953760316     
  0.36333333333333334       0.48595481099388654     
  0.36666666666666670       0.72014601123207833     
  0.37000000000000005       0.83416762242763021     
  0.37333333333333335       0.78821255509074073     
  0.37666666666666671       0.64809258290668437     
  0.38000000000000000       0.83336046976323597     
  0.38333333333333336        1.5241530977739639     
  0.38666666666666671        1.5953753769137049     
  0.39000000000000001        1.2754676357343604     
  0.39333333333333337        1.4849679269984433     
  0.39666666666666667        1.5490206854740043     
  0.40000000000000002        1.4190754339407321     
  0.40333333333333338        1.5101046143815489     
  0.40666666666666668        1.4096635737536503     
  0.41000000000000003        1.1197761914754534     
  0.41333333333333339       0.69179398893842592     
  0.41666666666666669       0.40795165148666940     
  0.42000000000000004       0.69250405645712743     
  0.42333333333333334       0.58782161212128270     
  0.42666666666666669      -0.11671443498326865     
  0.43000000000000005      -0.28488453936541558     
  0.43333333333333335      -0.24338675392740011     
  0.43666666666666670      -0.47158527714780607     
  0.44000000000000000      -0.48874440954924314     
  0.44333333333333336      -0.49315877265228458     
  0.44666666666666671      -0.64373767017279326     
  0.45000000000000001      -0.84900102790759091     
  0.45333333333333337       -1.1413695966832798     
  0.45666666666666672      -0.92509224853731953     
  0.46000000000000002      -0.49425794498148012     
  0.46333333333333337      -0.83986205911532341     
  0.46666666666666667       -1.2149485053539353     
  0.47000000000000003       -1.0094481486496012     
  0.47333333333333338      -0.97620552722428144     
  0.47666666666666668       -1.0324916812591001     
  0.48000000000000004      -0.88893202215388689     
  0.48333333333333334      -0.87076570860686853     
  0.48666666666666669      -0.91436070901447186     
  0.49000000000000005       -1.1167502952286390     
  0.49333333333333335       -1.3466983012317379     
  0.49666666666666670      -0.94629715336019815     
  0.50000000000000000      -0.57990773475497837     
  0.50333333333333341      -0.98286713581900687     
  0.50666666666666671       -1.2084205197694033     
  0.51000000000000001       -1.0066604163999873     
  0.51333333333333342       -1.0522858048976587     
  0.51666666666666672       -1.0801742244916881     
  0.52000000000000002      -0.92027935787929271     
  0.52333333333333332      -0.86906382885198363     
  0.52666666666666673      -0.83144800767283833     
  0.53000000000000003       -1.0665112740969305     
  0.53333333333333333       -1.3999020462827538     
  0.53666666666666674       -1.0812259556229238     
  0.54000000000000004      -0.61465469035168430     
  0.54333333333333333      -0.91158711413171312     
  0.54666666666666675       -1.1031968719158940     
  0.55000000000000004      -0.98709678783604959     
  0.55333333333333334       -1.0191092799906305     
  0.55666666666666675       -1.2032148166559822     
  0.56000000000000005       -1.0047243532993229     
  0.56333333333333335      -0.98720547487476829     
  0.56666666666666665      -0.68113596613923466     
  0.57000000000000006      -0.86235579874602886     
  0.57333333333333336       -1.2032445093914710     
  0.57666666666666666       -1.4473049373627538     
  0.58000000000000007      -0.75914341461070411     
  0.58333333333333337      -0.93388889895922755     
  0.58666666666666667      -0.95239235388226029     
  0.59000000000000008       -1.0063204340064829     
  0.59333333333333338      -0.75405502531653179     
  0.59666666666666668       -1.1650341520270227     
  0.60000000000000009       -1.1246752664193505     
  0.60333333333333339       -1.2383878531695844     
  0.60666666666666669       -1.0108045783104238     
  0.60999999999999999      -0.61187996011197232     
  0.61333333333333340      -0.79170349643036553     
  0.61666666666666670       -1.1749942177161148     
  0.62000000000000000       -1.2506871366440007     
  0.62333333333333341      -0.81914597247627208     
  0.62666666666666671       -1.1916165076289771     
  0.63000000000000000       -1.1152169567249868     
  0.63333333333333341      -0.89687488761615131     
  0.63666666666666671      -0.74180398462388208     
  0.64000000000000001      -0.82135140747280855     
  0.64333333333333342       -1.0726636576500483     
  0.64666666666666672       -1.2486947566861450     
  0.65000000000000002       -1.3559985331945021     
  0.65333333333333332      -0.75046045171560838     
  0.65666666666666673      -0.85145663757705192     
  0.66000000000000003       -1.0902945166633766     
  0.66333333333333333      -0.89708174076667502     
  0.66666666666666674      -0.75868295717709711     
  0.67000000000000004      -0.96619326209001610     
  0.67333333333333334       -1.3940858015537125     
  0.67666666666666675       -1.1522276332586945     
  0.68000000000000005       -1.0906844870104107     
  0.68333333333333335      -0.84854562160448377     
  0.68666666666666676      -0.62515455801103403     
  0.69000000000000006       -1.0128995965544163     
  0.69333333333333336       -1.0894732618167049     
  0.69666666666666666      -0.97381219980495226     
  0.70000000000000007      -0.89471197491042254     
  0.70333333333333337       -1.3299612304082515     
  0.70666666666666667       -1.3794930943691790     
  0.71000000000000008      -0.77856547810241539     
  0.71333333333333337      -0.77484572797729889     
  0.71666666666666667      -0.77428620757184474     
  0.72000000000000008      -0.87858225397736034     
  0.72333333333333338       -1.1181903968571234     
  0.72666666666666668       -1.1203989735898838     
  0.73000000000000009       -1.0775453016685941     
  0.73333333333333339      -0.99863350935382500     
  0.73666666666666669       -1.3522546092514756     
  0.74000000000000010       -1.1803798613013119     
  0.74333333333333340      -0.52139306727015344     
  0.74666666666666670      -0.68165186863145732     
  0.75000000000000000      -0.94592096452472962     
  0.75333333333333341       -1.0523961317405084     
  0.75666666666666671       -1.0810749157286883     
  0.76000000000000001       -1.0832084866230631     
  0.76333333333333342       -1.2093974828860712     
  0.76666666666666672       -1.0817034673875818     
  0.77000000000000002       -1.2285186868640037     
  0.77333333333333343       -1.1383805970852494     
  0.77666666666666673      -0.48976220605893511     
  0.78000000000000003      -0.59342691563882044     
  0.78333333333333344       -1.0094903692881279     
  0.78666666666666674       -1.0770957711165625     
  0.79000000000000004      -0.98904096369471561     
  0.79333333333333333      -0.96130079052968509     
  0.79666666666666675       -1.3037993592049857     
  0.80000000000000004       -1.3109264819818707     
  0.80333333333333334       -1.1568071336546260     
  0.80666666666666675       -1.2283195687633728     
  0.81000000000000005      -0.75434832770709803     
  0.81333333333333335      -0.49629668122352577     
  0.81666666666666676      -0.87164180175386707     
  0.82000000000000006      -0.97852258346406806     
  0.82333333333333336      -0.83302255068791520     
  0.82666666666666677      -0.68759640467188743     
  0.83000000000000007       -1.0058689611555589     
  0.83333333333333337       -1.4874081805391677     
  0.83666666666666667       -1.3237860453147285     
  0.84000000000000008       -1.2831991486983771     
  0.84333333333333338       -1.3362010204728512     
  0.84666666666666668      -0.93417279908262851     
  0.85000000000000009      -0.90968783502684636     
  0.85333333333333339       -1.0801851296744758     
  0.85666666666666669      -0.86335353577998752     
  0.86000000000000010      -0.51254231984675869     
  0.86333333333333340      -0.29743565596689764     
  0.86666666666666670      -0.69398562798220687     
  0.87000000000000011       -1.0795852003806852     
  0.87333333333333341      -0.83240709866821372     
  0.87666666666666671      -0.94570999585748994     
  0.88000000000000000       -1.2677897664655859     
  0.88333333333333341       -1.2282450267645919     
  0.88666666666666671       -1.4729186267244809     
  0.89000000000000001       -1.7590385420954660     
  0.89333333333333342       -1.6567647992610863     
  0.89666666666666672       -1.3822386552407147     
  0.90000000000000002       -1.0999807100775316     
  0.90333333333333343       -1.3018407402828429     
  0.90666666666666673       -1.4688905063674080     
  0.91000000000000003      -0.85424187182401989     
  0.91333333333333344      -0.46446838776933125     
  0.91666666666666674      -0.49392148085164145     
  0.92000000000000004      -0.19519288577851635     
  0.92333333333333334       -2.8179624962044868E-002
  0.92666666666666675       -4.8228387740711566E-002
  0.93000000000000005       0.16478021225441830     
  0.93333333333333335       0.45832858843288959     
  0.93666666666666676       0.80928263694271685     
  0.94000000000000006       0.77339259617370282     
  0.94333333333333336       0.34917776708787163     
  0.94666666666666677       0.59552094915287812     
  0.95000000000000007        1.0903906177684892     
  0.95333333333333337       0.95436853042787162     
  0.95666666666666678       0.88463873373403901     
  0.96000000000000008        1.0011386326426108     
  0.96333333333333337       0.86738084528018722     
  0.96666666666666667       0.82648066019943955     
  0.97000000000000008       0.91044930258203260     
  0.97333333333333338        1.0940881313380295     
  0.97666666666666668        1.3146408394697806     
  0.98000000000000009       0.95729552333202628     
  0.98333333333333339       0.57190254242309124     
  0.98666666666666669       0.97201918008813992     
  0.99000000000000010        1.2390819067022105     
  0.99333333333333340        1.0140959185020448     
  0.99666666666666670        1.0270012084414506     
