   0.0000000000000000       0.18289462051956118     
   3.3333333333333335E-003 -0.20080501374666673     
   6.6666666666666671E-003   4.1982674737397786E-002
   1.0000000000000000E-002 -0.47188080069911115     
   1.3333333333333334E-002 -0.56082939928157249     
   1.6666666666666666E-002 -0.84044997308852354     
   2.0000000000000000E-002 -0.54442278881935813     
   2.3333333333333334E-002 -0.78601493734947570     
   2.6666666666666668E-002  -1.0025025811749397     
   3.0000000000000002E-002 -0.96896973405456488     
   3.3333333333333333E-002 -0.90489890547854579     
   3.6666666666666667E-002 -0.74976470205119039     
   4.0000000000000001E-002  -1.1800349827134065     
   4.3333333333333335E-002  -1.0200718688134836     
   4.6666666666666669E-002 -0.96786729801365412     
   5.0000000000000003E-002 -0.84173366412088024     
   5.3333333333333337E-002  -1.0063419323595182     
   5.6666666666666671E-002  -1.2310546115224510     
   6.0000000000000005E-002 -0.88226938506774633     
   6.3333333333333339E-002 -0.93190745783859896     
   6.6666666666666666E-002 -0.92173724470877094     
   7.0000000000000007E-002  -1.1560401724278642     
   7.3333333333333334E-002  -1.1140851162836247     
   7.6666666666666675E-002 -0.77610664420385311     
   8.0000000000000002E-002 -0.99129656375078401     
   8.3333333333333343E-002  -1.0356414128220333     
   8.6666666666666670E-002  -1.1528808796902184     
   9.0000000000000011E-002 -0.98661284932299353     
   9.3333333333333338E-002 -0.75460103414018775     
   9.6666666666666679E-002  -1.0942451817705121     
  0.10000000000000001       -1.1000685599424931     
  0.10333333333333335       -1.0593515546211627     
  0.10666666666666667      -0.92585688980448966     
  0.11000000000000000      -0.78944526911188806     
  0.11333333333333334       -1.1679258797983871     
  0.11666666666666667       -1.1276922915582805     
  0.12000000000000001      -0.94107122392224585     
  0.12333333333333334      -0.92507388451738171     
  0.12666666666666668      -0.85159353909288138     
  0.13000000000000000       -1.1744812788076866     
  0.13333333333333333       -1.1598589057540725     
  0.13666666666666669      -0.84330602270311694     
  0.14000000000000001      -0.92549929239742401     
  0.14333333333333334      -0.94333247341053328     
  0.14666666666666667       -1.1171842421372331     
  0.15000000000000002       -1.1961739033645826     
  0.15333333333333335      -0.81997360796029795     
  0.15666666666666668      -0.86240424948222882     
  0.16000000000000000       -1.0526217403540226     
  0.16333333333333333       -1.0633902954818080     
  0.16666666666666669       -1.1740270438016795     
  0.17000000000000001      -0.91104296489148706     
  0.17333333333333334      -0.75541336948305426     
  0.17666666666666667       -1.0804631155052169     
  0.18000000000000002       -1.1163804435238698     
  0.18333333333333335       -1.0741221445358280     
  0.18666666666666668       -1.0287750766927830     
  0.19000000000000000      -0.75626417109925692     
  0.19333333333333336      -0.93016449079486019     
  0.19666666666666668       -1.2204248454217077     
  0.20000000000000001       -1.0645776515032659     
  0.20333333333333334       -1.0026079260460063     
  0.20666666666666669      -0.90894365713957859     
  0.21000000000000002      -0.78145240771870816     
  0.21333333333333335       -1.1072062196094130     
  0.21666666666666667       -1.2364712537337199     
  0.22000000000000000      -0.97286949799873734     
  0.22333333333333336      -0.93927027759594472     
  0.22666666666666668      -0.87689137746914481     
  0.23000000000000001      -0.85691799482898712     
  0.23333333333333334       -1.1989398145214047     
  0.23666666666666669       -1.2088374508928950     
  0.24000000000000002      -0.90255064320975076     
  0.24333333333333335      -0.90485510866158303     
  0.24666666666666667      -0.89227931684810979     
  0.25000000000000000      -0.90182936310027373     
  0.25333333333333335       -1.2212771182470101     
  0.25666666666666671       -1.2061265363937512     
  0.26000000000000001      -0.87429626910937608     
  0.26333333333333336      -0.87780047534251981     
  0.26666666666666666      -0.91559626337947064     
  0.27000000000000002      -0.90187244523973054     
  0.27333333333333337       -1.1914827226080684     
  0.27666666666666667       -1.2506110175679888     
  0.28000000000000003      -0.90687419769876110     
  0.28333333333333333      -0.84305811947084996     
  0.28666666666666668      -0.92625776554340866     
  0.29000000000000004      -0.87456077473873362     
  0.29333333333333333       -1.0955741497233387     
  0.29666666666666669       -1.3074296649927806     
  0.30000000000000004       -1.0339129758200860     
  0.30333333333333334      -0.83060177139577007     
  0.30666666666666670      -0.91475192897420043     
  0.31000000000000000      -0.85541158525759298     
  0.31333333333333335      -0.92268191626765739     
  0.31666666666666671       -1.2611576628762000     
  0.32000000000000001       -1.2369187638171242     
  0.32333333333333336      -0.93262459414809551     
  0.32666666666666666      -0.90805050353466377     
  0.33000000000000002      -0.89276570475167116     
  0.33333333333333337      -0.76040333657207160     
  0.33666666666666667      -0.98577894530180132     
  0.34000000000000002       -1.3002687411890725     
  0.34333333333333338       -1.1726300433680530     
  0.34666666666666668      -0.99639270937615132     
  0.35000000000000003       -1.0199625223159108     
  0.35333333333333333      -0.84234606321799244     
  0.35666666666666669      -0.67016373073940294     
  0.36000000000000004      -0.94466292222703530     
  0.36333333333333334       -1.2156413873060681     
  0.36666666666666670       -1.1375837277031355     
  0.37000000000000005       -1.1381152772348089     
  0.37333333333333335       -1.2044411141189406     
  0.37666666666666671      -0.92341003694130974     
  0.38000000000000000      -0.64794335406116188     
  0.38333333333333336      -0.80657055349578044     
  0.38666666666666671      -0.98242680009618688     
  0.39000000000000001      -0.95379118414961084     
  0.39333333333333337       -1.1291080071480020     
  0.39666666666666667       -1.3884641566563634     
  0.40000000000000002       -1.2310249679899576     
  0.40333333333333338      -0.91990546414997776     
  0.40666666666666668      -0.89957111582648241     
  0.41000000000000003      -0.86876098629231824     
  0.41333333333333339      -0.64314814290725231     
  0.41666666666666669      -0.69214477946291231     
  0.42000000000000004       -1.0636363949115033     
  0.42333333333333334       -1.2159319148938224     
  0.42666666666666669       -1.1556482667385504     
  0.43000000000000005       -1.2925441255742918     
  0.43333333333333335       -1.4081165919198224     
  0.43666666666666670       -1.1257189917436017     
  0.44000000000000000      -0.79391016934838565     
  0.44333333333333336      -0.78583840427246598     
  0.44666666666666671      -0.76663138148826526     
  0.45000000000000001      -0.54554041762864636     
  0.45333333333333337      -0.54356817322928808     
  0.45666666666666672      -0.90219720865165387     
  0.46000000000000002       -1.1179531265021081     
  0.46333333333333337       -1.1274227464122744     
  0.46666666666666667       -1.2903733803744433     
  0.47000000000000003       -1.6467257519108176     
  0.47333333333333338       -1.6193967223524617     
  0.47666666666666668       -1.4217911140481831     
  0.48000000000000004       -1.2829146315296112     
  0.48333333333333334       -1.3923576174167134     
  0.48666666666666669      -0.97925107349002538     
  0.49000000000000005      -0.67083374741491453     
  0.49333333333333335      -0.31057622585252481     
  0.49666666666666670      -0.45952828658402617     
  0.50000000000000000        8.7699916478768222E-002
  0.50333333333333341       0.23565148426867000     
  0.50666666666666671       0.59094769836983430     
  0.51000000000000001       0.28534346001572941     
  0.51333333333333342       0.70850999581960572     
  0.51666666666666672       0.81390085895736231     
  0.52000000000000002       0.93739218942183955     
  0.52333333333333332       0.74409812210429660     
  0.52666666666666673       0.79235404632905848     
  0.53000000000000003        1.1455414438741101     
  0.53333333333333333       0.95606808683998279     
  0.53666666666666674       0.96572643706997485     
  0.54000000000000004       0.78177513646219587     
  0.54333333333333333        1.1453876991494885     
  0.54666666666666675        1.1112034063780445     
  0.55000000000000004       0.87754525545646000     
  0.55333333333333334       0.93545216728395664     
  0.55666666666666675       0.94987328756777312     
  0.56000000000000005        1.2433495633401748     
  0.56333333333333335       0.92670892599776122     
  0.56666666666666665       0.84498878187235849     
  0.57000000000000006        1.0285728767413045     
  0.57333333333333336        1.0646631618113680     
  0.57666666666666666        1.1589804240860020     
  0.58000000000000007       0.79627598077981021     
  0.58333333333333337       0.91084123227403690     
  0.58666666666666667        1.1484318710428745     
  0.59000000000000008        1.0511423138406555     
  0.59333333333333338        1.0351911249414187     
  0.59666666666666668       0.78194221928310192     
  0.60000000000000009       0.99995821060904821     
  0.60333333333333339        1.2213603939608764     
  0.60666666666666669       0.96641807512150923     
  0.60999999999999999       0.94491516532895314     
  0.61333333333333340       0.85632284906159006     
  0.61666666666666670        1.0458840282774238     
  0.62000000000000000        1.2434300291952149     
  0.62333333333333341       0.89355018435882261     
  0.62666666666666671       0.87609912463165796     
  0.63000000000000000       0.97282907874724744     
  0.63333333333333341        1.0481882553227044     
  0.63666666666666671        1.2171971614167323     
  0.64000000000000001       0.89155888485252699     
  0.64333333333333342       0.79800100528421880     
  0.64666666666666672        1.0724702516972247     
  0.65000000000000002        1.0691720610676048     
  0.65333333333333332        1.1291926498892371     
  0.65666666666666673       0.96059699224260242     
  0.66000000000000003       0.74183302562787390     
  0.66333333333333333        1.0687672984990795     
  0.66666666666666674        1.1660856186413120     
  0.67000000000000004        1.0232589913406716     
  0.67333333333333334        1.0003976861135706     
  0.67666666666666675       0.79603686697566534     
  0.68000000000000005       0.93726499471554359     
  0.68333333333333335        1.2539350829421352     
  0.68666666666666676        1.0507958656167831     
  0.69000000000000006       0.91616444638048700     
  0.69333333333333336       0.91659925761296335     
  0.69666666666666666       0.85364039014769000     
  0.70000000000000007        1.1466191281080453     
  0.70333333333333337        1.2294467565424902     
  0.70666666666666667       0.88745123702477613     
  0.71000000000000008       0.87171975547985581     
  0.71333333333333337       0.94151351228759761     
  0.71666666666666667       0.96652999665384054     
  0.72000000000000008        1.2278311364854895     
  0.72333333333333338        1.1263129951485142     
  0.72666666666666668       0.78285314500825753     
  0.73000000000000009       0.88624854824123533     
  0.73333333333333339        1.0071179197725937     
  0.73666666666666669        1.0335994379636737     
  0.74000000000000010        1.2245135165359982     
  0.74333333333333340        1.0557548227444866     
  0.74666666666666670       0.73604306738093173     
  0.75000000000000000       0.90182936310027395     
  0.75333333333333341        1.0650408687798303     
  0.75666666666666671        1.0552268223108470     
  0.76000000000000001        1.1962591424356208     
  0.76333333333333342        1.0530384882717405     
  0.76666666666666672       0.72377436863066169     
  0.77000000000000002       0.87254189182748043     
  0.77333333333333343        1.0974444901471818     
  0.77666666666666673        1.0635683000154212     
  0.78000000000000003        1.1618358361855137     
  0.78333333333333344        1.1129993765507291     
  0.78666666666666674       0.76056505822159215     
  0.79000000000000004       0.78429342697758464     
  0.79333333333333333        1.0740817296085370     
  0.79666666666666675        1.0805908344962962     
  0.80000000000000004        1.1159544524248630     
  0.80333333333333334        1.1973862266697870     
  0.80666666666666675       0.90118669579230415     
  0.81000000000000005       0.69551130997636335     
  0.81333333333333335       0.94470270519165589     
  0.81666666666666676        1.0813447244698922     
  0.82000000000000006        1.0578033150087967     
  0.82333333333333336        1.2170508426776454     
  0.82666666666666677        1.1530348201651786     
  0.83000000000000007       0.78054967830248767     
  0.83333333333333337       0.75246191141170371     
  0.83666666666666667       0.98040194228452870     
  0.84000000000000008       0.98948002646292221     
  0.84333333333333338        1.0744373006076771     
  0.84666666666666668        1.3056117513050864     
  0.85000000000000009        1.1469643646128873     
  0.85333333333333339       0.79763207277798198     
  0.85666666666666669       0.81549519886572164     
  0.86000000000000010       0.91072251468213827     
  0.86333333333333340       0.84175024859245040     
  0.86666666666666670        1.0259130772717682     
  0.87000000000000011        1.3397674772952470     
  0.87333333333333341        1.2289466996577141     
  0.87666666666666671       0.95493373709986862     
  0.88000000000000000       0.95030215933413265     
  0.88333333333333341       0.88837881677663844     
  0.88666666666666671       0.67082376935939303     
  0.89000000000000001       0.79832128793254598     
  0.89333333333333342        1.1696691924650209     
  0.89666666666666672        1.2264553173166475     
  0.90000000000000002        1.1309146186565109     
  0.90333333333333343        1.2322084266373856     
  0.90666666666666673        1.1801612066277087     
  0.91000000000000003       0.80423152177465429     
  0.91333333333333344       0.63869913425990965     
  0.91666666666666674       0.81694496001091044     
  0.92000000000000004       0.86861581194052351     
  0.92333333333333334       0.83305813501167347     
  0.92666666666666675        1.1062263122662919     
  0.93000000000000005        1.4200114212608521     
  0.93333333333333335        1.3313681290834070     
  0.93666666666666676        1.1309175235844449     
  0.94000000000000006        1.1549903476208125     
  0.94333333333333336        1.0670197282271450     
  0.94666666666666677       0.69574161641270382     
  0.95000000000000007       0.50972882629306837     
  0.95333333333333337       0.68690428159367900     
  0.95666666666666678       0.77688137831565007     
  0.96000000000000008       0.71969328025089729     
  0.96333333333333337       0.91146101139349067     
  0.96666666666666667        1.3415425617358785     
  0.97000000000000008        1.4701540420912742     
  0.97333333333333338        1.4092481875065817     
  0.97666666666666668        1.4637079292933608     
  0.98000000000000009        1.6758840321320878     
  0.98333333333333339        1.4189067315478743     
  0.98666666666666669        1.1269316700280576     
  0.99000000000000010       0.85737108809829876     
  0.99333333333333340       0.94350659895975775     
  0.99666666666666670       0.42468181606202465     
