   0.0000000000000000      -0.85395828055083955     
   3.3333333333333335E-003  -1.0375464912888679     
   6.6666666666666671E-003  -1.1480253071222164     
   1.0000000000000000E-002 -0.96793481000239978     
   1.3333333333333334E-002 -0.84913628163852162     
   1.6666666666666666E-002  -1.0217370896714004     
   2.0000000000000000E-002  -1.1537830417132442     
   2.3333333333333334E-002 -0.99369248070153982     
   2.6666666666666668E-002 -0.84437933275628807     
   3.0000000000000002E-002 -0.98584620026717473     
   3.3333333333333333E-002  -1.1544153857704134     
   3.6666666666666667E-002  -1.0397349457943037     
   4.0000000000000001E-002 -0.85125872830409910     
   4.3333333333333335E-002 -0.93184175677413150     
   4.6666666666666669E-002  -1.1340657654972561     
   5.0000000000000003E-002  -1.1009414081349955     
   5.3333333333333337E-002 -0.88604134377660559     
   5.6666666666666671E-002 -0.87468850499821327     
   6.0000000000000005E-002  -1.0718824671274700     
   6.3333333333333339E-002  -1.1599719889041857     
   6.6666666666666666E-002 -0.95628037126977727     
   7.0000000000000007E-002 -0.85473077112655105     
   7.3333333333333334E-002 -0.95261321932231235     
   7.6666666666666675E-002  -1.1898600530532506     
   8.0000000000000002E-002  -1.0337306530193229     
   8.3333333333333343E-002 -0.93415407481773749     
   8.6666666666666670E-002 -0.79321720344218960     
   9.0000000000000011E-002  -1.1671938435563514     
   9.3333333333333338E-002  -1.0503975944859245     
   9.6666666666666679E-002  -1.1257879241586695     
  0.10000000000000001      -0.69844001359676244     
  0.10333333333333335       -1.0650000439499168     
  0.10666666666666667      -0.99243773834928306     
  0.11000000000000000       -1.2564364784058333     
  0.11333333333333334      -0.86208932279617057     
  0.11666666666666667      -0.87125185948519202     
  0.12000000000000001      -0.96623322521321586     
  0.12333333333333334       -1.0943721475174641     
  0.12666666666666668       -1.2197336968259558     
  0.13000000000000000      -0.81425047662727634     
  0.13333333333333333      -0.93703679856270550     
  0.13666666666666669      -0.88268977333710530     
  0.14000000000000001       -1.1825808712594548     
  0.14333333333333334       -1.1612135912741197     
  0.14666666666666667      -0.86489816690565557     
  0.15000000000000002      -0.92809165606579092     
  0.15333333333333335      -0.83182639018206472     
  0.15666666666666668       -1.1924520367006437     
  0.16000000000000000       -1.1607013905940438     
  0.16333333333333333      -0.93462516376522242     
  0.16666666666666669      -0.93034310012125054     
  0.17000000000000001      -0.77289345783635044     
  0.17333333333333334       -1.1256833189097804     
  0.17666666666666667       -1.1918348666661256     
  0.18000000000000002       -1.0132516324286209     
  0.18333333333333335      -0.99254156386181880     
  0.18666666666666668      -0.73300552198199276     
  0.19000000000000000      -0.97206701800136330     
  0.19333333333333336       -1.1901918696176568     
  0.19666666666666668       -1.0785863868681513     
  0.20000000000000001       -1.1188213979265196     
  0.20333333333333334      -0.81370599888568318     
  0.20666666666666669      -0.77815443509425319     
  0.21000000000000002       -1.0818681964424348     
  0.21333333333333335       -1.0683959292875056     
  0.21666666666666667       -1.2030582449723897     
  0.22000000000000000       -1.0825171338984174     
  0.22333333333333336      -0.74124296954272695     
  0.22666666666666668      -0.88920861098698523     
  0.23000000000000001      -0.95543044492474793     
  0.23333333333333334       -1.0559108730595086     
  0.23666666666666669       -1.3047332116219095     
  0.24000000000000002       -1.0417634877900357     
  0.24333333333333335      -0.84953939184906191     
  0.24666666666666667      -0.89593476470126454     
  0.25000000000000000      -0.77989110675654605     
  0.25333333333333335       -1.0308750863250324     
  0.25666666666666671       -1.2877358786884041     
  0.26000000000000001       -1.0977574401666912     
  0.26333333333333336       -1.0629499985698136     
  0.26666666666666666      -0.94054829465404310     
  0.27000000000000002      -0.66914182674698008     
  0.27333333333333337      -0.88592699130587993     
  0.27666666666666667       -1.1013117974848425     
  0.28000000000000003       -1.0847311093748202     
  0.28333333333333333       -1.2739016077302141     
  0.28666666666666668       -1.1784209666252405     
  0.29000000000000004      -0.81233242025056851     
  0.29333333333333333      -0.82425138683730459     
  0.29666666666666669      -0.83164355999659789     
  0.30000000000000004      -0.77643416446255442     
  0.30333333333333334       -1.1189030300280731     
  0.30666666666666670       -1.3090096730437726     
  0.31000000000000000       -1.1494901412434948     
  0.31333333333333335       -1.1752543232367918     
  0.31666666666666671       -1.0596119957379306     
  0.32000000000000001      -0.68676401576143542     
  0.32333333333333336      -0.70269950931155867     
  0.32666666666666666      -0.86863712116128611     
  0.33000000000000002      -0.83242050704420012     
  0.33333333333333337       -1.0729716466211854     
  0.33666666666666667       -1.3944230955443107     
  0.34000000000000002       -1.2815913509151264     
  0.34333333333333338       -1.1816192334180704     
  0.34666666666666668       -1.2138007808408966     
  0.35000000000000003      -0.89731625950406868     
  0.35333333333333333      -0.59686428426824290     
  0.35666666666666669      -0.68941315489805055     
  0.36000000000000004      -0.68219691741636745     
  0.36333333333333334      -0.60965157917396362     
  0.36666666666666670      -0.93726786488579239     
  0.37000000000000005       -1.2599965034707532     
  0.37333333333333335       -1.2654244959119736     
  0.37666666666666671       -1.4331766427518100     
  0.38000000000000000       -1.6825441624941091     
  0.38333333333333336       -1.5168418587874242     
  0.38666666666666671       -1.2742738217436633     
  0.39000000000000001       -1.2696428201623622     
  0.39333333333333337       -1.0337603257338233     
  0.39666666666666667      -0.55476386104439368     
  0.40000000000000002      -0.36269182572874092     
  0.40333333333333338      -0.25969017797388738     
  0.40666666666666668       0.14274148376704299     
  0.41000000000000003       0.43779614180270154     
  0.41333333333333339       0.40535704410292428     
  0.41666666666666669       0.53805678832893489     
  0.42000000000000004       0.85012458252083589     
  0.42333333333333334       0.85433617653477356     
  0.42666666666666669       0.73490009905822784     
  0.43000000000000005       0.91721509988877048     
  0.43333333333333335        1.0778734438365880     
  0.43666666666666670       0.91465364483542588     
  0.44000000000000000       0.85369625598150467     
  0.44333333333333336        1.0687164226550749     
  0.44666666666666671        1.0915572487633667     
  0.45000000000000001       0.88392437226329834     
  0.45333333333333337       0.92156438335053370     
  0.45666666666666672        1.1265462584884984     
  0.46000000000000002        1.0476196366166892     
  0.46333333333333337       0.86012228604530938     
  0.46666666666666667       0.97537216680305239     
  0.47000000000000003        1.1442675840393126     
  0.47333333333333338        1.0029848559274837     
  0.47666666666666668       0.85377413451861861     
  0.48000000000000004        1.0139208919841005     
  0.48333333333333334        1.1459972013677797     
  0.48666666666666669       0.97341267826031452     
  0.49000000000000005       0.85462255039429547     
  0.49333333333333335        1.0347177731581592     
  0.49666666666666670        1.1451982892780288     
  0.50000000000000000       0.96161238854188591     
  0.50333333333333341       0.85395858540852176     
  0.50666666666666671        1.0375480039676306     
  0.51000000000000001        1.1480234696953115     
  0.51333333333333342       0.96793875221617687     
  0.51666666666666672       0.84912924543031110     
  0.52000000000000002        1.0217500092273701     
  0.52333333333333332        1.1537599266719385     
  0.52666666666666673       0.99373333713287482     
  0.53000000000000003       0.84430828658930523     
  0.53333333333333333       0.98596780479148105     
  0.53666666666666674        1.1542106727018202     
  0.54000000000000004        1.0400737156340059     
  0.54333333333333333       0.85070799839579203     
  0.54666666666666675       0.93272065042919794     
  0.55000000000000004        1.1326899984305840     
  0.55333333333333334        1.1030518078707849     
  0.55666666666666675       0.88287223516939994     
  0.56000000000000005       0.87934146918745526     
  0.56333333333333335        1.0652126242722444     
  0.56666666666666665        1.1692904514898568     
  0.57000000000000006       0.94361846685468442     
  0.57333333333333336       0.87141987293635703     
  0.57666666666666666       0.93134810042557337     
  0.58000000000000007        1.2159351640244749     
  0.58333333333333337        1.0031579532137045     
  0.58666666666666667       0.96810453822414988     
  0.59000000000000008       0.75806052109633904     
  0.59333333333333338        1.2001793857101446     
  0.59666666666666668        1.0241338110343805     
  0.60000000000000009        1.1399291778346914     
  0.60333333333333339       0.70197666128613601     
  0.60666666666666669        1.0391612760474278     
  0.60999999999999999        1.0428892769963456     
  0.61333333333333340        1.1828126866767426     
  0.61666666666666670       0.95259414067322956     
  0.62000000000000000       0.77527709177683568     
  0.62333333333333341        1.0521757745683544     
  0.62666666666666671        1.0354733892716781     
  0.63000000000000000        1.2370355707662002     
  0.63333333333333341       0.84602630141875823     
  0.63666666666666671       0.85972802293396466     
  0.64000000000000001       0.98928713192524920     
  0.64333333333333342        1.0736220731382988     
  0.64666666666666672        1.2411530466027714     
  0.65000000000000002       0.84034600549335936     
  0.65333333333333332       0.88593881200338931     
  0.65666666666666673       0.93018705792811318     
  0.66000000000000003        1.0699684137989964     
  0.66333333333333333        1.2626638421338006     
  0.66666666666666674       0.89420946547385793     
  0.67000000000000004       0.88962933266848054     
  0.67333333333333334       0.88128704926782930     
  0.67666666666666675       0.99446641651939971     
  0.68000000000000005        1.2865799520272809     
  0.68333333333333335        1.0017314034441234     
  0.68666666666666676       0.91160103618551225     
  0.69000000000000006       0.86895683890303965     
  0.69333333333333336       0.85051361502676703     
  0.69666666666666666        1.2306877450469997     
  0.70000000000000007        1.1449853234266965     
  0.70333333333333337       0.97978870085705438     
  0.70666666666666667       0.94552370095033778     
  0.71000000000000008       0.73427142571017423     
  0.71333333333333337        1.0071592680725618     
  0.71666666666666667        1.2177821013231449     
  0.72000000000000008        1.0750262004902660     
  0.72333333333333338        1.1018456195871908     
  0.72666666666666668       0.84763652804376677     
  0.73000000000000009       0.72846392579026342     
  0.73333333333333339        1.0555794462776802     
  0.73666666666666669        1.0926343115842179     
  0.74000000000000010        1.1547218001979027     
  0.74333333333333340        1.1922687416881905     
  0.74666666666666670       0.81765365570024606     
  0.75000000000000000       0.77989110675654327     
  0.75333333333333341       0.95259397732401430     
  0.75666666666666671       0.94500652884927472     
  0.76000000000000001        1.2107157525745569     
  0.76333333333333342        1.2750488986075015     
  0.76666666666666672       0.94021686787221537     
  0.77000000000000002       0.89610834588146449     
  0.77333333333333343       0.84435490836266391     
  0.77666666666666673       0.74070914744037752     
  0.78000000000000003        1.0772401759666690     
  0.78333333333333344        1.2591777513794586     
  0.78666666666666674        1.1171843054102983     
  0.79000000000000004        1.1599291909828284     
  0.79333333333333333       0.99162065269338939     
  0.79666666666666675       0.66556085802522758     
  0.80000000000000004       0.80259808996273263     
  0.80333333333333334       0.96680167184922416     
  0.80666666666666675       0.96933141845288051     
  0.81000000000000005        1.2526003203418150     
  0.81333333333333335        1.3538498374403076     
  0.81666666666666676        1.0504221561556235     
  0.82000000000000006       0.96009233536009275     
  0.82333333333333336       0.90006795945828433     
  0.82666666666666677       0.62424085151933650     
  0.83000000000000007       0.71568463221206802     
  0.83333333333333337        1.0368380119737928     
  0.83666666666666667        1.0663844171757337     
  0.84000000000000008        1.1908583741200782     
  0.84333333333333338        1.4438842121906006     
  0.84666666666666668        1.2679132026622228     
  0.85000000000000009       0.98506191007650135     
  0.85333333333333339       0.97311916396535991     
  0.85666666666666669       0.77700467303387000     
  0.86000000000000010       0.48890317808216371     
  0.86333333333333340       0.63261332957710559     
  0.86666666666666670       0.84625736774184301     
  0.87000000000000011       0.83721140933182736     
  0.87333333333333341        1.0811641883576959     
  0.87666666666666671        1.4753730157009204     
  0.88000000000000000        1.4915880290577286     
  0.88333333333333341        1.4354995775993846     
  0.88666666666666671        1.5949971856242340     
  0.89000000000000001        1.4831900215718483     
  0.89333333333333342        1.0804838634319682     
  0.89666666666666672       0.91778724370817555     
  0.90000000000000002       0.80418098996667042     
  0.90333333333333343       0.36134429109817479     
  0.90666666666666673        7.0403074571802546E-003
  0.91000000000000003       -2.8662819342686906E-002
  0.91333333333333344      -0.23046970932096511     
  0.91666666666666674      -0.60706066672489833     
  0.92000000000000004      -0.66792007151568111     
  0.92333333333333334      -0.59582422390709866     
  0.92666666666666675      -0.81609344544418516     
  0.93000000000000005       -1.0061027956169013     
  0.93333333333333335      -0.86486336361650529     
  0.93666666666666676      -0.81989428020348265     
  0.94000000000000006       -1.0462372539215201     
  0.94333333333333336       -1.0769001528262603     
  0.94666666666666677      -0.87454678466918712     
  0.95000000000000007      -0.91567296255888508     
  0.95333333333333337       -1.1229094984185894     
  0.95666666666666678       -1.0454125001101569     
  0.96000000000000008      -0.85880464928678324     
  0.96333333333333337      -0.97459801295282356     
  0.96666666666666667       -1.1438197477819816     
  0.97000000000000008       -1.0027296703614428     
  0.97333333333333338      -0.85363085155089480     
  0.97666666666666668       -1.0138415804890153     
  0.98000000000000009       -1.1459539244699712     
  0.98333333333333339      -0.97338935712668850     
  0.98666666666666669      -0.85461020768265883     
  0.99000000000000010       -1.0347112100872067     
  0.99333333333333340       -1.1451950763127432     
  0.99666666666666670      -0.96161038339768212     
