   0.0000000000000000       -1.1278447723691971     
   3.3333333333333335E-003  -1.0809563125090078     
   6.6666666666666671E-003 -0.87301031410771712     
   1.0000000000000000E-002 -0.91368056748066562     
   1.3333333333333334E-002  -1.1232821401008852     
   1.6666666666666666E-002  -1.0953731471521981     
   2.0000000000000000E-002 -0.88363537006134441     
   2.3333333333333334E-002 -0.89282871810385900     
   2.6666666666666668E-002  -1.1045675009847138     
   3.0000000000000002E-002  -1.1220312313077483     
   3.3333333333333333E-002 -0.91099232399538355     
   3.6666666666666667E-002 -0.86516880035915944     
   4.0000000000000001E-002  -1.0628289748889541     
   4.3333333333333335E-002  -1.1528051377098301     
   4.6666666666666669E-002 -0.95962998945748557     
   5.0000000000000003E-002 -0.85015649535518412     
   5.3333333333333337E-002 -0.98649930448962941     
   5.6666666666666671E-002  -1.1754155204146766     
   6.0000000000000005E-002  -1.0193933873553436     
   6.3333333333333339E-002 -0.88613329362229842     
   6.6666666666666666E-002 -0.86836360065637930     
   7.0000000000000007E-002  -1.1793839321595123     
   7.3333333333333334E-002  -1.0524043425699312     
   7.6666666666666675E-002  -1.0128916215577335     
   8.0000000000000002E-002 -0.73609797396682197     
   8.3333333333333343E-002  -1.1457901807164390     
   8.6666666666666670E-002  -1.0287365348457902     
   9.0000000000000011E-002  -1.1839283881928586     
   9.3333333333333338E-002 -0.71843452944993880     
   9.6666666666666679E-002  -1.0107880698962395     
  0.10000000000000001       -1.0103372082892121     
  0.10333333333333335       -1.2033642739118564     
  0.10666666666666667      -0.97006329325340435     
  0.11000000000000000      -0.78792348489934994     
  0.11333333333333334       -1.0267985600981433     
  0.11666666666666667       -1.0291895496191932     
  0.12000000000000001       -1.2437381164649863     
  0.12333333333333334      -0.84463517738103644     
  0.12666666666666668      -0.87559247635084769     
  0.13000000000000000      -0.97714776059118147     
  0.13333333333333333       -1.0880148698642362     
  0.13666666666666669       -1.2245341862367267     
  0.14000000000000001      -0.82201633954691489     
  0.14333333333333334      -0.90386930488876638     
  0.14666666666666667      -0.93664502392068560     
  0.15000000000000002       -1.1067629636234146     
  0.15333333333333335       -1.2301135228505018     
  0.15666666666666668      -0.84909580564540033     
  0.16000000000000000      -0.90009400103166604     
  0.16333333333333333      -0.90087775582053009     
  0.16666666666666669       -1.0656588417918036     
  0.17000000000000001       -1.2666049407155464     
  0.17333333333333334      -0.92021848412254859     
  0.17666666666666667      -0.89264165428095410     
  0.18000000000000002      -0.87587009891494449     
  0.18333333333333335      -0.95549745765785365     
  0.18666666666666668       -1.2800692499026702     
  0.19000000000000000       -1.0505218512345811     
  0.19333333333333336      -0.90990214688786297     
  0.19666666666666668      -0.89363758340536070     
  0.20000000000000001      -0.81029304469124597     
  0.20333333333333334       -1.1678148395171755     
  0.20666666666666669       -1.2055064143868714     
  0.21000000000000002      -0.98458391013456836     
  0.21333333333333335      -0.97977819067280625     
  0.21666666666666667      -0.76650571920916033     
  0.22000000000000000      -0.88876698566540668     
  0.22333333333333336       -1.2211180478393080     
  0.22666666666666668       -1.1082347090531020     
  0.23000000000000001       -1.0875120459666008     
  0.23333333333333334      -0.96796889573952694     
  0.23666666666666669      -0.69723758240725886     
  0.24000000000000002      -0.94069401072133019     
  0.24333333333333335       -1.1301615036912200     
  0.24666666666666667       -1.0956117615883971     
  0.25000000000000000       -1.2200995169178255     
  0.25333333333333335      -0.98496019770794574     
  0.25666666666666671      -0.71448258503809503     
  0.26000000000000001      -0.90381394385753644     
  0.26333333333333336      -0.96244142215613859     
  0.26666666666666666       -1.0543425788390881     
  0.27000000000000002       -1.3153875988628532     
  0.27333333333333337       -1.1095533659604133     
  0.27666666666666667      -0.85134526046315651     
  0.28000000000000003      -0.89849528311411997     
  0.28333333333333333      -0.77933847486823804     
  0.28666666666666668      -0.85277002556698189     
  0.29000000000000004       -1.2301912465806812     
  0.29333333333333333       -1.2192383520651435     
  0.29666666666666669       -1.0939476716641605     
  0.30000000000000004       -1.1243158147785128     
  0.30333333333333334      -0.84499044416485258     
  0.30666666666666670      -0.64902888498032962     
  0.31000000000000000      -0.89667950739471625     
  0.31333333333333335      -0.99759604261413348     
  0.31666666666666671       -1.0421333810281901     
  0.32000000000000001       -1.3306972880501482     
  0.32333333333333336       -1.2884315068638859     
  0.32666666666666666      -0.96570874010516716     
  0.33000000000000002      -0.92710170586584750     
  0.33333333333333337      -0.83618197648185899     
  0.33666666666666667      -0.60553528651790556     
  0.34000000000000002      -0.79399151880809427     
  0.34333333333333338       -1.1027538810989341     
  0.34666666666666668       -1.1053807498119503     
  0.35000000000000003       -1.2387689487999822     
  0.35333333333333333       -1.4428358896783355     
  0.35666666666666669       -1.2102541328775160     
  0.36000000000000004      -0.92848380996819391     
  0.36333333333333334      -0.92342733462869719     
  0.36666666666666670      -0.73535521437085660     
  0.37000000000000005      -0.47808007756070237     
  0.37333333333333335      -0.65134897204152042     
  0.37666666666666671      -0.89061957106778955     
  0.38000000000000000      -0.89337403283314698     
  0.38333333333333336       -1.1201589906960381     
  0.38666666666666671       -1.5098611293313264     
  0.39000000000000001       -1.5289265080620407     
  0.39333333333333337       -1.4296825568605707     
  0.39666666666666667       -1.5577672590348959     
  0.40000000000000002       -1.4729294740535734     
  0.40333333333333338       -1.0585012609096025     
  0.40666666666666668      -0.84497194401416731     
  0.41000000000000003      -0.76101572018609542     
  0.41333333333333339      -0.36533488092268673     
  0.41666666666666669        3.7042772282159832E-002
  0.42000000000000004        9.3204157929700937E-002
  0.42333333333333334       0.21677484469528030     
  0.42666666666666669       0.58775499151915367     
  0.43000000000000005       0.72618352769394034     
  0.43333333333333335       0.62131958528100362     
  0.43666666666666670       0.75926904298801101     
  0.44000000000000000        1.0071359685871522     
  0.44333333333333336       0.93343653316724562     
  0.44666666666666671       0.80231359511836164     
  0.45000000000000001       0.97835785918723406     
  0.45333333333333337        1.1145467573310879     
  0.45666666666666672       0.93899717654218762     
  0.46000000000000002       0.86043153930918614     
  0.46333333333333337        1.0653455136704761     
  0.46666666666666667        1.1157002283388422     
  0.47000000000000003       0.90744418701487284     
  0.47333333333333338       0.89166191002341222     
  0.47666666666666668        1.1044003627874881     
  0.48000000000000004        1.0957927779182384     
  0.48333333333333334       0.88439203841569558     
  0.48666666666666669       0.91249426972566439     
  0.49000000000000005        1.1222008970377149     
  0.49333333333333335        1.0815949433623209     
  0.49666666666666670       0.87367209537617541     
  0.50000000000000000       0.92059542439462128     
  0.50333333333333341        1.1278506317407548     
  0.50666666666666671        1.0809768871502137     
  0.51000000000000001       0.87298993661057955     
  0.51333333333333342       0.91372465931539137     
  0.51666666666666672        1.1232102404873709     
  0.52000000000000002        1.0954975099446758     
  0.52333333333333332       0.88342841670636663     
  0.52666666666666673       0.89316960982803462     
  0.53000000000000003        1.1040167946563031     
  0.53333333333333333        1.1229053938296210     
  0.53666666666666674       0.90963101959570691     
  0.54000000000000004       0.86724716323734663     
  0.54333333333333333        1.0597214539511697     
  0.54666666666666675        1.1573500559988859     
  0.55000000000000004       0.95313696401105030     
  0.55333333333333334       0.85920240682605342     
  0.55666666666666675       0.97423459460799944     
  0.56000000000000005        1.1915575875280104     
  0.56333333333333335       0.99883722795192909     
  0.56666666666666665       0.91135191283093619     
  0.57000000000000006       0.83873773231929416     
  0.57333333333333336        1.2124135821831645     
  0.57666666666666666        1.0179558882975266     
  0.58000000000000007        1.0456362505780676     
  0.58333333333333337       0.70930912062765239     
  0.58666666666666667        1.1615108774839282     
  0.59000000000000008        1.0294478398655338     
  0.59333333333333338        1.1621447755782306     
  0.59666666666666668       0.76393642074531010     
  0.60000000000000009       0.94228095782272325     
  0.60333333333333339        1.0966614943491302     
  0.60666666666666669        1.1093082060935007     
  0.60999999999999999        1.0575855916418651     
  0.61333333333333340       0.72323813730698439     
  0.61666666666666670        1.0538097478953665     
  0.62000000000000000        1.0489276115488817     
  0.62333333333333341        1.1779233650383718     
  0.62666666666666671       0.94389232125883327     
  0.63000000000000000       0.76653165746205698     
  0.63333333333333341        1.0662394651377962     
  0.63666666666666671        1.0465234271647466     
  0.64000000000000001        1.2025586693476602     
  0.64333333333333342       0.90392496478805351     
  0.64666666666666672       0.78699178541650394     
  0.65000000000000002        1.0480399024404317     
  0.65333333333333332        1.0433100497719148     
  0.65666666666666673        1.2181715087299945     
  0.66000000000000003       0.93513984573328979     
  0.66333333333333333       0.77332496028466546     
  0.66666666666666674        1.0138778679780536     
  0.67000000000000004        1.0190950105295102     
  0.67333333333333334        1.2216811637579501     
  0.67666666666666675        1.0382727843049757     
  0.68000000000000005       0.75865471186529188     
  0.68333333333333335       0.95595639010485933     
  0.68666666666666676       0.97482005604353594     
  0.69000000000000006        1.1683527419927515     
  0.69333333333333336        1.1938858081194257     
  0.69666666666666666       0.81841569007498560     
  0.70000000000000007       0.87587945459726324     
  0.70333333333333337       0.93007031778139182     
  0.70666666666666667        1.0190304818831493     
  0.71000000000000008        1.2868293602944563     
  0.71333333333333337        1.0275396498293428     
  0.71666666666666667       0.83797840869679241     
  0.72000000000000008       0.91065846807581019     
  0.72333333333333338       0.84582178328514435     
  0.72666666666666668        1.1281281106055463     
  0.73000000000000009        1.2715414288594156     
  0.73333333333333339       0.97694674585733710     
  0.73666666666666669       0.93769461403825216     
  0.74000000000000010       0.84834760278881871     
  0.74333333333333340       0.78824840041021638     
  0.74666666666666670        1.1574613635745348     
  0.75000000000000000        1.2200995169178259     
  0.75333333333333341        1.0468097996940844     
  0.75666666666666671        1.0563956883190946     
  0.76000000000000001       0.81146753592502352     
  0.76333333333333342       0.72198439052514407     
  0.76666666666666672        1.0633204289568985     
  0.77000000000000002        1.1313582159700355     
  0.77333333333333343        1.1294467675128548     
  0.77666666666666673        1.2266415250173190     
  0.78000000000000003       0.92038676552452525     
  0.78333333333333344       0.70786578538060596     
  0.78666666666666674       0.90053148472351874     
  0.79000000000000004       0.92794579642079300     
  0.79333333333333333        1.0327624195614218     
  0.79666666666666675        1.3316921933999442     
  0.80000000000000004        1.1899022246845290     
  0.80333333333333334       0.92021233749522846     
  0.80666666666666675       0.93301254621189333     
  0.81000000000000005       0.77884861663654814     
  0.81333333333333335       0.69234684875499930     
  0.81666666666666676        1.0416744485811824     
  0.82000000000000006        1.2134819010004947     
  0.82333333333333336        1.1428003768398605     
  0.82666666666666677        1.2671714197405639     
  0.83000000000000007        1.1746116360518826     
  0.83333333333333337       0.78440100266810842     
  0.83666666666666667       0.73308808205376796     
  0.84000000000000008       0.82903736350971846     
  0.84333333333333338       0.73367817801434065     
  0.84666666666666668       0.91857727673336409     
  0.85000000000000009        1.2974920099829639     
  0.85333333333333339        1.2931826511741529     
  0.85666666666666669        1.2101984729782309     
  0.86000000000000010        1.3090261397689396     
  0.86333333333333340        1.1014380937006767     
  0.86666666666666670       0.71357980964441770     
  0.87000000000000011       0.68869618068982918     
  0.87333333333333341       0.71964881694950678     
  0.87666666666666671       0.55733138341045207     
  0.88000000000000000       0.69856352791704146     
  0.88333333333333341        1.0955387924198652     
  0.88666666666666671        1.2063007065401679     
  0.89000000000000001        1.2592644013195249     
  0.89333333333333342        1.5689274697006672     
  0.89666666666666672        1.6644700385976199     
  0.90000000000000002        1.4048732235870829     
  0.90333333333333343        1.3053529100605348     
  0.90666666666666673        1.2886821901424574     
  0.91000000000000003       0.91549626851341925     
  0.91333333333333344       0.49810922356082799     
  0.91666666666666674       0.39943828780662810     
  0.92000000000000004       0.21633411868154367     
  0.92333333333333334      -0.22183911143507076     
  0.92666666666666675      -0.42774575190591685     
  0.93000000000000005      -0.38553732785372019     
  0.93333333333333335      -0.57833127310644949     
  0.93666666666666676      -0.87197297731764201     
  0.94000000000000006      -0.83497176841448362     
  0.94333333333333336      -0.73225560736056594     
  0.94666666666666677      -0.92961049278193619     
  0.95000000000000007       -1.0813383278430984     
  0.95333333333333337      -0.91682669078968748     
  0.95666666666666678      -0.84591349278352779     
  0.96000000000000008       -1.0560133509607903     
  0.96333333333333337       -1.1098077329070217     
  0.96666666666666667      -0.90378715850460412     
  0.97000000000000008      -0.88942975036342609     
  0.97333333333333338       -1.1030598011800885     
  0.97666666666666668       -1.0950000613899942     
  0.98000000000000009      -0.88393063803490568     
  0.98333333333333339      -0.91222913175086673     
  0.98666666666666669       -1.1220517505111554     
  0.99000000000000010       -1.0815102661676250     
  0.99333333333333340      -0.87362837031982377     
  0.99666666666666670      -0.92056641460792032     
