   0.0000000000000000      -0.90919211967822422     
   3.3333333333333335E-003 -0.73694245049928453     
   6.6666666666666671E-003  -1.0574131159855766     
   1.0000000000000000E-002  -1.2913515085309328     
   1.3333333333333334E-002  -1.0393034799767340     
   1.6666666666666666E-002 -0.70849199758101089     
   2.0000000000000000E-002 -0.79981029836026063     
   2.3333333333333334E-002  -1.1825666182658714     
   2.6666666666666668E-002  -1.3512813127783905     
   3.0000000000000002E-002  -1.1009681790826811     
   3.3333333333333333E-002 -0.71377910700419500     
   3.6666666666666667E-002 -0.58588060762233773     
   4.0000000000000001E-002 -0.83447642086518037     
   4.3333333333333335E-002  -1.2544246969319759     
   4.6666666666666669E-002  -1.5428743533855080     
   5.0000000000000003E-002  -1.5213640974865306     
   5.3333333333333337E-002  -1.2002890133241859     
   5.6666666666666671E-002 -0.71007792717586671     
   6.0000000000000005E-002 -0.19858148573432066     
   6.3333333333333339E-002  0.23417697998364906     
   6.6666666666666666E-002  0.54993430089716833     
   7.0000000000000007E-002  0.75492939534650494     
   7.3333333333333334E-002  0.87560571751967342     
   7.6666666666666675E-002  0.94084463664473506     
   8.0000000000000002E-002  0.97353202916304216     
   8.3333333333333343E-002  0.98881703995113435     
   8.6666666666666670E-002  0.99552429498569150     
   9.0000000000000011E-002  0.99829855957567126     
   9.3333333333333338E-002  0.99938417212203601     
   9.6666666666666679E-002  0.99978733052435920     
  0.10000000000000001       0.99992979489703371     
  0.10333333333333335       0.99997780892176313     
  0.10666666666666667       0.99999327349805966     
  0.11000000000000000       0.99999804208975696     
  0.11333333333333334       0.99999945206974095     
  0.11666666666666667       0.99999985240389466     
  0.12000000000000001       0.99999996169219918     
  0.12333333333333334       0.99999999041106902     
  0.12666666666666668       0.99999999768314884     
  0.13000000000000000       0.99999999945922657     
  0.13333333333333333       0.99999999987797772     
  0.13666666666666669       0.99999999997336442     
  0.14000000000000001       0.99999999999437217     
  0.14333333333333334       0.99999999999884814     
  0.14666666666666667       0.99999999999977152     
  0.15000000000000002       0.99999999999995626     
  0.15333333333333335       0.99999999999999178     
  0.15666666666666668       0.99999999999999867     
  0.16000000000000000       0.99999999999999989     
  0.16333333333333333        1.0000000000000000     
  0.16666666666666669        1.0000000000000000     
  0.17000000000000001        1.0000000000000000     
  0.17333333333333334        1.0000000000000000     
  0.17666666666666667        1.0000000000000000     
  0.18000000000000002        1.0000000000000000     
  0.18333333333333335        1.0000000000000000     
  0.18666666666666668        1.0000000000000000     
  0.19000000000000000        1.0000000000000000     
  0.19333333333333336        1.0000000000000000     
  0.19666666666666668        1.0000000000000000     
  0.20000000000000001        1.0000000000000000     
  0.20333333333333334        1.0000000000000000     
  0.20666666666666669        1.0000000000000000     
  0.21000000000000002        1.0000000000000000     
  0.21333333333333335        1.0000000000000000     
  0.21666666666666667        1.0000000000000000     
  0.22000000000000000        1.0000000000000000     
  0.22333333333333336        1.0000000000000000     
  0.22666666666666668        1.0000000000000000     
  0.23000000000000001        1.0000000000000000     
  0.23333333333333334        1.0000000000000000     
  0.23666666666666669        1.0000000000000000     
  0.24000000000000002        1.0000000000000000     
  0.24333333333333335        1.0000000000000000     
  0.24666666666666667        1.0000000000000000     
  0.25000000000000000        1.0000000000000000     
  0.25333333333333335        1.0000000000000000     
  0.25666666666666671        1.0000000000000000     
  0.26000000000000001        1.0000000000000000     
  0.26333333333333336        1.0000000000000000     
  0.26666666666666666        1.0000000000000000     
  0.27000000000000002        1.0000000000000000     
  0.27333333333333337        1.0000000000000000     
  0.27666666666666667        1.0000000000000000     
  0.28000000000000003        1.0000000000000000     
  0.28333333333333333        1.0000000000000000     
  0.28666666666666668        1.0000000000000000     
  0.29000000000000004        1.0000000000000000     
  0.29333333333333333        1.0000000000000000     
  0.29666666666666669        1.0000000000000000     
  0.30000000000000004        1.0000000000000000     
  0.30333333333333334        1.0000000000000000     
  0.30666666666666670        1.0000000000000000     
  0.31000000000000000        1.0000000000000000     
  0.31333333333333335        1.0000000000000000     
  0.31666666666666671        1.0000000000000000     
  0.32000000000000001        1.0000000000000000     
  0.32333333333333336        1.0000000000000000     
  0.32666666666666666        1.0000000000000000     
  0.33000000000000002        1.0000000000000000     
  0.33333333333333337        1.0000000000000000     
  0.33666666666666667        1.0000000000000000     
  0.34000000000000002        1.0000000000000000     
  0.34333333333333338       0.99999999999999900     
  0.34666666666666668        1.0000000000000053     
  0.35000000000000003       0.99999999999997025     
  0.35333333333333333        1.0000000000001539     
  0.35666666666666669       0.99999999999923117     
  0.36000000000000004        1.0000000000037073     
  0.36333333333333334       0.99999999998269973     
  0.36666666666666670        1.0000000000780864     
  0.37000000000000005       0.99999999965933528     
  0.37333333333333335        1.0000000014354129     
  0.37666666666666671       0.99999999416333363     
  0.38000000000000000        1.0000000228822030     
  0.38333333333333336       0.99999991359389895     
  0.38666666666666671        1.0000003139280527     
  0.39000000000000001       0.99999890394806878     
  0.39333333333333337        1.0000036725397652     
  0.39666666666666667       0.99998820796346921     
  0.40000000000000002        1.0000362219881984     
  0.40333333333333338       0.99989375761552368     
  0.40666666666666668        1.0002969160178476     
  0.41000000000000003       0.99921130347148279     
  0.41333333333333339        1.0019855680614620     
  0.41666666666666669       0.99527831302690495     
  0.42000000000000004        1.0105633238149978     
  0.42333333333333334       0.97787593129669081     
  0.42666666666666669        1.0431148504217520     
  0.43000000000000005       0.92243852824858352     
  0.43333333333333335        1.1274336226979189     
  0.43666666666666670       0.81167630178439998     
  0.44000000000000000        1.2444347675023704     
  0.44333333333333336       0.73293832606082499     
  0.44666666666666671        1.2231494122091442     
  0.45000000000000001       0.90207432804679866     
  0.45333333333333337       0.92358458394577614     
  0.45666666666666672        1.2120342403993070     
  0.46000000000000002       0.79208596433251344     
  0.46333333333333337        1.0406817775753563     
  0.46666666666666667        1.1685802769572133     
  0.47000000000000003       0.78139120487872704     
  0.47333333333333338        1.0317043385744367     
  0.47666666666666668        1.2004190330869544     
  0.48000000000000004       0.81766271318134409     
  0.48333333333333334       0.90898101396059416     
  0.48666666666666669        1.2397924963563181     
  0.49000000000000005       0.98774446780211933     
  0.49333333333333335       0.75380607525676191     
  0.49666666666666670        1.0742767407430542     
  0.50000000000000000        1.2465264099219946     
  0.50333333333333341       0.90919211967822422     
  0.50666666666666671       0.73694245049928453     
  0.51000000000000001        1.0574131159855766     
  0.51333333333333342        1.2913515085309328     
  0.51666666666666672        1.0393034799767340     
  0.52000000000000002       0.70849199758101089     
  0.52333333333333332       0.79981029836026063     
  0.52666666666666673        1.1825666182658714     
  0.53000000000000003        1.3512813127783905     
  0.53333333333333333        1.1009681790826811     
  0.53666666666666674       0.71377910700419500     
  0.54000000000000004       0.58588060762233773     
  0.54333333333333333       0.83447642086518037     
  0.54666666666666675        1.2544246969319759     
  0.55000000000000004        1.5428743533855080     
  0.55333333333333334        1.5213640974865306     
  0.55666666666666675        1.2002890133241859     
  0.56000000000000005       0.71007792717586671     
  0.56333333333333335       0.19858148573432066     
  0.56666666666666665      -0.23417697998364906     
  0.57000000000000006      -0.54993430089716833     
  0.57333333333333336      -0.75492939534650494     
  0.57666666666666666      -0.87560571751967342     
  0.58000000000000007      -0.94084463664473506     
  0.58333333333333337      -0.97353202916304216     
  0.58666666666666667      -0.98881703995113435     
  0.59000000000000008      -0.99552429498569150     
  0.59333333333333338      -0.99829855957567126     
  0.59666666666666668      -0.99938417212203601     
  0.60000000000000009      -0.99978733052435920     
  0.60333333333333339      -0.99992979489703371     
  0.60666666666666669      -0.99997780892176313     
  0.60999999999999999      -0.99999327349805966     
  0.61333333333333340      -0.99999804208975696     
  0.61666666666666670      -0.99999945206974095     
  0.62000000000000000      -0.99999985240389466     
  0.62333333333333341      -0.99999996169219918     
  0.62666666666666671      -0.99999999041106902     
  0.63000000000000000      -0.99999999768314884     
  0.63333333333333341      -0.99999999945922657     
  0.63666666666666671      -0.99999999987797772     
  0.64000000000000001      -0.99999999997336442     
  0.64333333333333342      -0.99999999999437217     
  0.64666666666666672      -0.99999999999884814     
  0.65000000000000002      -0.99999999999977152     
  0.65333333333333332      -0.99999999999995626     
  0.65666666666666673      -0.99999999999999178     
  0.66000000000000003      -0.99999999999999867     
  0.66333333333333333      -0.99999999999999989     
  0.66666666666666674       -1.0000000000000000     
  0.67000000000000004       -1.0000000000000000     
  0.67333333333333334       -1.0000000000000000     
  0.67666666666666675       -1.0000000000000000     
  0.68000000000000005       -1.0000000000000000     
  0.68333333333333335       -1.0000000000000000     
  0.68666666666666676       -1.0000000000000000     
  0.69000000000000006       -1.0000000000000000     
  0.69333333333333336       -1.0000000000000000     
  0.69666666666666666       -1.0000000000000000     
  0.70000000000000007       -1.0000000000000000     
  0.70333333333333337       -1.0000000000000000     
  0.70666666666666667       -1.0000000000000000     
  0.71000000000000008       -1.0000000000000000     
  0.71333333333333337       -1.0000000000000000     
  0.71666666666666667       -1.0000000000000000     
  0.72000000000000008       -1.0000000000000000     
  0.72333333333333338       -1.0000000000000000     
  0.72666666666666668       -1.0000000000000000     
  0.73000000000000009       -1.0000000000000000     
  0.73333333333333339       -1.0000000000000000     
  0.73666666666666669       -1.0000000000000000     
  0.74000000000000010       -1.0000000000000000     
  0.74333333333333340       -1.0000000000000000     
  0.74666666666666670       -1.0000000000000000     
  0.75000000000000000       -1.0000000000000000     
  0.75333333333333341       -1.0000000000000000     
  0.75666666666666671       -1.0000000000000000     
  0.76000000000000001       -1.0000000000000000     
  0.76333333333333342       -1.0000000000000000     
  0.76666666666666672       -1.0000000000000000     
  0.77000000000000002       -1.0000000000000000     
  0.77333333333333343       -1.0000000000000000     
  0.77666666666666673       -1.0000000000000000     
  0.78000000000000003       -1.0000000000000000     
  0.78333333333333344       -1.0000000000000000     
  0.78666666666666674       -1.0000000000000000     
  0.79000000000000004       -1.0000000000000000     
  0.79333333333333333       -1.0000000000000000     
  0.79666666666666675       -1.0000000000000000     
  0.80000000000000004       -1.0000000000000000     
  0.80333333333333334       -1.0000000000000000     
  0.80666666666666675       -1.0000000000000000     
  0.81000000000000005       -1.0000000000000000     
  0.81333333333333335       -1.0000000000000000     
  0.81666666666666676       -1.0000000000000000     
  0.82000000000000006       -1.0000000000000000     
  0.82333333333333336       -1.0000000000000000     
  0.82666666666666677       -1.0000000000000000     
  0.83000000000000007       -1.0000000000000000     
  0.83333333333333337       -1.0000000000000000     
  0.83666666666666667       -1.0000000000000000     
  0.84000000000000008      -0.99999999999999900     
  0.84333333333333338       -1.0000000000000053     
  0.84666666666666668      -0.99999999999997025     
  0.85000000000000009       -1.0000000000001539     
  0.85333333333333339      -0.99999999999923117     
  0.85666666666666669       -1.0000000000037073     
  0.86000000000000010      -0.99999999998269973     
  0.86333333333333340       -1.0000000000780864     
  0.86666666666666670      -0.99999999965933528     
  0.87000000000000011       -1.0000000014354129     
  0.87333333333333341      -0.99999999416333363     
  0.87666666666666671       -1.0000000228822030     
  0.88000000000000000      -0.99999991359389895     
  0.88333333333333341       -1.0000003139280527     
  0.88666666666666671      -0.99999890394806878     
  0.89000000000000001       -1.0000036725397652     
  0.89333333333333342      -0.99998820796346921     
  0.89666666666666672       -1.0000362219881984     
  0.90000000000000002      -0.99989375761552368     
  0.90333333333333343       -1.0002969160178476     
  0.90666666666666673      -0.99921130347148279     
  0.91000000000000003       -1.0019855680614620     
  0.91333333333333344      -0.99527831302690495     
  0.91666666666666674       -1.0105633238149978     
  0.92000000000000004      -0.97787593129669081     
  0.92333333333333334       -1.0431148504217520     
  0.92666666666666675      -0.92243852824858352     
  0.93000000000000005       -1.1274336226979189     
  0.93333333333333335      -0.81167630178439998     
  0.93666666666666676       -1.2444347675023704     
  0.94000000000000006      -0.73293832606082499     
  0.94333333333333336       -1.2231494122091442     
  0.94666666666666677      -0.90207432804679866     
  0.95000000000000007      -0.92358458394577614     
  0.95333333333333337       -1.2120342403993070     
  0.95666666666666678      -0.79208596433251344     
  0.96000000000000008       -1.0406817775753563     
  0.96333333333333337       -1.1685802769572133     
  0.96666666666666667      -0.78139120487872704     
  0.97000000000000008       -1.0317043385744367     
  0.97333333333333338       -1.2004190330869544     
  0.97666666666666668      -0.81766271318134409     
  0.98000000000000009      -0.90898101396059416     
  0.98333333333333339       -1.2397924963563181     
  0.98666666666666669      -0.98774446780211933     
  0.99000000000000010      -0.75380607525676191     
  0.99333333333333340       -1.0742767407430542     
  0.99666666666666670       -1.2465264099219946     
