   0.0000000000000000      -0.83792406877845182     
   3.3333333333333335E-003 -0.95023685100450972     
   6.6666666666666671E-003  -1.1622349194915373     
   1.0000000000000000E-002  -1.0618673536858256     
   1.3333333333333334E-002 -0.84163720374657158     
   1.6666666666666666E-002 -0.91721285948415920     
   2.0000000000000000E-002  -1.1476782453708205     
   2.3333333333333334E-002  -1.1109569172226150     
   2.6666666666666668E-002 -0.87379773456585241     
   3.0000000000000002E-002 -0.85731600555827425     
   3.3333333333333333E-002  -1.0896628496392735     
   3.6666666666666667E-002  -1.1711358371537381     
   4.0000000000000001E-002 -0.96466083677627068     
   4.3333333333333335E-002 -0.81412229043440942     
   4.6666666666666669E-002 -0.96499308720823962     
   5.0000000000000003E-002  -1.1740353390683245     
   5.3333333333333337E-002  -1.1116459756106476     
   5.6666666666666671E-002 -0.87564379109747437     
   6.0000000000000005E-002 -0.82534737243953404     
   6.3333333333333339E-002  -1.0347429404874968     
   6.6666666666666666E-002  -1.1962321642981646     
   7.0000000000000007E-002  -1.0785535175143637     
   7.3333333333333334E-002 -0.84876340547217866     
   7.6666666666666675E-002 -0.82397546106599295     
   8.0000000000000002E-002  -1.0363000745342628     
   8.3333333333333343E-002  -1.2038696766429899     
   8.6666666666666670E-002  -1.1105458325718824     
   9.0000000000000011E-002 -0.87604190568883533     
   9.3333333333333338E-002 -0.79090734176911670     
   9.6666666666666679E-002 -0.95672970485984721     
  0.10000000000000001       -1.1763616427496444     
  0.10333333333333335       -1.1970406414098991     
  0.10666666666666667      -0.99714030121270358     
  0.11000000000000000      -0.79662207488798464     
  0.11333333333333334      -0.80863922745085737     
  0.11666666666666667       -1.0190564697115250     
  0.12000000000000001       -1.2147000829035017     
  0.12333333333333334       -1.2046158298705518     
  0.12666666666666668       -1.0000423326061740     
  0.13000000000000000      -0.79054548040531147     
  0.13333333333333333      -0.76259491556282344     
  0.13666666666666669      -0.93877228584506245     
  0.14000000000000001       -1.1708796210435042     
  0.14333333333333334       -1.2721649439747811     
  0.14666666666666667       -1.1653290903813527     
  0.15000000000000002      -0.93151131913719010     
  0.15333333333333335      -0.73883844718010727     
  0.15666666666666668      -0.71906933698669107     
  0.16000000000000000      -0.88389788899914512     
  0.16333333333333333       -1.1287489472088950     
  0.16666666666666669       -1.3069432104852694     
  0.17000000000000001       -1.3178755806651059     
  0.17333333333333334       -1.1567363041404861     
  0.17666666666666667      -0.90631814760672780     
  0.18000000000000002      -0.68666512930422197     
  0.18333333333333335      -0.59585404914592310     
  0.18666666666666668      -0.67113170270582578     
  0.19000000000000000      -0.88265995745212755     
  0.19333333333333336       -1.1545499419409875     
  0.19666666666666668       -1.3980453788996077     
  0.20000000000000001       -1.5413895944349132     
  0.20333333333333334       -1.5469257915247199     
  0.20666666666666669       -1.4135557946206978     
  0.21000000000000002       -1.1683378442465735     
  0.21333333333333335      -0.85313462768493287     
  0.21666666666666667      -0.51185672805752613     
  0.22000000000000000      -0.18116006888595360     
  0.22333333333333336       0.11361948692092766     
  0.22666666666666668       0.35972412916238522     
  0.23000000000000001       0.55327777651281906     
  0.23333333333333334       0.69936310283082592     
  0.23666666666666669       0.80263791876058299     
  0.24000000000000002       0.87682795069006569     
  0.24333333333333335       0.92085332077915549     
  0.24666666666666667       0.95839592617463609     
  0.25000000000000000       0.96598369586215971     
  0.25333333333333335       0.99667723071046199     
  0.25666666666666671       0.97268641060969618     
  0.26000000000000001        1.0244458994846390     
  0.26333333333333336       0.95455605278189892     
  0.26666666666666666        1.0601626640435791     
  0.27000000000000002       0.91531168291819942     
  0.27333333333333337        1.1095037416153928     
  0.27666666666666667       0.86372196527322220     
  0.28000000000000003        1.1586612969572159     
  0.28333333333333333       0.82804205750230564     
  0.28666666666666668        1.1693567111237166     
  0.29000000000000004       0.85417059910638282     
  0.29333333333333333        1.0993963566995715     
  0.29666666666666669       0.96602985656847262     
  0.30000000000000004       0.96049519699285102     
  0.30333333333333334        1.1038400764751903     
  0.30666666666666670       0.86034492121283379     
  0.31000000000000000        1.1322350231705292     
  0.31333333333333335       0.92070681658678855     
  0.31666666666666671       0.99598448956828112     
  0.32000000000000001        1.0867955774317715     
  0.32333333333333336       0.86714256213765561     
  0.32666666666666666        1.1175607198276809     
  0.33000000000000002       0.95642144374065563     
  0.33333333333333337       0.94548907372393098     
  0.33666666666666667        1.1236833370602028     
  0.34000000000000002       0.87883227887212600     
  0.34333333333333338        1.0436608308923090     
  0.34666666666666668        1.0634299410884422     
  0.35000000000000003       0.87075706913230255     
  0.35333333333333333        1.1045748403767883     
  0.35666666666666669       0.99773898678346917     
  0.36000000000000004       0.89645366385223091     
  0.36333333333333334        1.1285609990506824     
  0.36666666666666670       0.95238362876844906     
  0.37000000000000005       0.92443306392596170     
  0.37333333333333335        1.1339299161268237     
  0.37666666666666671       0.92935641886244647     
  0.38000000000000000       0.93944067189539404     
  0.38333333333333336        1.1350842850873701     
  0.38666666666666671       0.92466704282670353     
  0.39000000000000001       0.93668419538957615     
  0.39333333333333337        1.1372024217142960     
  0.39666666666666667       0.93730208151710026     
  0.40000000000000002       0.91662308285684657     
  0.40333333333333338        1.1362550207466449     
  0.40666666666666668       0.97043265765591458     
  0.41000000000000003       0.88529809373619728     
  0.41333333333333339        1.1198020206192427     
  0.41666666666666669        1.0264781765481370     
  0.42000000000000004       0.85890857443941038     
  0.42333333333333334        1.0712331879076795     
  0.42666666666666669        1.0960211323138649     
  0.43000000000000005       0.86623102027167787     
  0.43333333333333335       0.98390966705548066     
  0.43666666666666670        1.1453988908661477     
  0.44000000000000000       0.93600332281818255     
  0.44333333333333336       0.88570690416024167     
  0.44666666666666671        1.1217090886734156     
  0.45000000000000001        1.0593197252157363     
  0.45333333333333337       0.85027747335565329     
  0.45666666666666672        1.0011482701294847     
  0.46000000000000002        1.1516868164713447     
  0.46333333333333337       0.94521181609387750     
  0.46666666666666667       0.86373882857941597     
  0.47000000000000003        1.0960856726604145     
  0.47333333333333338        1.1125674016679945     
  0.47666666666666668       0.87540821901123189     
  0.48000000000000004       0.91212954715943828     
  0.48333333333333334        1.1425949330460994     
  0.48666666666666669        1.0670192773085103     
  0.49000000000000005       0.84678912736925582     
  0.49333333333333335       0.94715669317496864     
  0.49666666666666670        1.1591547616619946     
  0.50000000000000000        1.0468419794359365     
  0.50333333333333341       0.83792406877845182     
  0.50666666666666671       0.95023685100450972     
  0.51000000000000001        1.1622349194915373     
  0.51333333333333342        1.0618673536858256     
  0.51666666666666672       0.84163720374657158     
  0.52000000000000002       0.91721285948415920     
  0.52333333333333332        1.1476782453708205     
  0.52666666666666673        1.1109569172226150     
  0.53000000000000003       0.87379773456585241     
  0.53333333333333333       0.85731600555827425     
  0.53666666666666674        1.0896628496392735     
  0.54000000000000004        1.1711358371537381     
  0.54333333333333333       0.96466083677627068     
  0.54666666666666675       0.81412229043440942     
  0.55000000000000004       0.96499308720823962     
  0.55333333333333334        1.1740353390683245     
  0.55666666666666675        1.1116459756106476     
  0.56000000000000005       0.87564379109747437     
  0.56333333333333335       0.82534737243953404     
  0.56666666666666665        1.0347429404874968     
  0.57000000000000006        1.1962321642981646     
  0.57333333333333336        1.0785535175143637     
  0.57666666666666666       0.84876340547217866     
  0.58000000000000007       0.82397546106599295     
  0.58333333333333337        1.0363000745342628     
  0.58666666666666667        1.2038696766429899     
  0.59000000000000008        1.1105458325718824     
  0.59333333333333338       0.87604190568883533     
  0.59666666666666668       0.79090734176911670     
  0.60000000000000009       0.95672970485984721     
  0.60333333333333339        1.1763616427496444     
  0.60666666666666669        1.1970406414098991     
  0.60999999999999999       0.99714030121270358     
  0.61333333333333340       0.79662207488798464     
  0.61666666666666670       0.80863922745085737     
  0.62000000000000000        1.0190564697115250     
  0.62333333333333341        1.2147000829035017     
  0.62666666666666671        1.2046158298705518     
  0.63000000000000000        1.0000423326061736     
  0.63333333333333341       0.79054548040531247     
  0.63666666666666671       0.76259491556282000     
  0.64000000000000001       0.93877228584507377     
  0.64333333333333342        1.1708796210434684     
  0.64666666666666672        1.2721649439748870     
  0.65000000000000002        1.1653290903810425     
  0.65333333333333332       0.93151131913807728     
  0.65666666666666673       0.73883844717760172     
  0.66000000000000003       0.71906933699366304     
  0.66333333333333333       0.88389788898003330     
  0.66666666666666674        1.1287489472605023     
  0.67000000000000004        1.3069432103480279     
  0.67333333333333334        1.3178755810244425     
  0.67666666666666675        1.1567363032144249     
  0.68000000000000005       0.90631814995512916     
  0.68333333333333335       0.68666512344602459     
  0.68666666666666676       0.59585406351640824     
  0.69000000000000006       0.67113166805268765     
  0.69333333333333336       0.88266003956584038     
  0.69666666666666666        1.1545497508156020     
  0.70000000000000007        1.3980458156831834     
  0.70333333333333337        1.5413886148055433     
  0.70666666666666667        1.5469279467477897     
  0.71000000000000008        1.4135511459580761     
  0.71333333333333337        1.1683476689714221     
  0.71666666666666667       0.85311429482360512     
  0.72000000000000008       0.51189790613775199     
  0.72333333333333338       0.18107852387486778     
  0.72666666666666668      -0.11346171419719028     
  0.73000000000000009      -0.36002209608531793     
  0.73333333333333339      -0.55272905144316964     
  0.73666666666666669      -0.70034729777823468     
  0.74000000000000010      -0.80092095198102553     
  0.74333333333333340      -0.87973678394449473     
  0.74666666666666670      -0.91607633084612217     
  0.75000000000000000      -0.96598369586215893     
  0.75333333333333341      -0.95435763538194973     
  0.75666666666666671       -1.0138029474443555     
  0.76000000000000001      -0.94853890077560032     
  0.76333333333333342       -1.0568466737642450     
  0.76666666666666672      -0.91352861265592211     
  0.77000000000000002       -1.1085673633456969     
  0.77333333333333343      -0.86324132665019804     
  0.77666666666666673       -1.1584199760690161     
  0.78000000000000003      -0.82792345970541825     
  0.78333333333333344       -1.1692996242683833     
  0.78666666666666674      -0.85414366983722723     
  0.79000000000000004       -1.0993839008178850     
  0.79333333333333333      -0.96602420457247740     
  0.79666666666666675      -0.96049267984929554     
  0.80000000000000004       -1.1038389757445786     
  0.80333333333333334      -0.86034444839118518     
  0.80666666666666675       -1.1322348235879789     
  0.81000000000000005      -0.92070673377108903     
  0.81333333333333335      -0.99598445577620620     
  0.81666666666666676       -1.0867955638683813     
  0.82000000000000006      -0.86714255678086416     
  0.82333333333333336       -1.1175607177453519     
  0.82666666666666677      -0.95642144294372489     
  0.83000000000000007      -0.94548907342357813     
  0.83333333333333337       -1.1236833369486998     
  0.83666666666666667      -0.87883227883134096     
  0.84000000000000008       -1.0436608308776074     
  0.84333333333333338       -1.0634299410832182     
  0.84666666666666668      -0.87075706913047268     
  0.85000000000000009       -1.1045748403761564     
  0.85333333333333339      -0.99773898678325379     
  0.85666666666666669      -0.89645366385215863     
  0.86000000000000010       -1.1285609990506584     
  0.86333333333333340      -0.95238362876844129     
  0.86666666666666670      -0.92443306392595925     
  0.87000000000000011       -1.1339299161268230     
  0.87333333333333341      -0.92935641886244624     
  0.87666666666666671      -0.93944067189539404     
  0.88000000000000000       -1.1350842850873701     
  0.88333333333333341      -0.92466704282670353     
  0.88666666666666671      -0.93668419538957615     
  0.89000000000000001       -1.1372024217142960     
  0.89333333333333342      -0.93730208151710026     
  0.89666666666666672      -0.91662308285684657     
  0.90000000000000002       -1.1362550207466449     
  0.90333333333333343      -0.97043265765591458     
  0.90666666666666673      -0.88529809373619728     
  0.91000000000000003       -1.1198020206192427     
  0.91333333333333344       -1.0264781765481370     
  0.91666666666666674      -0.85890857443941038     
  0.92000000000000004       -1.0712331879076795     
  0.92333333333333334       -1.0960211323138649     
  0.92666666666666675      -0.86623102027167787     
  0.93000000000000005      -0.98390966705548066     
  0.93333333333333335       -1.1453988908661477     
  0.93666666666666676      -0.93600332281818255     
  0.94000000000000006      -0.88570690416024167     
  0.94333333333333336       -1.1217090886734156     
  0.94666666666666677       -1.0593197252157363     
  0.95000000000000007      -0.85027747335565329     
  0.95333333333333337       -1.0011482701294847     
  0.95666666666666678       -1.1516868164713447     
  0.96000000000000008      -0.94521181609387750     
  0.96333333333333337      -0.86373882857941597     
  0.96666666666666667       -1.0960856726604145     
  0.97000000000000008       -1.1125674016679945     
  0.97333333333333338      -0.87540821901123189     
  0.97666666666666668      -0.91212954715943828     
  0.98000000000000009       -1.1425949330460994     
  0.98333333333333339       -1.0670192773085103     
  0.98666666666666669      -0.84678912736925582     
  0.99000000000000010      -0.94715669317496864     
  0.99333333333333340       -1.1591547616619946     
  0.99666666666666670       -1.0468419794359365     
