   0.0000000000000000      -0.94445620843498246     
   3.3333333333333335E-003  -1.1500822655220966     
   6.6666666666666671E-003  -1.0612232175592740     
   1.0000000000000000E-002 -0.85172130081340380     
   1.3333333333333334E-002 -0.92642856958703623     
   1.6666666666666666E-002  -1.1424087333128328     
   2.0000000000000000E-002  -1.0919907250311249     
   2.3333333333333334E-002 -0.86956852832933540     
   2.6666666666666668E-002 -0.88502024896499176     
   3.0000000000000002E-002  -1.1097536624306268     
   3.3333333333333333E-002  -1.1396392123848911     
   3.6666666666666667E-002 -0.92217442516956505     
   4.0000000000000001E-002 -0.83879741379618600     
   4.3333333333333335E-002  -1.0331899366392927     
   4.6666666666666669E-002  -1.1728907470895933     
   5.0000000000000003E-002  -1.0229903586112643     
   5.3333333333333337E-002 -0.83345568596282882     
   5.6666666666666671E-002 -0.91482976388173376     
   6.0000000000000005E-002  -1.1345472009100341     
   6.3333333333333339E-002  -1.1421320613051265     
   6.6666666666666666E-002 -0.92667509928054126     
   7.0000000000000007E-002 -0.82258124749242778     
   7.3333333333333334E-002 -0.98795017004739860     
   7.6666666666666675E-002  -1.1730171123946589     
   8.0000000000000002E-002  -1.1039677406866086     
   8.3333333333333343E-002 -0.88281942064193286     
   8.6666666666666670E-002 -0.82750720885682327     
   9.0000000000000011E-002  -1.0150479027628714     
   9.3333333333333338E-002  -1.1835717362491951     
   9.6666666666666679E-002  -1.1031014937508452     
  0.10000000000000001      -0.88334866015984381     
  0.10333333333333335      -0.81532008679957768     
  0.10666666666666667      -0.98618966621727266     
  0.11000000000000000       -1.1764939164107338     
  0.11333333333333334       -1.1479177804302259     
  0.11666666666666667      -0.93721216156479992     
  0.12000000000000001      -0.79985195766496930     
  0.12333333333333334      -0.89776981410609746     
  0.12666666666666668       -1.1155128509898886     
  0.13000000000000000       -1.2044922377556775     
  0.13333333333333333       -1.0665951541844239     
  0.13666666666666669      -0.85418280021669724     
  0.14000000000000001      -0.79482470184790444     
  0.14333333333333334      -0.94930239768574964     
  0.14666666666666667       -1.1578628466928855     
  0.15000000000000002       -1.2116150638795611     
  0.15333333333333335       -1.0593763124196249     
  0.15666666666666668      -0.84807636407427356     
  0.16000000000000000      -0.77468157363516077     
  0.16333333333333333      -0.90473925217049267     
  0.16666666666666669       -1.1212341605983669     
  0.17000000000000001       -1.2377183203259101     
  0.17333333333333334       -1.1563690942085485     
  0.17666666666666667      -0.94719807682673096     
  0.18000000000000002      -0.77289403748629060     
  0.18333333333333335      -0.77360853223149051     
  0.18666666666666668      -0.93578016696816946     
  0.19000000000000000       -1.1607925572239193     
  0.19333333333333336       -1.2590127309220400     
  0.19666666666666668       -1.2173535310752797     
  0.20000000000000001      -0.98224191183941223     
  0.20333333333333334      -0.82739124556727794     
  0.20666666666666669      -0.65974962976037876     
  0.21000000000000002      -0.84417696882340321     
  0.21333333333333335      -0.90227059661336173     
  0.21666666666666667       -1.3070633527872082     
  0.22000000000000000       -1.1993880569013007     
  0.22333333333333336       -1.4428223915170109     
  0.22666666666666668      -0.96885136199996469     
  0.23000000000000001       -1.0523078794895644     
  0.23333333333333334      -0.54905315564568236     
  0.23666666666666669      -0.70749624122217436     
  0.24000000000000002      -0.59205897851745892     
  0.24333333333333335      -0.82015315876003114     
  0.24666666666666667       -1.1348593497297217     
  0.25000000000000000       -1.2004594256285932     
  0.25333333333333335       -1.6219199047455746     
  0.25666666666666671       -1.4470030336825979     
  0.26000000000000001       -1.5692254560380268     
  0.26333333333333336       -1.3535183603929830     
  0.26666666666666666       -1.0101947705756347     
  0.27000000000000002      -0.91103381501869507     
  0.27333333333333337      -0.36015800309866913     
  0.27666666666666667      -0.22419727205262355     
  0.28000000000000003        7.9189175802266948E-002
  0.28333333333333333       0.43437398952650447     
  0.28666666666666668       0.40257560574055540     
  0.29000000000000004       0.74851739058473554     
  0.29333333333333333       0.77776126601672957     
  0.29666666666666669       0.76320547635070113     
  0.30000000000000004        1.0242058527647468     
  0.30333333333333334       0.86048994339787099     
  0.30666666666666670       0.94881617728523837     
  0.31000000000000000        1.0767274642704689     
  0.31333333333333335       0.87012783761065382     
  0.31666666666666671        1.0434426631660798     
  0.32000000000000001        1.0493162407436882     
  0.32333333333333336       0.87882088233515476     
  0.32666666666666666        1.0901467896725894     
  0.33000000000000002        1.0099916642001083     
  0.33333333333333337       0.89415602344937373     
  0.33666666666666667        1.1109963497170372     
  0.34000000000000002       0.98111920512314221     
  0.34333333333333338       0.90781705433017623     
  0.34666666666666668        1.1191636979927762     
  0.35000000000000003       0.96694807715445186     
  0.35333333333333333       0.91320712478753308     
  0.35666666666666669        1.1217729696137855     
  0.36000000000000004       0.96729781679121540     
  0.36333333333333334       0.90794089806756528     
  0.36666666666666670        1.1203537908110630     
  0.37000000000000005       0.98245694959609831     
  0.37333333333333335       0.89347767023370361     
  0.37666666666666671        1.1112207540226178     
  0.38000000000000000        1.0133029177733419     
  0.38333333333333336       0.87594272244378413     
  0.38666666666666671        1.0866483448966113     
  0.39000000000000001        1.0580722103973592     
  0.39333333333333337       0.86776796080734797     
  0.39666666666666667        1.0386375404676493     
  0.40000000000000002        1.1066661139241902     
  0.40333333333333338       0.88691328037090422     
  0.40666666666666668       0.96738352288384422     
  0.41000000000000003        1.1359073563757420     
  0.41333333333333339       0.94836666247179813     
  0.41666666666666669       0.89305445068747280     
  0.42000000000000004        1.1142027707324378     
  0.42333333333333334        1.0451533990244906     
  0.42666666666666669       0.86008645667726957     
  0.43000000000000005        1.0254553792322545     
  0.43333333333333335        1.1295492310203707     
  0.43666666666666670       0.91409226899578522     
  0.44000000000000000       0.90650740860069390     
  0.44333333333333336        1.1262248456289949     
  0.44666666666666671        1.0448507677100909     
  0.45000000000000001       0.85531609506165640     
  0.45333333333333337        1.0052164835399853     
  0.45666666666666672        1.1449172939902854     
  0.46000000000000002       0.95052477114717882     
  0.46333333333333337       0.86714775977380187     
  0.46666666666666667        1.0846125469891281     
  0.47000000000000003        1.1144980969433911     
  0.47333333333333338       0.88976468347775739     
  0.47666666666666668       0.90521640411341420     
  0.48000000000000004        1.1276386008152044     
  0.48333333333333334        1.0772205925334963     
  0.48666666666666669       0.86124042880770058     
  0.49000000000000005       0.93594769758133189     
  0.49333333333333335        1.1454496143272019     
  0.49666666666666670        1.0565905663643784     
  0.50000000000000000       0.85096450927726253     
  0.50333333333333341       0.94445620843498246     
  0.50666666666666671        1.1500822655220966     
  0.51000000000000001        1.0612232175592740     
  0.51333333333333342       0.85172130081340380     
  0.51666666666666672       0.92642856958703623     
  0.52000000000000002        1.1424087333128328     
  0.52333333333333332        1.0919907250311249     
  0.52666666666666673       0.86956852832933540     
  0.53000000000000003       0.88502024896499176     
  0.53333333333333333        1.1097536624306268     
  0.53666666666666674        1.1396392123848911     
  0.54000000000000004       0.92217442516956505     
  0.54333333333333333       0.83879741379618600     
  0.54666666666666675        1.0331899366392927     
  0.55000000000000004        1.1728907470895933     
  0.55333333333333334        1.0229903586112643     
  0.55666666666666675       0.83345568596282871     
  0.56000000000000005       0.91482976388173387     
  0.56333333333333335        1.1345472009100335     
  0.56666666666666665        1.1421320613051280     
  0.57000000000000006       0.92667509928053682     
  0.57333333333333336       0.82258124749243977     
  0.57666666666666666       0.98795017004736585     
  0.58000000000000007        1.1730171123947501     
  0.58333333333333337        1.1039677406863624     
  0.58666666666666667       0.88281942064259189     
  0.59000000000000008       0.82750720885508844     
  0.59333333333333338        1.0150479027673789     
  0.59666666666666668        1.1835717362376321     
  0.60000000000000009        1.1031014937801233     
  0.60333333333333339       0.88334866008667645     
  0.60666666666666669       0.81532008697999925     
  0.60999999999999999       0.98618966577836920     
  0.61333333333333340        1.1764939174638043     
  0.61666666666666670        1.1479177779387895     
  0.62000000000000000       0.93721216737558877     
  0.62333333333333341       0.79985194430833129     
  0.62666666666666671       0.89776984435523088     
  0.63000000000000000        1.1155127835134406     
  0.63333333333333341        1.2044923859654177     
  0.63666666666666671        1.0665948337497388     
  0.64000000000000001       0.85418348190176430     
  0.64333333333333342       0.79482327544598352     
  0.64666666666666672       0.94930533218607061     
  0.65000000000000002        1.1578569137919581     
  0.65333333333333332        1.2116268462273800     
  0.65666666666666673        1.0593533402551765     
  0.66000000000000003       0.84812031122191833     
  0.66333333333333333       0.77459913168598382     
  0.66666666666666674       0.90489080273900124     
  0.67000000000000004        1.1209613697643315     
  0.67333333333333334        1.2381987149812788     
  0.67666666666666675        1.1555421987204042     
  0.68000000000000005       0.94858777252218218     
  0.68333333333333335       0.77061647823831925     
  0.68666666666666676       0.77724331862008178     
  0.69000000000000006       0.93014099212257961     
  0.69333333333333336        1.1692805176006653     
  0.69666666666666666        1.2466483930078447     
  0.70000000000000007        1.2347305312117383     
  0.70333333333333337       0.95877385383993308     
  0.70666666666666667       0.85768393974435275     
  0.71000000000000008       0.62266115848077830     
  0.71333333333333337       0.88675007649024062     
  0.71666666666666667       0.85733772800223740     
  0.72000000000000008        1.3490436892174340     
  0.72333333333333338        1.1678325678550563     
  0.72666666666666668        1.4550226759402789     
  0.73000000000000009       0.98480968700436800     
  0.73333333333333339        1.0019833774860749     
  0.73666666666666669       0.63436431416772354     
  0.74000000000000010       0.59485994099086748     
  0.74333333333333340       0.71488951741438755     
  0.74666666666666670       0.71211761710433208     
  0.75000000000000000        1.2004594256285921     
  0.75333333333333341        1.1991781721201862     
  0.75666666666666671        1.5522666750282412     
  0.76000000000000001        1.5720264185114330     
  0.76333333333333342        1.4266502874474345     
  0.76666666666666672        1.4631249924160268     
  0.77000000000000002       0.97853200750389380     
  0.77333333333333343       0.84632931703898351     
  0.77666666666666673       0.49918709571457898     
  0.78000000000000003        7.0466456513867820E-002
  0.78333333333333344        1.5351635258466834E-002
  0.78666666666666674      -0.41809612586367512     
  0.79000000000000004      -0.52700158024210764     
  0.79333333333333333      -0.57982695603275392     
  0.79666666666666675      -0.89458808462335526     
  0.80000000000000004      -0.77171723339241916     
  0.80333333333333334      -0.88978480533043791     
  0.80666666666666675       -1.0385483906066106     
  0.81000000000000005      -0.84607589916913095     
  0.81333333333333335       -1.0286646859587387     
  0.81666666666666676       -1.0404506091729082     
  0.82000000000000006      -0.87362250570779587     
  0.82333333333333336       -1.0871650042288254     
  0.82666666666666677       -1.0083171688998589     
  0.83000000000000007      -0.89323471363852969     
  0.83333333333333337       -1.1104993813087372     
  0.83666666666666667      -0.98085622923252902     
  0.84000000000000008      -0.90768046753638487     
  0.84333333333333338       -1.1190940305110777     
  0.84666666666666668      -0.96691316418502016     
  0.85000000000000009      -0.91318992706684532     
  0.85333333333333339       -1.1217646392943466     
  0.85666666666666669      -0.96729384737401758     
  0.86000000000000010      -0.90793903673735532     
  0.86333333333333340       -1.1203529316006062     
  0.86666666666666670      -0.98245655903006734     
  0.87000000000000011      -0.89347749535386067     
  0.87333333333333341       -1.1112206768683579     
  0.87666666666666671       -1.0133028842248548     
  0.88000000000000000      -0.87594270806272356     
  0.88333333333333341       -1.0866483388177752     
  0.88666666666666671       -1.0580722078630311     
  0.89000000000000001      -0.86776795976499410     
  0.89333333333333342       -1.0386375400446204     
  0.89666666666666672       -1.1066661137547502     
  0.90000000000000002      -0.88691328030390992     
  0.90333333333333343      -0.96738352285769180     
  0.90666666666666673       -1.1359073563656619     
  0.91000000000000003      -0.94836666246795942     
  0.91333333333333344      -0.89305445068602918     
  0.91666666666666674       -1.1142027707319020     
  0.92000000000000004       -1.0451533990242943     
  0.92333333333333334      -0.86008645667719874     
  0.92666666666666675       -1.0254553792322294     
  0.93000000000000005       -1.1295492310203616     
  0.93333333333333335      -0.91409226899578222     
  0.93666666666666676      -0.90650740860069301     
  0.94000000000000006       -1.1262248456289947     
  0.94333333333333336       -1.0448507677100909     
  0.94666666666666677      -0.85531609506165640     
  0.95000000000000007       -1.0052164835399853     
  0.95333333333333337       -1.1449172939902854     
  0.95666666666666678      -0.95052477114717882     
  0.96000000000000008      -0.86714775977380187     
  0.96333333333333337       -1.0846125469891281     
  0.96666666666666667       -1.1144980969433911     
  0.97000000000000008      -0.88976468347775739     
  0.97333333333333338      -0.90521640411341420     
  0.97666666666666668       -1.1276386008152044     
  0.98000000000000009       -1.0772205925334963     
  0.98333333333333339      -0.86124042880770058     
  0.98666666666666669      -0.93594769758133189     
  0.99000000000000010       -1.1454496143272019     
  0.99333333333333340       -1.0565905663643784     
  0.99666666666666670      -0.85096450927726253     
