   0.0000000000000000       -1.1075280436210915     
   3.3333333333333335E-003  -1.2375243335219153     
   6.6666666666666671E-003 -0.91760618940181771     
   1.0000000000000000E-002 -0.73409055577370719     
   1.3333333333333334E-002  -1.0072060160365801     
   1.6666666666666666E-002  -1.2819603919770517     
   2.0000000000000000E-002  -1.1250130848706736     
   2.3333333333333334E-002 -0.77209344833812199     
   2.6666666666666668E-002 -0.72071446303387576     
   3.0000000000000002E-002  -1.0375706246543344     
   3.3333333333333333E-002  -1.3290359391706155     
   3.6666666666666667E-002  -1.2595579122896396     
   4.0000000000000001E-002 -0.90476591657112326     
   4.3333333333333335E-002 -0.61334886836715385     
   4.6666666666666669E-002 -0.64520835650929942     
   5.0000000000000003E-002 -0.97365682007985832     
   5.3333333333333337E-002  -1.3623530813119751     
   5.6666666666666671E-002  -1.5668094329190185     
   6.0000000000000005E-002  -1.4767293682179661     
   6.3333333333333339E-002  -1.1319887368741284     
   6.6666666666666666E-002 -0.65475294006420870     
   7.0000000000000007E-002 -0.17039657406529513     
   7.3333333333333334E-002  0.23867284773644259     
   7.6666666666666675E-002  0.54104443391771884     
   8.0000000000000002E-002  0.74196126053355582     
   8.3333333333333343E-002  0.86397794548119422     
   8.6666666666666670E-002  0.93247340819049407     
   9.0000000000000011E-002  0.96830995845416690     
   9.3333333333333338E-002  0.98589533474707292     
   9.6666666666666679E-002  0.99402941763180996     
  0.10000000000000001       0.99759035493397574     
  0.10333333333333335       0.99907079046358005     
  0.10666666666666667       0.99965696830422623     
  0.11000000000000000       0.99987856011651643     
  0.11333333333333334       0.99995870804845577     
  0.11666666666666667       0.99998649633365611     
  0.12000000000000001       0.99999574725787865     
  0.12333333333333334       0.99999870872968688     
  0.12666666666666668       0.99999962159864375     
  0.13000000000000000       0.99999989287416069     
  0.13333333333333333       0.99999997067576141     
  0.13666666666666669       0.99999999223207403     
  0.14000000000000001       0.99999999800723016     
  0.14333333333333334       0.99999999950456542     
  0.14666666666666667       0.99999999988055299     
  0.15000000000000002       0.99999999997205635     
  0.15333333333333335       0.99999999999365319     
  0.15666666666666668       0.99999999999859979     
  0.16000000000000000       0.99999999999969980     
  0.16333333333333333       0.99999999999993772     
  0.16666666666666669       0.99999999999998734     
  0.17000000000000001       0.99999999999999745     
  0.17333333333333334       0.99999999999999967     
  0.17666666666666667        1.0000000000000000     
  0.18000000000000002        1.0000000000000000     
  0.18333333333333335        1.0000000000000000     
  0.18666666666666668        1.0000000000000000     
  0.19000000000000000        1.0000000000000000     
  0.19333333333333336        1.0000000000000000     
  0.19666666666666668        1.0000000000000000     
  0.20000000000000001        1.0000000000000000     
  0.20333333333333334        1.0000000000000000     
  0.20666666666666669        1.0000000000000000     
  0.21000000000000002        1.0000000000000000     
  0.21333333333333335        1.0000000000000000     
  0.21666666666666667        1.0000000000000000     
  0.22000000000000000        1.0000000000000000     
  0.22333333333333336        1.0000000000000000     
  0.22666666666666668        1.0000000000000000     
  0.23000000000000001        1.0000000000000000     
  0.23333333333333334        1.0000000000000000     
  0.23666666666666669        1.0000000000000000     
  0.24000000000000002        1.0000000000000000     
  0.24333333333333335        1.0000000000000000     
  0.24666666666666667        1.0000000000000000     
  0.25000000000000000        1.0000000000000000     
  0.25333333333333335        1.0000000000000000     
  0.25666666666666671        1.0000000000000000     
  0.26000000000000001        1.0000000000000000     
  0.26333333333333336        1.0000000000000000     
  0.26666666666666666        1.0000000000000000     
  0.27000000000000002        1.0000000000000000     
  0.27333333333333337        1.0000000000000000     
  0.27666666666666667        1.0000000000000000     
  0.28000000000000003        1.0000000000000000     
  0.28333333333333333        1.0000000000000000     
  0.28666666666666668        1.0000000000000000     
  0.29000000000000004        1.0000000000000000     
  0.29333333333333333        1.0000000000000000     
  0.29666666666666669        1.0000000000000000     
  0.30000000000000004        1.0000000000000000     
  0.30333333333333334        1.0000000000000000     
  0.30666666666666670        1.0000000000000000     
  0.31000000000000000        1.0000000000000000     
  0.31333333333333335        1.0000000000000000     
  0.31666666666666671        1.0000000000000000     
  0.32000000000000001        1.0000000000000000     
  0.32333333333333336        1.0000000000000000     
  0.32666666666666666        1.0000000000000002     
  0.33000000000000002       0.99999999999999833     
  0.33333333333333337        1.0000000000000084     
  0.33666666666666667       0.99999999999995881     
  0.34000000000000002        1.0000000000001958     
  0.34333333333333338       0.99999999999909683     
  0.34666666666666668        1.0000000000040423     
  0.35000000000000003       0.99999999998244560     
  0.35333333333333333        1.0000000000739491     
  0.35666666666666669       0.99999999969796105     
  0.36000000000000004        1.0000000011952961     
  0.36333333333333334       0.99999999542014006     
  0.36666666666666670        1.0000000169764525     
  0.37000000000000005       0.99999993917485286     
  0.37333333333333335        1.0000002104503694     
  0.37666666666666671       0.99999929758141270     
  0.38000000000000000        1.0000022590532212     
  0.38333333333333336       0.99999300812899883     
  0.38666666666666671        1.0000207964141989     
  0.39000000000000001       0.99994064848226050     
  0.39333333333333337        1.0001622402945505     
  0.39666666666666667       0.99957606245390374     
  0.40000000000000002        1.0010564979835079     
  0.40333333333333338       0.99749556068134226     
  0.40666666666666668        1.0056296435660790     
  0.41000000000000003       0.98804426727317263     
  0.41333333333333339        1.0238808175368459     
  0.41666666666666669       0.95538535482754650     
  0.42000000000000004        1.0774020397751842     
  0.42333333333333334       0.87648521315934769     
  0.42666666666666669        1.1788567993406236     
  0.43000000000000005       0.76978737753888637     
  0.43333333333333335        1.2541437435378004     
  0.43666666666666670       0.77690794672787977     
  0.44000000000000000        1.1216485780717171     
  0.44333333333333336        1.0315685133706638     
  0.44666666666666671       0.82711216176362168     
  0.45000000000000001        1.2158084229957382     
  0.45333333333333337       0.88735995942518064     
  0.45666666666666672       0.91921944756732565     
  0.46000000000000002        1.2106364957712938     
  0.46333333333333337       0.85584450005277724     
  0.46666666666666667       0.92532252693375383     
  0.47000000000000003        1.2167878414500348     
  0.47333333333333338       0.89993167982957667     
  0.47666666666666668       0.84855269452533066     
  0.48000000000000004        1.2014723310578814     
  0.48333333333333334        1.0445250239515032     
  0.48666666666666669       0.76977064801103046     
  0.49000000000000005        1.0428861082739043     
  0.49333333333333335        1.2264017419020161     
  0.49666666666666670       0.90648359778191778     
  0.50000000000000000       0.77648730788109410     
  0.50333333333333341        1.1075280436210915     
  0.50666666666666671        1.2375243335219153     
  0.51000000000000001       0.91760618940181771     
  0.51333333333333342       0.73409055577370719     
  0.51666666666666672        1.0072060160365801     
  0.52000000000000002        1.2819603919770517     
  0.52333333333333332        1.1250130848706736     
  0.52666666666666673       0.77209344833812199     
  0.53000000000000003       0.72071446303387576     
  0.53333333333333333        1.0375706246543344     
  0.53666666666666674        1.3290359391706155     
  0.54000000000000004        1.2595579122896396     
  0.54333333333333333       0.90476591657112326     
  0.54666666666666675       0.61334886836715385     
  0.55000000000000004       0.64520835650929942     
  0.55333333333333334       0.97365682007985832     
  0.55666666666666675        1.3623530813119751     
  0.56000000000000005        1.5668094329190185     
  0.56333333333333335        1.4767293682179661     
  0.56666666666666665        1.1319887368741284     
  0.57000000000000006       0.65475294006420870     
  0.57333333333333336       0.17039657406529513     
  0.57666666666666666      -0.23867284773644259     
  0.58000000000000007      -0.54104443391771884     
  0.58333333333333337      -0.74196126053355582     
  0.58666666666666667      -0.86397794548119422     
  0.59000000000000008      -0.93247340819049407     
  0.59333333333333338      -0.96830995845416690     
  0.59666666666666668      -0.98589533474707292     
  0.60000000000000009      -0.99402941763180996     
  0.60333333333333339      -0.99759035493397574     
  0.60666666666666669      -0.99907079046358005     
  0.60999999999999999      -0.99965696830422623     
  0.61333333333333340      -0.99987856011651643     
  0.61666666666666670      -0.99995870804845577     
  0.62000000000000000      -0.99998649633365611     
  0.62333333333333341      -0.99999574725787865     
  0.62666666666666671      -0.99999870872968688     
  0.63000000000000000      -0.99999962159864375     
  0.63333333333333341      -0.99999989287416069     
  0.63666666666666671      -0.99999997067576141     
  0.64000000000000001      -0.99999999223207403     
  0.64333333333333342      -0.99999999800723016     
  0.64666666666666672      -0.99999999950456542     
  0.65000000000000002      -0.99999999988055299     
  0.65333333333333332      -0.99999999997205635     
  0.65666666666666673      -0.99999999999365319     
  0.66000000000000003      -0.99999999999859979     
  0.66333333333333333      -0.99999999999969980     
  0.66666666666666674      -0.99999999999993772     
  0.67000000000000004      -0.99999999999998734     
  0.67333333333333334      -0.99999999999999745     
  0.67666666666666675      -0.99999999999999967     
  0.68000000000000005       -1.0000000000000000     
  0.68333333333333335       -1.0000000000000000     
  0.68666666666666676       -1.0000000000000000     
  0.69000000000000006       -1.0000000000000000     
  0.69333333333333336       -1.0000000000000000     
  0.69666666666666666       -1.0000000000000000     
  0.70000000000000007       -1.0000000000000000     
  0.70333333333333337       -1.0000000000000000     
  0.70666666666666667       -1.0000000000000000     
  0.71000000000000008       -1.0000000000000000     
  0.71333333333333337       -1.0000000000000000     
  0.71666666666666667       -1.0000000000000000     
  0.72000000000000008       -1.0000000000000000     
  0.72333333333333338       -1.0000000000000000     
  0.72666666666666668       -1.0000000000000000     
  0.73000000000000009       -1.0000000000000000     
  0.73333333333333339       -1.0000000000000000     
  0.73666666666666669       -1.0000000000000000     
  0.74000000000000010       -1.0000000000000000     
  0.74333333333333340       -1.0000000000000000     
  0.74666666666666670       -1.0000000000000000     
  0.75000000000000000       -1.0000000000000000     
  0.75333333333333341       -1.0000000000000000     
  0.75666666666666671       -1.0000000000000000     
  0.76000000000000001       -1.0000000000000000     
  0.76333333333333342       -1.0000000000000000     
  0.76666666666666672       -1.0000000000000000     
  0.77000000000000002       -1.0000000000000000     
  0.77333333333333343       -1.0000000000000000     
  0.77666666666666673       -1.0000000000000000     
  0.78000000000000003       -1.0000000000000000     
  0.78333333333333344       -1.0000000000000000     
  0.78666666666666674       -1.0000000000000000     
  0.79000000000000004       -1.0000000000000000     
  0.79333333333333333       -1.0000000000000000     
  0.79666666666666675       -1.0000000000000000     
  0.80000000000000004       -1.0000000000000000     
  0.80333333333333334       -1.0000000000000000     
  0.80666666666666675       -1.0000000000000000     
  0.81000000000000005       -1.0000000000000000     
  0.81333333333333335       -1.0000000000000000     
  0.81666666666666676       -1.0000000000000000     
  0.82000000000000006       -1.0000000000000000     
  0.82333333333333336       -1.0000000000000002     
  0.82666666666666677      -0.99999999999999833     
  0.83000000000000007       -1.0000000000000084     
  0.83333333333333337      -0.99999999999995881     
  0.83666666666666667       -1.0000000000001958     
  0.84000000000000008      -0.99999999999909683     
  0.84333333333333338       -1.0000000000040423     
  0.84666666666666668      -0.99999999998244560     
  0.85000000000000009       -1.0000000000739491     
  0.85333333333333339      -0.99999999969796105     
  0.85666666666666669       -1.0000000011952961     
  0.86000000000000010      -0.99999999542014006     
  0.86333333333333340       -1.0000000169764525     
  0.86666666666666670      -0.99999993917485286     
  0.87000000000000011       -1.0000002104503694     
  0.87333333333333341      -0.99999929758141270     
  0.87666666666666671       -1.0000022590532212     
  0.88000000000000000      -0.99999300812899883     
  0.88333333333333341       -1.0000207964141989     
  0.88666666666666671      -0.99994064848226050     
  0.89000000000000001       -1.0001622402945505     
  0.89333333333333342      -0.99957606245390374     
  0.89666666666666672       -1.0010564979835079     
  0.90000000000000002      -0.99749556068134226     
  0.90333333333333343       -1.0056296435660790     
  0.90666666666666673      -0.98804426727317263     
  0.91000000000000003       -1.0238808175368459     
  0.91333333333333344      -0.95538535482754650     
  0.91666666666666674       -1.0774020397751842     
  0.92000000000000004      -0.87648521315934769     
  0.92333333333333334       -1.1788567993406236     
  0.92666666666666675      -0.76978737753888637     
  0.93000000000000005       -1.2541437435378004     
  0.93333333333333335      -0.77690794672787977     
  0.93666666666666676       -1.1216485780717171     
  0.94000000000000006       -1.0315685133706638     
  0.94333333333333336      -0.82711216176362168     
  0.94666666666666677       -1.2158084229957382     
  0.95000000000000007      -0.88735995942518064     
  0.95333333333333337      -0.91921944756732565     
  0.95666666666666678       -1.2106364957712938     
  0.96000000000000008      -0.85584450005277724     
  0.96333333333333337      -0.92532252693375383     
  0.96666666666666667       -1.2167878414500348     
  0.97000000000000008      -0.89993167982957667     
  0.97333333333333338      -0.84855269452533066     
  0.97666666666666668       -1.2014723310578814     
  0.98000000000000009       -1.0445250239515032     
  0.98333333333333339      -0.76977064801103046     
  0.98666666666666669       -1.0428861082739043     
  0.99000000000000010       -1.2264017419020161     
  0.99333333333333340      -0.90648359778191778     
  0.99666666666666670      -0.77648730788109410     
