   0.0000000000000000       -1.0448393858773695     
   3.3333333333333335E-003 -0.85579040049617594     
   6.6666666666666671E-003 -0.95150370960561936     
   1.0000000000000000E-002  -1.1434172034514443     
   1.3333333333333334E-002  -1.0565124257968519     
   1.6666666666666666E-002 -0.85948331942176925     
   2.0000000000000000E-002 -0.93121570120006114     
   2.3333333333333334E-002  -1.1347288513215346     
   2.6666666666666668E-002  -1.0845501595350913     
   3.0000000000000002E-002 -0.87565542527764051     
   3.3333333333333333E-002 -0.89634062082641908     
   3.6666666666666667E-002  -1.1093067260040026     
   4.0000000000000001E-002  -1.1221753629281246     
   4.3333333333333335E-002 -0.91563717877785766     
   4.6666666666666669E-002 -0.85601509140534149     
   5.0000000000000003E-002  -1.0587024932595701     
   5.3333333333333337E-002  -1.1497369541453066     
   5.6666666666666671E-002 -0.99256526870715300     
   6.0000000000000005E-002 -0.82670774743243214     
   6.3333333333333339E-002 -0.98887340894252196     
   6.6666666666666666E-002  -1.1270954797180190     
   7.0000000000000007E-002  -1.1127190385251242     
   7.3333333333333334E-002 -0.82464125538033195     
   7.6666666666666675E-002 -0.93964797430346503     
   8.0000000000000002E-002  -1.0069462086100451     
   8.3333333333333343E-002  -1.2498391834382236     
   8.6666666666666670E-002 -0.86231314741383658     
   9.0000000000000011E-002 -0.96229402608314507     
   9.3333333333333338E-002 -0.81773114578804940     
   9.6666666666666679E-002  -1.2871033835708094     
  0.10000000000000001      -0.97821343487858803     
  0.10333333333333335       -1.0175668441618630     
  0.10666666666666667      -0.76111217594335712     
  0.11000000000000000       -1.0566595183723118     
  0.11333333333333334       -1.1761705856685194     
  0.11666666666666667       -1.0151681650612061     
  0.12000000000000001      -0.96347495342578615     
  0.12333333333333334      -0.74373601127833744     
  0.12666666666666668       -1.1561811398689612     
  0.13000000000000000       -1.0924212224651335     
  0.13333333333333333       -1.0880885576366541     
  0.13666666666666669      -0.88781629340691137     
  0.14000000000000001      -0.77907071865019062     
  0.14333333333333334       -1.1487342674503820     
  0.14666666666666667       -1.0742332470354865     
  0.15000000000000002       -1.1385631635995530     
  0.15333333333333335      -0.87292935529100979     
  0.15666666666666668      -0.77897340950329474     
  0.16000000000000000       -1.1023678002610300     
  0.16333333333333333       -1.0676454648177145     
  0.16666666666666669       -1.1835072596267120     
  0.17000000000000001      -0.93243684867646826     
  0.17333333333333334      -0.74933492488409681     
  0.17666666666666667       -1.0290039031397784     
  0.18000000000000002       -1.0355148963288872     
  0.18333333333333335       -1.2032502521380541     
  0.18666666666666668       -1.0740402560757880     
  0.19000000000000000      -0.75099389851384468     
  0.19333333333333336      -0.93142903141689970     
  0.19666666666666668      -0.96689458656481508     
  0.20000000000000001       -1.1307495873545856     
  0.20333333333333334       -1.2476259450749743     
  0.20666666666666669      -0.87926564780457606     
  0.21000000000000002      -0.85501695414584100     
  0.21333333333333335      -0.90077771397944584     
  0.21666666666666667      -0.93103396449964970     
  0.22000000000000000       -1.2666817964122050     
  0.22333333333333336       -1.1450182761260155     
  0.22666666666666668      -0.90529980394617104     
  0.23000000000000001      -0.92550877812300991     
  0.23333333333333334      -0.77081518125609494     
  0.23666666666666669      -0.96140014561333209     
  0.24000000000000002       -1.2646778483115835     
  0.24333333333333335       -1.1033011671631883     
  0.24666666666666667       -1.0587800333788753     
  0.25000000000000000      -0.94886932259612289     
  0.25333333333333335      -0.68722784867259801     
  0.25666666666666671      -0.92237855108858735     
  0.26000000000000001       -1.1374255610550819     
  0.26333333333333336       -1.0976463473005105     
  0.26666666666666666       -1.2360887504201432     
  0.27000000000000002       -1.0653287309298509     
  0.27333333333333337      -0.73050123719846360     
  0.27666666666666667      -0.84341180775981883     
  0.28000000000000003      -0.91111141623211267     
  0.28333333333333333      -0.94690476210473551     
  0.28666666666666668       -1.2774633827133592     
  0.29000000000000004       -1.2628577729783548     
  0.29333333333333333      -0.98281190127613227     
  0.29666666666666669      -0.97181582513281550     
  0.30000000000000004      -0.81942035594076379     
  0.30333333333333334      -0.65623936982208719     
  0.30666666666666670      -0.95974047299768439     
  0.31000000000000000       -1.1611984697459088     
  0.31333333333333335       -1.1235307122258078     
  0.31666666666666671       -1.2904438375957639     
  0.32000000000000001       -1.2306237312634463     
  0.32333333333333336      -0.84698449081723304     
  0.32666666666666666      -0.78335519712242385     
  0.33000000000000002      -0.81710723222849457     
  0.33333333333333337      -0.67662275331594124     
  0.33666666666666667      -0.88152108312330335     
  0.34000000000000002       -1.2423318060687891     
  0.34333333333333338       -1.2299958657501489     
  0.34666666666666668       -1.2433907789073766     
  0.35000000000000003       -1.3742897464014705     
  0.35333333333333333       -1.1105346785882708     
  0.35666666666666669      -0.77459923589679480     
  0.36000000000000004      -0.78264920072093014     
  0.36333333333333334      -0.68755807540183356     
  0.36666666666666670      -0.49867569346206692     
  0.37000000000000005      -0.72569679337623205     
  0.37333333333333335       -1.0390948066534327     
  0.37666666666666671       -1.0691857274613759     
  0.38000000000000000       -1.2607087206977161     
  0.38333333333333336       -1.6097927966269427     
  0.38666666666666671       -1.5778261576802803     
  0.39000000000000001       -1.3977532886440032     
  0.39333333333333337       -1.4525024658563828     
  0.39666666666666667       -1.3201113308693662     
  0.40000000000000002      -0.86766715870367961     
  0.40333333333333338      -0.63028551980080916     
  0.40666666666666668      -0.54329955631113036     
  0.41000000000000003      -0.15700538028580779     
  0.41333333333333339       0.22358812919553103     
  0.41666666666666669       0.25222768227473086     
  0.42000000000000004       0.35605753778224880     
  0.42333333333333334       0.70244446144165573     
  0.42666666666666669       0.80518446550009626     
  0.43000000000000005       0.68219804188410194     
  0.43333333333333335       0.81846376117916453     
  0.43666666666666670        1.0444720450449492     
  0.44000000000000000       0.94407120872439854     
  0.44333333333333336       0.82072005305529871     
  0.44666666666666671        1.0065359255993525     
  0.45000000000000001        1.1164895875795278     
  0.45333333333333337       0.92606018113204114     
  0.45666666666666672       0.87423484580838251     
  0.46000000000000002        1.0856447246696208     
  0.46333333333333337        1.1015055176939668     
  0.46666666666666667       0.89034688105136617     
  0.47000000000000003       0.91210644669451735     
  0.47333333333333338        1.1216299112981416     
  0.47666666666666668        1.0718135398543231     
  0.48000000000000004       0.86850624860399950     
  0.48333333333333334       0.94035364432722413     
  0.48666666666666669        1.1374466623892590     
  0.49000000000000005        1.0505758050467275     
  0.49333333333333335       0.85868225692806921     
  0.49666666666666670       0.95440275432102273     
  0.50000000000000000        1.1434620501799195     
  0.50333333333333341        1.0448409469744675     
  0.50666666666666671       0.85579677921800368     
  0.51000000000000001       0.95149672231317273     
  0.51333333333333342        1.1434321991388903     
  0.51666666666666672        1.0564868746678624     
  0.52000000000000002       0.85952874188487816     
  0.52333333333333332       0.93113747046432283     
  0.52666666666666673        1.1348620563233081     
  0.53000000000000003        1.0843273396609912     
  0.53333333333333333       0.87602197449794428     
  0.53666666666666674       0.89574827704379789     
  0.54000000000000004        1.1102464953093765     
  0.54333333333333333        1.1207128342591848     
  0.54666666666666675       0.91786780045680105     
  0.55000000000000004       0.85268448856149426     
  0.55333333333333334        1.0635649862653014     
  0.55666666666666675        1.1428058648954467     
  0.56000000000000005        1.0021944984991127     
  0.56333333333333335       0.81369705348206112     
  0.56666666666666665        1.0059249414484623     
  0.57000000000000006        1.1054944390047030     
  0.57333333333333336        1.1390467202515138     
  0.57666666666666666       0.79397027219470750     
  0.58000000000000007       0.97346504479489671     
  0.58333333333333337       0.97222482922609987     
  0.58666666666666667        1.2820435829617542     
  0.59000000000000008       0.83717181332895263     
  0.59333333333333338       0.97504459855915504     
  0.59666666666666668       0.82277445262672344     
  0.60000000000000009        1.2598663804977410     
  0.60333333333333339        1.0296893240003075     
  0.60666666666666669       0.94354302516738964     
  0.60999999999999999       0.85123035768160904     
  0.61333333333333340       0.96186072667195199     
  0.61666666666666670        1.2603481269850967     
  0.62000000000000000       0.95823262951621424     
  0.62333333333333341       0.97911201043317431     
  0.62666666666666671       0.77642507063710708     
  0.63000000000000000        1.0789463920712901     
  0.63333333333333341        1.1980704988629869     
  0.63666666666666671       0.98047526645375915     
  0.64000000000000001       0.96670473535703183     
  0.64333333333333342       0.75465927908503194     
  0.64666666666666672        1.1075585280858271     
  0.65000000000000002        1.1709083188168941     
  0.65333333333333332        1.0175203137198563     
  0.65666666666666673       0.97478315103808499     
  0.66000000000000003       0.73673610552844226     
  0.66333333333333333        1.0649813333748088     
  0.66666666666666674        1.1727325611070474     
  0.67000000000000004        1.0535393492647185     
  0.67333333333333334        1.0294110403085628     
  0.67666666666666675       0.73241993723078980     
  0.68000000000000005       0.95421751058196835     
  0.68333333333333335        1.1681441920534759     
  0.68666666666666676        1.0794125167709754     
  0.69000000000000006        1.1222975208805086     
  0.69333333333333336       0.80792268932564304     
  0.69666666666666666       0.79774826473860694     
  0.70000000000000007        1.1018675073565831     
  0.70333333333333337        1.0757073141039475     
  0.70666666666666667        1.1858463473898599     
  0.71000000000000008        1.0227418118756200     
  0.71333333333333337       0.72044334415093092     
  0.71666666666666667       0.93634711782782332     
  0.72000000000000008        1.0220729890129976     
  0.72333333333333338        1.1085962812237187     
  0.72666666666666668        1.2591325592708824     
  0.73000000000000009       0.92009122972167889     
  0.73333333333333339       0.78885325056320676     
  0.73666666666666669       0.92863570634673442     
  0.74000000000000010       0.90493754452772668     
  0.74333333333333340        1.1717807870699748     
  0.74666666666666670        1.2744813330494125     
  0.75000000000000000       0.94886932259612222     
  0.75333333333333341       0.90292914834313232     
  0.75666666666666671       0.85389893118179816     
  0.76000000000000001       0.77768525727122628     
  0.76333333333333342        1.1304107865671058     
  0.76666666666666672        1.2541268197272535     
  0.77000000000000002        1.0707462793311788     
  0.77333333333333343        1.0843339925231759     
  0.77666666666666673       0.87983380266211686     
  0.78000000000000003       0.66650260883290613     
  0.78333333333333344       0.94159160877656101     
  0.78666666666666674        1.0971290128848452     
  0.79000000000000004        1.0951329152485763     
  0.79333333333333333        1.2893926008614165     
  0.79666666666666675        1.1437344561038418     
  0.80000000000000004       0.79053827594276194     
  0.80333333333333334       0.82538569164829734     
  0.80666666666666675       0.83623413090642851     
  0.81000000000000005       0.78989484737924476     
  0.81333333333333335        1.1289029729209923     
  0.81666666666666676        1.3255498976803395     
  0.82000000000000006        1.1493263455165246     
  0.82333333333333336        1.1435684567262172     
  0.82666666666666677        1.0634313125468897     
  0.83000000000000007       0.69600473164024479     
  0.83333333333333337       0.66584805479627462     
  0.83666666666666667       0.88418521456620924     
  0.84000000000000008       0.87670011133620263     
  0.84333333333333338        1.0341861242153578     
  0.84666666666666668        1.3879817373362227     
  0.85000000000000009        1.3419445911841288     
  0.85333333333333339        1.1438599596386136     
  0.85666666666666669        1.1686742242621460     
  0.86000000000000010       0.97028321742777091     
  0.86333333333333340       0.59489910235498733     
  0.86666666666666670       0.60865763468840151     
  0.87000000000000011       0.73917162377007539     
  0.87333333333333341       0.65933873742157645     
  0.87666666666666671       0.83380972830653777     
  0.88000000000000000        1.2554663967881450     
  0.88333333333333341        1.3646128347030519     
  0.88666666666666671        1.3635162986837124     
  0.89000000000000001        1.6031824493347049     
  0.89333333333333342        1.6349333150804135     
  0.89666666666666672        1.3079888510309199     
  0.90000000000000002        1.1493201043228349     
  0.90333333333333343        1.0946144507448954     
  0.90666666666666673       0.70061300908223434     
  0.91000000000000003       0.28212759304000373     
  0.91333333333333344       0.19614230635238811     
  0.91666666666666674        2.5386671937392052E-002
  0.92000000000000004      -0.38953870159739445     
  0.92333333333333334      -0.55676675933289388     
  0.92666666666666675      -0.49077900062891511     
  0.93000000000000005      -0.67497344236368262     
  0.93333333333333335      -0.93963429944872190     
  0.93666666666666676      -0.86929568958448433     
  0.94000000000000006      -0.76858445765771621     
  0.94333333333333336      -0.97096064924359060     
  0.94666666666666677       -1.0927078934793570     
  0.95000000000000007      -0.91047158288145114     
  0.95333333333333337      -0.86420747208058113     
  0.95666666666666678       -1.0793105012897068     
  0.96000000000000008       -1.0975735922883663     
  0.96333333333333337      -0.88794706873376239     
  0.96666666666666667      -0.91066552737983864     
  0.97000000000000008       -1.1207783610778659     
  0.97333333333333338       -1.0713180145099228     
  0.97666666666666668      -0.86822215899711042     
  0.98000000000000009      -0.94019320791918037     
  0.98333333333333339       -1.1373571995733143     
  0.98666666666666669       -1.0505268890472177     
  0.99000000000000010      -0.85865532390845500     
  0.99333333333333340      -0.95438918731568434     
  0.99666666666666670       -1.1434533007993124     
