   0.0000000000000000       0.83231370875364985     
   3.3333333333333335E-003  0.93375214613584290     
   6.6666666666666671E-003   1.0362131453877494     
   1.0000000000000000E-002  0.88515437681670772     
   1.3333333333333334E-002   1.1280846986244990     
   1.6666666666666666E-002   1.3708784681705715     
   2.0000000000000000E-002  0.91689267944386965     
   2.3333333333333334E-002  0.65887643656489436     
   2.6666666666666668E-002  0.89546877510476519     
   3.0000000000000002E-002   1.0459369461334207     
   3.3333333333333333E-002   1.1585225943187802     
   3.6666666666666667E-002   1.1024544750404950     
   4.0000000000000001E-002  0.96788788823369443     
   4.3333333333333335E-002   1.1262002409897500     
   4.6666666666666669E-002  0.98097230547980840     
   5.0000000000000003E-002  0.59377357568375566     
   5.3333333333333337E-002  0.88268011420940840     
   5.6666666666666671E-002   1.3036120470592991     
   6.0000000000000005E-002   1.1955014811236802     
   6.3333333333333339E-002   1.0503796876049534     
   6.6666666666666666E-002  0.94084861016302201     
   7.0000000000000007E-002  0.86315489307235138     
   7.3333333333333334E-002  0.98800772787226943     
   7.6666666666666675E-002  0.87906243973252962     
   8.0000000000000002E-002  0.78045873615671402     
   8.3333333333333343E-002   1.2380576860967962     
   8.6666666666666670E-002   1.4214465395834166     
   9.0000000000000011E-002  0.98134259816865355     
   9.3333333333333338E-002  0.79860730295912497     
   9.6666666666666679E-002  0.87945779480478237     
  0.10000000000000001       0.88077070532251711     
  0.10333333333333335       0.98902684964001208     
  0.10666666666666667       0.99885701473171684     
  0.11000000000000000       0.98145094860710169     
  0.11333333333333334        1.3136820204754223     
  0.11666666666666667        1.3272954483905037     
  0.12000000000000001       0.78211646763090859     
  0.12333333333333334       0.64926278852435448     
  0.12666666666666668       0.94675254677258758     
  0.13000000000000000       0.96749995102767550     
  0.13333333333333333       0.98590183686793953     
  0.13666666666666669        1.0835933710762296     
  0.14000000000000001        1.1092778630691078     
  0.14333333333333334        1.2295138251620559     
  0.14666666666666667        1.2838318728384239     
  0.15000000000000002       0.74570618150319001     
  0.15333333333333335       0.58564107778190311     
  0.15666666666666668       0.89837282459019274     
  0.16000000000000000        1.1164480984996608     
  0.16333333333333333       0.86111808842055693     
  0.16666666666666669        1.1305165839857609     
  0.17000000000000001        1.1277393849625925     
  0.17333333333333334        1.3166418883981923     
  0.17666666666666667        1.1507718444512687     
  0.18000000000000002        1.0642888897958414     
  0.18333333333333335       0.44126196503404452     
  0.18666666666666668       0.85989745408114071     
  0.19000000000000000       0.97344561099696969     
  0.19333333333333336       0.98872751472905485     
  0.19666666666666668       0.76515006923803153     
  0.20000000000000001        1.2143088805165680     
  0.20333333333333334        1.3129861813146360     
  0.20666666666666669        1.2856964088599754     
  0.21000000000000002        1.2769938540094765     
  0.21333333333333335       0.82671621853528887     
  0.21666666666666667       0.74049458444569072     
  0.22000000000000000       0.81359483938625932     
  0.22333333333333336        1.0475855125384148     
  0.22666666666666668       0.54847171190291855     
  0.23000000000000001       0.68661585389980528     
  0.23333333333333334        1.1050013385932171     
  0.23666666666666669        1.2546889713353286     
  0.24000000000000002        1.3641123302463576     
  0.24333333333333335        1.2628887422220980     
  0.24666666666666667        1.2557594991499212     
  0.25000000000000000       0.98222903262183681     
  0.25333333333333335        1.2644960655829445     
  0.25666666666666671        1.1123975539876481     
  0.26000000000000001       0.51564737029969676     
  0.26333333333333336       0.47649281611826350     
  0.26666666666666666       0.63958755135095036     
  0.27000000000000002       0.86629061693425358     
  0.27333333333333337       0.67999745483192020     
  0.27666666666666667       0.86629973405774341     
  0.28000000000000003        1.0161661789606118     
  0.28333333333333333        1.0205561439816075     
  0.28666666666666668        1.5827136919816434     
  0.29000000000000004        1.6863667089358372     
  0.29333333333333333        1.4731579141233657     
  0.29666666666666669        1.2731863375401342     
  0.30000000000000004        1.4728237466672121     
  0.30333333333333334        1.6643736887221310     
  0.30666666666666670        1.1600939702775159     
  0.31000000000000000        1.0066747374001086     
  0.31333333333333335       0.78390431559060247     
  0.31666666666666671       0.40513128172082608     
  0.32000000000000001       0.42515030185392244     
  0.32333333333333336       0.34494949866685143     
  0.32666666666666666       0.10884092838070816     
  0.33000000000000002      -0.47445044930577440     
  0.33333333333333337      -0.59438480653745762     
  0.33666666666666667      -0.23417172876482967     
  0.34000000000000002      -0.51867958198403441     
  0.34333333333333338      -0.71425093771003045     
  0.34666666666666668      -0.76438541459867759     
  0.35000000000000003      -0.95360613975475528     
  0.35333333333333333      -0.94599190323985860     
  0.35666666666666669      -0.89447475645440788     
  0.36000000000000004      -0.64723044837392862     
  0.36333333333333334      -0.86641913503441359     
  0.36666666666666670       -1.3476019091470945     
  0.37000000000000005       -1.0312516501614135     
  0.37333333333333335      -0.80920994504214017     
  0.37666666666666671      -0.91982357505768675     
  0.38000000000000000      -0.93661129832762324     
  0.38333333333333336       -1.0474780851097338     
  0.38666666666666671       -1.0438677142972219     
  0.39000000000000001       -1.1605202126369238     
  0.39333333333333337       -1.0485115467217834     
  0.39666666666666667      -0.61631087258476303     
  0.40000000000000002      -0.92616920916740020     
  0.40333333333333338       -1.3019896600519982     
  0.40666666666666668       -1.0945829931237605     
  0.41000000000000003      -0.96425408105731980     
  0.41333333333333339      -0.88115138573095053     
  0.41666666666666669      -0.93766355381840483     
  0.42000000000000004      -0.98951271216561487     
  0.42333333333333334      -0.92588083529621967     
  0.42666666666666669       -1.2536665411004946     
  0.43000000000000005       -1.2140939879073884     
  0.43333333333333335      -0.68433176920362460     
  0.43666666666666670      -0.78152234682181221     
  0.44000000000000000       -1.0912408825710698     
  0.44333333333333336       -1.1451894984000979     
  0.44666666666666671       -1.1180071759259202     
  0.45000000000000001      -0.94199097729995862     
  0.45333333333333337      -0.98969028601696674     
  0.45666666666666672      -0.97165924470998377     
  0.46000000000000002      -0.71208154534297130     
  0.46333333333333337       -1.0519162972316709     
  0.46666666666666667       -1.3952639116192724     
  0.47000000000000003       -1.0433877854433280     
  0.47333333333333338      -0.81246886760754111     
  0.47666666666666668      -0.84178127465150687     
  0.48000000000000004      -0.94907928997404034     
  0.48333333333333334       -1.1173103221210159     
  0.48666666666666669       -1.0077684164280447     
  0.49000000000000005       -1.0642802836883840     
  0.49333333333333335       -1.2564796956565309     
  0.49666666666666670      -0.84657040621981927     
  0.50000000000000000      -0.60941381660959215     
  0.50333333333333341       -1.0206397769839439     
  0.50666666666666671       -1.2105076121787073     
  0.51000000000000001       -1.1499926943600285     
  0.51333333333333342       -1.0449895360169814     
  0.51666666666666672      -0.88360222011420775     
  0.52000000000000002      -0.98441094395551354     
  0.52333333333333332      -0.94517353141360272     
  0.52666666666666673      -0.72229102890928454     
  0.53000000000000003       -1.0874742888818554     
  0.53333333333333333       -1.4218075808687303     
  0.53666666666666674       -1.0649616725256892     
  0.54000000000000004      -0.81462113238726830     
  0.54333333333333333      -0.85365676782673772     
  0.54666666666666675      -0.89285208334874600     
  0.55000000000000004       -1.0436839635160915     
  0.55333333333333334       -1.0231097494474179     
  0.55666666666666675      -0.99852532851494591     
  0.56000000000000005       -1.3048808272922394     
  0.56333333333333335       -1.1744390247088852     
  0.56666666666666665      -0.64329089217767743     
  0.57000000000000006      -0.71933333626231732     
  0.57333333333333336       -1.0547877959011300     
  0.57666666666666666       -1.0799420233513299     
  0.58000000000000007       -1.1163005805229664     
  0.58333333333333337       -1.0986211329999416     
  0.58666666666666667       -1.0398927104258167     
  0.59000000000000008       -1.1336400296413087     
  0.59333333333333338      -0.89186131905581911     
  0.59666666666666668      -0.54807544523440166     
  0.60000000000000009      -0.90126126507141069     
  0.60333333333333339       -1.3108433653869467     
  0.60666666666666669       -1.1453349032344975     
  0.60999999999999999       -1.0419389354761530     
  0.61333333333333340       -1.0942417639226991     
  0.61666666666666670      -0.99066066525585439     
  0.62000000000000000      -0.94123958670134233     
  0.62333333333333341      -0.81752155382893954     
  0.62666666666666671      -0.64205370220860236     
  0.63000000000000000       -1.0134814687534683     
  0.63333333333333341       -1.4243131776011335     
  0.63666666666666671       -1.1785868936946269     
  0.64000000000000001      -0.92333710074865716     
  0.64333333333333342       -1.0986912873062515     
  0.64666666666666672       -1.0095614584678982     
  0.65000000000000002      -0.83631899447467739     
  0.65333333333333332      -0.75249637891298049     
  0.65666666666666673      -0.77832614872211225     
  0.66000000000000003      -0.92421370525197832     
  0.66333333333333333       -1.4458428067386295     
  0.66666666666666674       -1.2345024541937342     
  0.67000000000000004      -0.99190072596458201     
  0.67333333333333334      -0.96566421100676225     
  0.67666666666666675       -1.2684192726465522     
  0.68000000000000005      -0.74590699308257302     
  0.68333333333333335      -0.76269714493705598     
  0.68666666666666676      -0.62935248198537308     
  0.69000000000000006      -0.95898807887114712     
  0.69333333333333336       -1.0447280829010990     
  0.69666666666666666       -1.4494330278725789     
  0.70000000000000007       -1.0350243917402566     
  0.70333333333333337       -1.0501981518331156     
  0.70666666666666667       -1.3016086267766740     
  0.71000000000000008       -1.2146372195809643     
  0.71333333333333337      -0.77949195370465918     
  0.71666666666666667      -0.54127173747125401     
  0.72000000000000008      -0.82130180855111756     
  0.72333333333333338      -0.69925119280606263     
  0.72666666666666668       -1.0533984038831907     
  0.73000000000000009       -1.0332346390908880     
  0.73333333333333339       -1.0024565777928769     
  0.73666666666666669       -1.1334321897127269     
  0.74000000000000010       -1.5375866715319724     
  0.74333333333333340       -1.5322617507444705     
  0.74666666666666670      -0.90537611514376448     
  0.75000000000000000      -0.98222903262183747     
  0.75333333333333341      -0.91411268157678638     
  0.75666666666666671      -0.84302454546527550     
  0.76000000000000001      -0.68912171158530855     
  0.76333333333333342      -0.59774959774086334     
  0.76666666666666672      -0.53704279055060755     
  0.77000000000000002      -0.51967183174317422     
  0.77333333333333343       -1.1849241468121892     
  0.77666666666666673       -1.2146340537900953     
  0.78000000000000003       -1.0238731481254690     
  0.78333333333333344       -1.2197789909560492     
  0.78666666666666674       -1.5354894271510151     
  0.79000000000000004       -1.7487233433643525     
  0.79333333333333333       -1.4890701320400666     
  0.79666666666666675       -1.5359743670216537     
  0.80000000000000004       -1.2935392578909011     
  0.80333333333333334      -0.98009073008758485     
  0.80666666666666675       -1.2160945384495681     
  0.81000000000000005       -1.0211322695259273     
  0.81333333333333335      -0.55335934349483207     
  0.81666666666666676       -8.3696101817815283E-002
  0.82000000000000006      -0.10676840514065673     
  0.82333333333333336      -0.22730207047156728     
  0.82666666666666677       0.24213674901072380     
  0.83000000000000007       0.33861179030776090     
  0.83333333333333337       0.49039893632949133     
  0.83666666666666667       0.81889644708290277     
  0.84000000000000008       0.71091397523171918     
  0.84333333333333338       0.59420426184194564     
  0.84666666666666668       0.59753011346760398     
  0.85000000000000009        1.0442189527262400     
  0.85333333333333339        1.2202623176103811     
  0.85666666666666669       0.76365221859860377     
  0.86000000000000010       0.83317121069438305     
  0.86333333333333340       0.96141265765280903     
  0.86666666666666670       0.90919056841390189     
  0.87000000000000011        1.0772331678872089     
  0.87333333333333341        1.1139087896061264     
  0.87666666666666671        1.0880823403622784     
  0.88000000000000000       0.77748817925719271     
  0.88333333333333341       0.71084330197508827     
  0.88666666666666671        1.2633079708499506     
  0.89000000000000001        1.2210081995059756     
  0.89333333333333342       0.90203365821900938     
  0.89666666666666672       0.93812738833169929     
  0.90000000000000002       0.90567864941850229     
  0.90333333333333343       0.97060731048161863     
  0.90666666666666673        1.0013289770270712     
  0.91000000000000003        1.1165515125299752     
  0.91333333333333344        1.2627052148885529     
  0.91666666666666674       0.79822700072155051     
  0.92000000000000004       0.65367086779936456     
  0.92333333333333334        1.1267604189150204     
  0.92666666666666675        1.1868864730716346     
  0.93000000000000005        1.0702724310973524     
  0.93333333333333335       0.98188948718896796     
  0.93666666666666676       0.90558168392574634     
  0.94000000000000006       0.98186153640251250     
  0.94333333333333336       0.84010277985574033     
  0.94666666666666677       0.97757754068791181     
  0.95000000000000007        1.3919013651322969     
  0.95333333333333337        1.0778105081480303     
  0.95666666666666678       0.69911577154697579     
  0.96000000000000008       0.86534830118939798     
  0.96333333333333337        1.0144234947168680     
  0.96666666666666667        1.1319789250693266     
  0.97000000000000008        1.0849251281917622     
  0.97333333333333338       0.98564661380302321     
  0.97666666666666668        1.1280783695002161     
  0.98000000000000009       0.88156102546239745     
  0.98333333333333339       0.63003407406465473     
  0.98666666666666669        1.0908635790355630     
  0.99000000000000010        1.3291186012317060     
  0.99333333333333340        1.0821852288655713     
  0.99666666666666670       0.93345803706791841     
