   0.0000000000000000       -1.0862940121669771     
   3.3333333333333335E-003  -1.1625801991451250     
   6.6666666666666671E-003 -0.92088956311486081     
   1.0000000000000000E-002 -0.82742217069856638     
   1.3333333333333334E-002  -1.0588360709369611     
   1.6666666666666666E-002  -1.1851666988285396     
   2.0000000000000000E-002 -0.97671415249984661     
   2.3333333333333334E-002 -0.80607923703049367     
   2.6666666666666668E-002 -0.97139685410212318     
   3.0000000000000002E-002  -1.1886721787749965     
   3.3333333333333333E-002  -1.0936305091382710     
   3.6666666666666667E-002 -0.84327007611615490     
   4.0000000000000001E-002 -0.83971905532251245     
   4.3333333333333335E-002  -1.0874662199917779     
   4.6666666666666669E-002  -1.2058893424766366     
   5.0000000000000003E-002  -1.0185327001438738     
   5.3333333333333337E-002 -0.80044198801952215     
   5.6666666666666671E-002 -0.86219117982744431     
   6.0000000000000005E-002  -1.1164911938719484     
   6.3333333333333339E-002  -1.2186233165020564     
   6.6666666666666666E-002  -1.0352762597202267     
   7.0000000000000007E-002 -0.80272795922478768     
   7.3333333333333334E-002 -0.81017929070185335     
   7.6666666666666675E-002  -1.0469764819267193     
   8.0000000000000002E-002  -1.2345604506397638     
   8.3333333333333343E-002  -1.1607499737336395     
   8.6666666666666670E-002 -0.90841196639793265     
   9.0000000000000011E-002 -0.74635863094684085     
   9.3333333333333338E-002 -0.83974887548477162     
   9.6666666666666679E-002  -1.0944924830257952     
  0.10000000000000001       -1.2673701592212085     
  0.10333333333333335       -1.2011522020330172     
  0.10666666666666667      -0.95566820127212204     
  0.11000000000000000      -0.73826254375385281     
  0.11333333333333334      -0.72309692250739455     
  0.11666666666666667      -0.92030356582939410     
  0.12000000000000001       -1.1849095895906048     
  0.12333333333333334       -1.3338536760566486     
  0.12666666666666668       -1.2707082735100006     
  0.13000000000000000       -1.0356297959718461     
  0.13333333333333333      -0.76528119181759813     
  0.13666666666666669      -0.60558788786218198     
  0.14000000000000001      -0.63598342440288314     
  0.14333333333333334      -0.84153934409617182     
  0.14666666666666667       -1.1343640759632994     
  0.15000000000000002       -1.4012689818640840     
  0.15333333333333335       -1.5497860368269964     
  0.15666666666666668       -1.5344468143106773     
  0.16000000000000000       -1.3595421518510731     
  0.16333333333333333       -1.0651326776757535     
  0.16666666666666669      -0.70681045608651616     
  0.17000000000000001      -0.33790304084323308     
  0.17333333333333334        1.4513228350047092E-003
  0.17666666666666667       0.28793906663362523     
  0.18000000000000002       0.51339754536175852     
  0.18333333333333335       0.68049459312461635     
  0.18666666666666668       0.79796669866793191     
  0.19000000000000000       0.87672316177107401     
  0.19333333333333336       0.92728487588422237     
  0.19666666666666668       0.95847232328285270     
  0.20000000000000001       0.97700507051459184     
  0.20333333333333334       0.98763887852231913     
  0.20666666666666669       0.99354179946323939     
  0.21000000000000002       0.99671720601923763     
  0.21333333333333335       0.99837495666905107     
  0.21666666666666667       0.99921593600274849     
  0.22000000000000000       0.99963098086128344     
  0.22333333333333336       0.99983045855311969     
  0.22666666666666668       0.99992391011416648     
  0.23000000000000001       0.99996662055162100     
  0.23333333333333334       0.99998567926693327     
  0.23666666666666669       0.99999398590095689     
  0.24000000000000002       0.99999753206934938     
  0.24333333333333335       0.99999899486678623     
  0.24666666666666667       0.99999963355250931     
  0.25000000000000000       0.99999978005599777     
  0.25333333333333335        1.0000001151123090     
  0.25666666666666671       0.99999954879262820     
  0.26000000000000001        1.0000010388259046     
  0.26333333333333336       0.99999750271351107     
  0.26666666666666666        1.0000058129913159     
  0.27000000000000002       0.99998675557221950     
  0.27333333333333337        1.0000294664625151     
  0.27666666666666667       0.99993601505688767     
  0.28000000000000003        1.0001354928011386     
  0.28333333333333333       0.99972044795998172     
  0.28666666666666668        1.0005614272993437     
  0.29000000000000004       0.99890367665134649     
  0.29333333333333333        1.0020790832079165     
  0.29666666666666669       0.99617616226717454     
  0.30000000000000004        1.0068099702749562     
  0.30333333333333334       0.98827722304323418     
  0.30666666666666670        1.0194646704418679     
  0.31000000000000000       0.96890295632872192     
  0.31333333333333335        1.0476594194318645     
  0.31666666666666671       0.93018731388855014     
  0.32000000000000001        1.0972843616514052     
  0.32333333333333336       0.87182588292327301     
  0.32666666666666666        1.1583136267218928     
  0.33000000000000002       0.81895926304365529     
  0.33333333333333337        1.1878666782869383     
  0.33666666666666667       0.82954445669770038     
  0.34000000000000002        1.1239539308730200     
  0.34333333333333338       0.94904926841341508     
  0.34666666666666668       0.96438849092973633     
  0.35000000000000003        1.1129055458926480     
  0.35333333333333333       0.84600063999186481     
  0.35666666666666669        1.1388253718589927     
  0.36000000000000004       0.93326945216570345     
  0.36333333333333334       0.96366498870640482     
  0.36666666666666670        1.1233582926618220     
  0.37000000000000005       0.85300968850757408     
  0.37333333333333335        1.0880881660457282     
  0.37666666666666671        1.0249427634990791     
  0.38000000000000000       0.87599867703303558     
  0.38333333333333336        1.1406047007942457     
  0.38666666666666671       0.94339805747224603     
  0.39000000000000001       0.92823243622578855     
  0.39333333333333337        1.1456380937440549     
  0.39666666666666667       0.90015409298316051     
  0.40000000000000002       0.96637205017135241     
  0.40333333333333338        1.1392497263667638     
  0.40666666666666668       0.88450611882574248     
  0.41000000000000003       0.97789636336367169     
  0.41333333333333339        1.1399496988147662     
  0.41666666666666669       0.88761169147906060     
  0.42000000000000004       0.96142216838518457     
  0.42333333333333334        1.1490061370982287     
  0.42666666666666669       0.91220894587336332     
  0.43000000000000005       0.91966027735042966     
  0.43333333333333335        1.1522085778458682     
  0.43666666666666670       0.96886152106403745     
  0.44000000000000000       0.86672939843392938     
  0.44333333333333336        1.1210294124784328     
  0.44666666666666671        1.0592802206705099     
  0.45000000000000001       0.84118950854615626     
  0.45333333333333337        1.0285461508789191     
  0.45666666666666672        1.1469692733637789     
  0.46000000000000002       0.89922210869451191     
  0.46333333333333337       0.89567108790087135     
  0.46666666666666667        1.1460315209229888     
  0.47000000000000003        1.0509898512862612     
  0.47333333333333338       0.83371452661338818     
  0.47666666666666668       0.99903214368501991     
  0.48000000000000004        1.1696670591543721     
  0.48333333333333334       0.96121451282567916     
  0.48666666666666669       0.83488388493410204     
  0.49000000000000005        1.0662977851724971     
  0.49333333333333335        1.1597651775887936     
  0.49666666666666670       0.91807454155852930     
  0.50000000000000000       0.84178835458038148     
  0.50333333333333341        1.0862940121669771     
  0.50666666666666671        1.1625801991451250     
  0.51000000000000001       0.92088956311486081     
  0.51333333333333342       0.82742217069856638     
  0.51666666666666672        1.0588360709369611     
  0.52000000000000002        1.1851666988285396     
  0.52333333333333332       0.97671415249984661     
  0.52666666666666673       0.80607923703049367     
  0.53000000000000003       0.97139685410212318     
  0.53333333333333333        1.1886721787749965     
  0.53666666666666674        1.0936305091382710     
  0.54000000000000004       0.84327007611615490     
  0.54333333333333333       0.83971905532251245     
  0.54666666666666675        1.0874662199917779     
  0.55000000000000004        1.2058893424766366     
  0.55333333333333334        1.0185327001438738     
  0.55666666666666675       0.80044198801952215     
  0.56000000000000005       0.86219117982744431     
  0.56333333333333335        1.1164911938719484     
  0.56666666666666665        1.2186233165020564     
  0.57000000000000006        1.0352762597202267     
  0.57333333333333336       0.80272795922478768     
  0.57666666666666666       0.81017929070185335     
  0.58000000000000007        1.0469764819267193     
  0.58333333333333337        1.2345604506397638     
  0.58666666666666667        1.1607499737336395     
  0.59000000000000008       0.90841196639793265     
  0.59333333333333338       0.74635863094684085     
  0.59666666666666668       0.83974887548477162     
  0.60000000000000009        1.0944924830257952     
  0.60333333333333339        1.2673701592212085     
  0.60666666666666669        1.2011522020330172     
  0.60999999999999999       0.95566820127212204     
  0.61333333333333340       0.73826254375385281     
  0.61666666666666670       0.72309692250739455     
  0.62000000000000000       0.92030356582939410     
  0.62333333333333341        1.1849095895906048     
  0.62666666666666671        1.3338536760566486     
  0.63000000000000000        1.2707082735100006     
  0.63333333333333341        1.0356297959718461     
  0.63666666666666671       0.76528119181759813     
  0.64000000000000001       0.60558788786218198     
  0.64333333333333342       0.63598342440288314     
  0.64666666666666672       0.84153934409617182     
  0.65000000000000002        1.1343640759632994     
  0.65333333333333332        1.4012689818640840     
  0.65666666666666673        1.5497860368269964     
  0.66000000000000003        1.5344468143106773     
  0.66333333333333333        1.3595421518510731     
  0.66666666666666674        1.0651326776757535     
  0.67000000000000004       0.70681045608651616     
  0.67333333333333334       0.33790304084323308     
  0.67666666666666675       -1.4513228350047092E-003
  0.68000000000000005      -0.28793906663362523     
  0.68333333333333335      -0.51339754536175852     
  0.68666666666666676      -0.68049459312461635     
  0.69000000000000006      -0.79796669866793224     
  0.69333333333333336      -0.87672316177107235     
  0.69666666666666666      -0.92728487588422814     
  0.70000000000000007      -0.95847232328283394     
  0.70333333333333337      -0.97700507051465313     
  0.70666666666666667      -0.98763887852212184     
  0.71000000000000008      -0.99354179946386101     
  0.71333333333333337      -0.99671720601731340     
  0.71666666666666667      -0.99837495667490761     
  0.72000000000000008      -0.99921593598522873     
  0.72333333333333338      -0.99963098091278391     
  0.72666666666666668      -0.99983045840440787     
  0.73000000000000009      -0.99992391053585283     
  0.73333333333333339      -0.99996661937783826     
  0.73666666666666669      -0.99998568247304187     
  0.74000000000000010      -0.99999397731103568     
  0.74333333333333340      -0.99999755463444984     
  0.74666666666666670      -0.99999893677339458     
  0.75000000000000000      -0.99999978005599699     
  0.75333333333333341      -0.99999941833319461     
  0.75666666666666671       -1.0000009890249635     
  0.76000000000000001      -0.99999748406759159     
  0.76333333333333342       -1.0000058061414254     
  0.76666666666666672      -0.99998675310222096     
  0.77000000000000002       -1.0000294655879867     
  0.77333333333333343      -0.99993601475275773     
  0.77666666666666673       -1.0001354926972215     
  0.78000000000000003      -0.99972044792508485     
  0.78333333333333344       -1.0005614272878227     
  0.78666666666666674      -0.99890367664760571     
  0.79000000000000004       -1.0020790832067221     
  0.79333333333333333      -0.99617616226679939     
  0.79666666666666675       -1.0068099702748401     
  0.80000000000000004      -0.98827722304319876     
  0.80333333333333334       -1.0194646704418571     
  0.80666666666666675      -0.96890295632871892     
  0.81000000000000005       -1.0476594194318636     
  0.81333333333333335      -0.93018731388854992     
  0.81666666666666676       -1.0972843616514052     
  0.82000000000000006      -0.87182588292327301     
  0.82333333333333336       -1.1583136267218928     
  0.82666666666666677      -0.81895926304365529     
  0.83000000000000007       -1.1878666782869383     
  0.83333333333333337      -0.82954445669770038     
  0.83666666666666667       -1.1239539308730200     
  0.84000000000000008      -0.94904926841341508     
  0.84333333333333338      -0.96438849092973633     
  0.84666666666666668       -1.1129055458926480     
  0.85000000000000009      -0.84600063999186481     
  0.85333333333333339       -1.1388253718589927     
  0.85666666666666669      -0.93326945216570345     
  0.86000000000000010      -0.96366498870640482     
  0.86333333333333340       -1.1233582926618220     
  0.86666666666666670      -0.85300968850757408     
  0.87000000000000011       -1.0880881660457282     
  0.87333333333333341       -1.0249427634990791     
  0.87666666666666671      -0.87599867703303558     
  0.88000000000000000       -1.1406047007942457     
  0.88333333333333341      -0.94339805747224603     
  0.88666666666666671      -0.92823243622578855     
  0.89000000000000001       -1.1456380937440549     
  0.89333333333333342      -0.90015409298316051     
  0.89666666666666672      -0.96637205017135241     
  0.90000000000000002       -1.1392497263667638     
  0.90333333333333343      -0.88450611882574248     
  0.90666666666666673      -0.97789636336367169     
  0.91000000000000003       -1.1399496988147662     
  0.91333333333333344      -0.88761169147906060     
  0.91666666666666674      -0.96142216838518457     
  0.92000000000000004       -1.1490061370982287     
  0.92333333333333334      -0.91220894587336332     
  0.92666666666666675      -0.91966027735042966     
  0.93000000000000005       -1.1522085778458682     
  0.93333333333333335      -0.96886152106403745     
  0.93666666666666676      -0.86672939843392938     
  0.94000000000000006       -1.1210294124784328     
  0.94333333333333336       -1.0592802206705099     
  0.94666666666666677      -0.84118950854615626     
  0.95000000000000007       -1.0285461508789191     
  0.95333333333333337       -1.1469692733637789     
  0.95666666666666678      -0.89922210869451191     
  0.96000000000000008      -0.89567108790087135     
  0.96333333333333337       -1.1460315209229888     
  0.96666666666666667       -1.0509898512862612     
  0.97000000000000008      -0.83371452661338818     
  0.97333333333333338      -0.99903214368501991     
  0.97666666666666668       -1.1696670591543721     
  0.98000000000000009      -0.96121451282567916     
  0.98333333333333339      -0.83488388493410204     
  0.98666666666666669       -1.0662977851724971     
  0.99000000000000010       -1.1597651775887936     
  0.99333333333333340      -0.91807454155852930     
  0.99666666666666670      -0.84178835458038148     
