   0.0000000000000000      -0.87379461983386508     
   3.3333333333333335E-003 -0.79278861400702427     
   6.6666666666666671E-003 -0.91276471321469665     
   1.0000000000000000E-002  -1.1550977240186018     
   1.3333333333333334E-002 -0.93995900080945527     
   1.6666666666666666E-002 -0.89879717402273940     
   2.0000000000000000E-002 -0.88681990612185191     
   2.3333333333333334E-002  -1.2402027818292358     
   2.6666666666666668E-002 -0.92468073431068243     
   3.0000000000000002E-002 -0.97571066501077408     
   3.3333333333333333E-002 -0.80807651951953074     
   3.6666666666666667E-002  -1.2720561727704223     
   4.0000000000000001E-002 -0.95346116382776747     
   4.3333333333333335E-002 -0.98098612963295351     
   4.6666666666666669E-002 -0.81812001748034724     
   5.0000000000000003E-002  -1.1476787320754347     
   5.3333333333333337E-002  -1.1285141225257931     
   5.6666666666666671E-002 -0.87392673675562593     
   6.0000000000000005E-002 -0.93731676033898992     
   6.3333333333333339E-002 -0.93997357262033787     
   6.6666666666666666E-002  -1.2643884972047779     
   7.0000000000000007E-002 -0.91038073910026918     
   7.3333333333333334E-002 -0.89103002043860713     
   7.6666666666666675E-002 -0.95493654414706808     
   8.0000000000000002E-002  -1.0932927918202116     
   8.3333333333333343E-002  -1.1822634179372300     
   8.6666666666666670E-002 -0.78468714656353356     
   9.0000000000000011E-002 -0.95127999382295980     
   9.3333333333333338E-002  -1.0223777188018464     
   9.6666666666666679E-002  -1.1444295511903779     
  0.10000000000000001       -1.0650286170892638     
  0.10333333333333335      -0.74269080309715407     
  0.10666666666666667       -1.0257172210360384     
  0.11000000000000000       -1.0820995439044923     
  0.11333333333333334       -1.1148721565347190     
  0.11666666666666667      -0.99184351809521509     
  0.12000000000000001      -0.74192912659803334     
  0.12333333333333334       -1.0811022604373919     
  0.12666666666666668       -1.1275416642201972     
  0.13000000000000000       -1.0512383573846402     
  0.13333333333333333      -0.96963568382941134     
  0.13666666666666669      -0.75671676836983792     
  0.14000000000000001       -1.0897739645013889     
  0.14333333333333334       -1.1809861840438167     
  0.14666666666666667      -0.98820671342481514     
  0.15000000000000002      -0.96661925973645135     
  0.15333333333333335      -0.79279313876727553     
  0.15666666666666668       -1.0342753401110731     
  0.16000000000000000       -1.2453193860363956     
  0.16333333333333333      -0.97138218999834736     
  0.16666666666666669      -0.93406522934052516     
  0.17000000000000001      -0.86356410469040701     
  0.17333333333333334      -0.93588965481740460     
  0.17666666666666667       -1.2628575954194969     
  0.18000000000000002       -1.0593613002726032     
  0.18333333333333335      -0.86356009065125861     
  0.18666666666666668      -0.92449962049468570     
  0.19000000000000000      -0.88339649911344464     
  0.19333333333333336       -1.1518584951027995     
  0.19666666666666668       -1.2235005607083462     
  0.20000000000000001      -0.87375097721713701     
  0.20333333333333334      -0.87580619360555279     
  0.20666666666666669      -0.92910535804667205     
  0.21000000000000002      -0.97556801459143139     
  0.21333333333333335       -1.2543687387487807     
  0.21666666666666667       -1.0929269315783652     
  0.22000000000000000      -0.79836090129645909     
  0.22333333333333336      -0.91329018162446041     
  0.22666666666666668      -0.93786382795446166     
  0.23000000000000001       -1.0511280909981422     
  0.23333333333333334       -1.2746882372036143     
  0.23666666666666669       -1.0057197868905798     
  0.24000000000000002      -0.78520145592963342     
  0.24333333333333335      -0.93105402945843896     
  0.24666666666666667      -0.93523702701238975     
  0.25000000000000000       -1.0786627537986515     
  0.25333333333333335       -1.2832067192124155     
  0.25666666666666671      -0.99644295684798212     
  0.26000000000000001      -0.79025731869494842     
  0.26333333333333336      -0.92280969148207870     
  0.26666666666666666      -0.90948410502924637     
  0.27000000000000002       -1.0472825612345558     
  0.27333333333333337       -1.2998347662216339     
  0.27666666666666667       -1.0704861751476731     
  0.28000000000000003      -0.81932840876650226     
  0.28333333333333333      -0.90394773550382390     
  0.28666666666666668      -0.86554760812348552     
  0.29000000000000004      -0.93689048764507055     
  0.29333333333333333       -1.2708073130621684     
  0.29666666666666669       -1.2106536361443403     
  0.30000000000000004      -0.91970842985537349     
  0.30333333333333334      -0.92150937671283817     
  0.30666666666666670      -0.85735251517356736     
  0.31000000000000000      -0.76545802116837192     
  0.31333333333333335       -1.0800647652004531     
  0.31666666666666671       -1.2946537288161328     
  0.32000000000000001       -1.0991554269352393     
  0.32333333333333336       -1.0299893009605432     
  0.32666666666666666      -0.99988237919046563     
  0.33000000000000002      -0.72556020204453031     
  0.33333333333333337      -0.73900604210294496     
  0.33666666666666667       -1.0899477695713518     
  0.34000000000000002       -1.1608309891262596     
  0.34333333333333338       -1.1143376091064610     
  0.34666666666666668       -1.2431540688862273     
  0.35000000000000003       -1.0952456065144023     
  0.35333333333333333      -0.72803453954203867     
  0.35666666666666669      -0.74368969263166251     
  0.36000000000000004      -0.92091548918181887     
  0.36333333333333334      -0.88954031733667627     
  0.36666666666666670       -1.0373664976610240     
  0.37000000000000005       -1.3581893276144270     
  0.37333333333333335       -1.2844395221997171     
  0.37666666666666671       -1.0044159414558256     
  0.38000000000000000      -0.98220614593362188     
  0.38333333333333336      -0.90366245157152492     
  0.38666666666666671      -0.62543959737486310     
  0.39000000000000001      -0.67377654179684499     
  0.39333333333333337       -1.0136707723704259     
  0.39666666666666667       -1.1061947315585445     
  0.40000000000000002       -1.1117883073067432     
  0.40333333333333338       -1.3550528520275598     
  0.40666666666666668       -1.4218629990327321     
  0.41000000000000003       -1.0956526430753091     
  0.41333333333333339      -0.88798644839535390     
  0.41666666666666669      -0.90421391384171679     
  0.42000000000000004      -0.71280297747225385     
  0.42333333333333334      -0.46992118199383925     
  0.42666666666666669      -0.63099444814530647     
  0.43000000000000005      -0.92519829490570971     
  0.43333333333333335      -0.96137801086412911     
  0.43666666666666670       -1.0602563146340982     
  0.44000000000000000       -1.4366205963230385     
  0.44333333333333336       -1.6301624864168032     
  0.44666666666666671       -1.4733929569720701     
  0.45000000000000001       -1.4169846533331647     
  0.45333333333333337       -1.5077813395466153     
  0.45666666666666672       -1.2981814442461537     
  0.46000000000000002      -0.85807988219298714     
  0.46333333333333337      -0.65780745734634294     
  0.46666666666666667      -0.58827606805340893     
  0.47000000000000003      -0.24428960064472796     
  0.47333333333333338       0.17832519720014042     
  0.47666666666666668       0.27268409933384302     
  0.48000000000000004       0.27757296669139403     
  0.48333333333333334       0.54345650327743256     
  0.48666666666666669       0.83083571124778266     
  0.49000000000000005       0.76998698946233946     
  0.49333333333333335       0.69826715257766037     
  0.49666666666666670       0.86695674499284925     
  0.50000000000000000        1.0924186075924744     
  0.50333333333333341       0.92166580161650091     
  0.50666666666666671       0.85373845436288032     
  0.51000000000000001       0.92092629946245941     
  0.51333333333333342        1.2010614138985691     
  0.51666666666666672       0.92413728915781224     
  0.52000000000000002       0.93900264331174610     
  0.52333333333333332       0.86101530282819250     
  0.52666666666666673        1.2720846712755893     
  0.53000000000000003       0.90569279213320419     
  0.53333333333333333       0.98665587983272451     
  0.53666666666666674       0.81539832389679656     
  0.54000000000000004        1.2464357198049523     
  0.54333333333333333        1.0010414240304124     
  0.54666666666666675       0.91413414009723981     
  0.55000000000000004       0.89971457507689490     
  0.55333333333333334        1.0609833473184442     
  0.55666666666666675        1.2080711512016407     
  0.56000000000000005       0.81553895889039807     
  0.56333333333333335       0.96210963981239828     
  0.56666666666666665       0.95652644976607715     
  0.57000000000000006        1.2067213242226862     
  0.57333333333333336       0.99922393192813774     
  0.57666666666666666       0.79018387531446932     
  0.58000000000000007        1.0428645514876713     
  0.58333333333333337        1.0428091700997844     
  0.58666666666666667        1.1787185359432519     
  0.59000000000000008       0.84426035204395700     
  0.59333333333333338       0.85134452102537184     
  0.59666666666666668        1.1319303668033764     
  0.60000000000000009        1.0623956616300776     
  0.60333333333333339        1.0888381107826131     
  0.60666666666666669       0.78871003780809268     
  0.60999999999999999       0.92451604570957968     
  0.61333333333333340        1.2002514303091756     
  0.61666666666666670        1.0282402214836615     
  0.62000000000000000        1.0083059398463567     
  0.62333333333333341       0.80582850279827523     
  0.62666666666666671       0.96303342124642499     
  0.63000000000000000        1.2458749917088601     
  0.63333333333333341       0.99047588769176509     
  0.63666666666666671       0.94010414808065779     
  0.64000000000000001       0.86455099200917651     
  0.64333333333333342       0.95820501723283513     
  0.64666666666666672        1.2652358319211285     
  0.65000000000000002        1.0001512283963130     
  0.65333333333333332       0.86208483884796772     
  0.65666666666666673       0.93140134250205353     
  0.66000000000000003       0.94414046526735618     
  0.66333333333333333        1.2297215616452093     
  0.66666666666666674        1.0862210910493750     
  0.67000000000000004       0.79109343347679018     
  0.67333333333333334       0.94110322236702248     
  0.67666666666666675       0.97809587544269305     
  0.68000000000000005        1.1263749309884754     
  0.68333333333333335        1.1969740931319315     
  0.68666666666666676       0.82346940467415286     
  0.69000000000000006       0.83492843878010381     
  0.69333333333333336        1.0395797136779326     
  0.69666666666666666        1.0457836403583380     
  0.70000000000000007        1.1960264537301630     
  0.70333333333333337        1.0168239323174739     
  0.70666666666666667       0.72865185293102830     
  0.71000000000000008       0.96045007544997019     
  0.71333333333333337        1.0891189765358595     
  0.71666666666666667        1.0878745470814495     
  0.72000000000000008        1.1709971031606585     
  0.72333333333333338       0.87901695227906640     
  0.72666666666666668       0.74125873828078215     
  0.73000000000000009        1.0488991581881528     
  0.73333333333333339        1.1039859602734317     
  0.73666666666666669        1.1028838261866047     
  0.74000000000000010        1.1377559136445901     
  0.74333333333333340       0.81993017936531098     
  0.74666666666666670       0.75920452773944758     
  0.75000000000000000        1.0786627537986526     
  0.75333333333333341        1.1071742199394727     
  0.75666666666666671        1.1075668069411106     
  0.76000000000000001        1.1428117764099062     
  0.76333333333333342       0.82564565218605257     
  0.76666666666666672       0.73878182809906290     
  0.77000000000000002        1.0495114940445429     
  0.77333333333333343        1.1032296765479557     
  0.77666666666666673        1.1047594044930680     
  0.78000000000000003        1.1919646106306989     
  0.78333333333333344       0.90900012000073938     
  0.78666666666666674       0.70029784591056432     
  0.79000000000000004       0.95200842678653153     
  0.79333333333333333        1.0703538079465251     
  0.79666666666666675        1.0696358974324160     
  0.80000000000000004        1.2419839063683977     
  0.80333333333333334        1.0992262970628481     
  0.80666666666666675       0.74507373374870012     
  0.81000000000000005       0.81392608150171097     
  0.81333333333333335       0.97903454937991963     
  0.81666666666666676       0.96123972633545818     
  0.82000000000000006        1.1661690576511081     
  0.82333333333333336        1.3147510209373441     
  0.82666666666666677        1.0050959467400835     
  0.83000000000000007       0.79803087325814781     
  0.83333333333333337       0.89116190381179461     
  0.83666666666666667       0.83160839792449082     
  0.84000000000000008       0.85965206835722052     
  0.84333333333333338        1.2172116067154790     
  0.84666666666666668        1.3124457689669164     
  0.85000000000000009        1.0617136378545406     
  0.85333333333333339        1.0050636580383536     
  0.85666666666666669       0.96647085944264621     
  0.86000000000000010       0.69569251668960708     
  0.86333333333333340       0.70615293762585807     
  0.86666666666666670        1.0582067015233796     
  0.87000000000000011        1.1635526932902041     
  0.87333333333333341        1.1199312792259408     
  0.87666666666666671        1.2796896990949422     
  0.88000000000000000        1.2485829591819402     
  0.88333333333333341       0.86726574818307645     
  0.88666666666666671       0.71081887114931852     
  0.89000000000000001       0.83136003999175656     
  0.89333333333333342       0.77666358914247968     
  0.89666666666666672       0.76004742387308621     
  0.90000000000000002        1.1091553518475559     
  0.90333333333333343        1.3675520364145575     
  0.90666666666666673        1.2508298012562578     
  0.91000000000000003        1.2026722848543145     
  0.91333333333333344        1.2820178377750748     
  0.91666666666666674        1.0436681616791612     
  0.92000000000000004       0.66237473713971473     
  0.92333333333333334       0.63467385082644012     
  0.92666666666666675       0.73918835963483642     
  0.93000000000000005       0.62885770978329147     
  0.93333333333333335       0.65351596342543039     
  0.93666666666666676        1.0381202474420392     
  0.94000000000000006        1.3148427948744437     
  0.94333333333333336        1.2960180719707888     
  0.94666666666666677        1.4058621817647201     
  0.95000000000000007        1.6649488103317056     
  0.95333333333333337        1.6037954621635055     
  0.95666666666666678        1.2781261498486964     
  0.96000000000000008        1.1510544381701675     
  0.96333333333333337        1.1144653062199703     
  0.96666666666666667       0.76685542836660270     
  0.97000000000000008       0.31430747352230326     
  0.97333333333333338       0.16907873976476687     
  0.97666666666666668       0.10650337966720033     
  0.98000000000000009      -0.22539022950150062     
  0.98333333333333339      -0.56879661841250262     
  0.98666666666666669      -0.56973329815866880     
  0.99000000000000010      -0.53581556490619497     
  0.99333333333333340      -0.75729341142947604     
  0.99666666666666670      -0.99583393260232400     
