   0.0000000000000000      -0.93421933100494936     
   3.3333333333333335E-003 -0.85825641178786183     
   6.6666666666666671E-003  -1.0623173592882180     
   1.0000000000000000E-002  -1.1460507839005702     
   1.3333333333333334E-002 -0.94693092093859443     
   1.6666666666666666E-002 -0.84804409387499302     
   2.0000000000000000E-002  -1.0374875082035766     
   2.3333333333333334E-002  -1.1579709273701067     
   2.6666666666666668E-002 -0.98494672926524196     
   3.0000000000000002E-002 -0.83822028320436481     
   3.3333333333333333E-002 -0.98565589351613470     
   3.6666666666666667E-002  -1.1602348416192052     
   4.0000000000000001E-002  -1.0498634111582581     
   4.3333333333333335E-002 -0.85043643666783386     
   4.6666666666666669E-002 -0.91094148677731912     
   5.0000000000000003E-002  -1.1259404723665065     
   5.3333333333333337E-002  -1.1272705958341773     
   5.6666666666666671E-002 -0.91343426271013128     
   6.0000000000000005E-002 -0.84263170499724083     
   6.3333333333333339E-002  -1.0312693876482091     
   6.6666666666666666E-002  -1.1702842351578324     
   7.0000000000000007E-002  -1.0356079454242448     
   7.3333333333333334E-002 -0.84316132259458698     
   7.6666666666666675E-002 -0.89626443839748193     
   8.0000000000000002E-002  -1.1111132369665042     
   8.3333333333333343E-002  -1.1568690323947364     
   8.6666666666666670E-002 -0.96503141161348394     
   9.0000000000000011E-002 -0.82414696729685388     
   9.3333333333333338E-002 -0.94214398731761007     
   9.6666666666666679E-002  -1.1454067861206239     
  0.10000000000000001       -1.1408689115794359     
  0.10333333333333335      -0.93628837898361283     
  0.10666666666666667      -0.81938716461928218     
  0.11000000000000000      -0.95114604795348245     
  0.11333333333333334       -1.1502935776513268     
  0.11666666666666667       -1.1494375128806769     
  0.12000000000000001      -0.95042518531693210     
  0.12333333333333334      -0.81528959278874091     
  0.12666666666666668      -0.91490093054282207     
  0.13000000000000000       -1.1253335319478017     
  0.13333333333333333       -1.1773285508723121     
  0.13666666666666669       -1.0191132661261690     
  0.14000000000000001      -0.82557238083811746     
  0.14333333333333334      -0.85479395918770351     
  0.14666666666666667       -1.0267559036418445     
  0.15000000000000002       -1.2105568646930005     
  0.15333333333333335       -1.0977550135479617     
  0.15666666666666668      -0.96299519995562533     
  0.16000000000000000      -0.74462966251651208     
  0.16333333333333333      -0.96396607283509739     
  0.16666666666666669       -1.0040548141112928     
  0.17000000000000001       -1.3188091476595862     
  0.17333333333333334      -0.97510453479365655     
  0.17666666666666667       -1.0481163093237624     
  0.18000000000000002      -0.63732734279090097     
  0.18333333333333335       -1.0212654686399456     
  0.18666666666666668      -0.95559139241769164     
  0.19000000000000000       -1.2999769507286583     
  0.19333333333333336       -1.1211443193503379     
  0.19666666666666668      -0.94532800098889413     
  0.20000000000000001      -0.87052056568922653     
  0.20333333333333334      -0.68684985335694815     
  0.20666666666666669       -1.0853551565425470     
  0.21000000000000002       -1.0532635087506876     
  0.21333333333333335       -1.2950778712081132     
  0.21666666666666667       -1.1438679214128025     
  0.22000000000000000      -0.86524210709256222     
  0.22333333333333336      -0.88599158198134598     
  0.22666666666666668      -0.65620871458822105     
  0.23000000000000001      -0.98770596575396274     
  0.23333333333333334       -1.1230303474798551     
  0.23666666666666669       -1.1865095664142506     
  0.24000000000000002       -1.3470571072648034     
  0.24333333333333335      -0.97299321588755805     
  0.24666666666666667      -0.90664062492375219     
  0.25000000000000000      -0.76407622149806997     
  0.25333333333333335      -0.62571321629806853     
  0.25666666666666671      -0.97723312456330447     
  0.26000000000000001       -1.0275934734293013     
  0.26333333333333336       -1.2304603759625907     
  0.26666666666666666       -1.4335094064757929     
  0.27000000000000002       -1.1554656028343633     
  0.27333333333333337       -1.1218161961442354     
  0.27666666666666667      -0.90664571009882100     
  0.28000000000000003      -0.56611271982869871     
  0.28333333333333333      -0.69160178726534427     
  0.28666666666666668      -0.64419797642530618     
  0.29000000000000004      -0.73051836129342285     
  0.29333333333333333       -1.1572113025828992     
  0.29666666666666669       -1.2275588360248704     
  0.30000000000000004       -1.4098951849020642     
  0.30333333333333334       -1.6677442267276792     
  0.30666666666666670       -1.4560615219269997     
  0.31000000000000000       -1.3867969720389171     
  0.31333333333333335       -1.3096797185391946     
  0.31666666666666671      -0.83708473850358289     
  0.32000000000000001      -0.62661271963183740     
  0.32333333333333336      -0.44092540854706563     
  0.32666666666666666        4.3248014659190551E-002
  0.33000000000000002       0.19086258831977287     
  0.33333333333333337       0.28876868281865054     
  0.33666666666666667       0.66106125313077857     
  0.34000000000000002       0.69923646284428942     
  0.34333333333333338       0.67375686126477674     
  0.34666666666666668       0.94851678773266823     
  0.35000000000000003       0.93440330574897335     
  0.35333333333333333       0.81829347905731509     
  0.35666666666666669        1.0355053162074817     
  0.36000000000000004        1.0358037506952806     
  0.36333333333333334       0.86107959099910636     
  0.36666666666666670        1.0310263471677257     
  0.37000000000000005        1.0901818564304353     
  0.37333333333333335       0.88403151542140979     
  0.37666666666666671       0.98615396319739690     
  0.38000000000000000        1.1227343721492402     
  0.38333333333333336       0.92453821284905757     
  0.38666666666666671       0.92584718582654146     
  0.39000000000000001        1.1252417331281475     
  0.39333333333333337       0.99361532648492368     
  0.39666666666666667       0.87678400555822911     
  0.40000000000000002        1.0814008289756376     
  0.40333333333333338        1.0768815062676449     
  0.40666666666666668       0.87362804778898107     
  0.41000000000000003       0.99162970087079283     
  0.41333333333333339        1.1325164100516794     
  0.41666666666666669       0.94067988074517428     
  0.42000000000000004       0.89492460400310725     
  0.42333333333333334        1.1097736456977010     
  0.42666666666666669        1.0566706423297145     
  0.43000000000000005       0.86422407081221764     
  0.43333333333333335       0.99890038366044276     
  0.43666666666666670        1.1379152414501243     
  0.44000000000000000       0.94927756331392921     
  0.44333333333333336       0.87847500755940755     
  0.44666666666666671        1.0923113415226300     
  0.45000000000000001        1.0936414653455953     
  0.45333333333333337       0.87864247990506306     
  0.45666666666666672       0.93914753007602381     
  0.46000000000000002        1.1385745045915772     
  0.46333333333333337        1.0282030741407893     
  0.46666666666666667       0.85362412604178051     
  0.47000000000000003        1.0010597363551557     
  0.47333333333333338        1.1477861824166593     
  0.47666666666666668       0.97476198431203587     
  0.48000000000000004       0.85427856514559952     
  0.48333333333333334        1.0437219794742176     
  0.48666666666666669        1.1426088065378310     
  0.49000000000000005       0.94348894357585966     
  0.49333333333333335       0.85975551896350932     
  0.49666666666666670        1.0638164664638659     
  0.50000000000000000        1.1397793856809544     
  0.50333333333333341       0.93421933100494947     
  0.50666666666666671       0.85825641178786261     
  0.51000000000000001        1.0623173592882167     
  0.51333333333333342        1.1460507839005745     
  0.51666666666666672       0.94693092093858300     
  0.52000000000000002       0.84804409387502244     
  0.52333333333333332        1.0374875082035020     
  0.52666666666666673        1.1579709273702978     
  0.53000000000000003       0.98494672926475380     
  0.53333333333333333       0.83822028320559128     
  0.53666666666666674       0.98565589351308658     
  0.54000000000000004        1.1602348416266905     
  0.54333333333333333        1.0498634111400869     
  0.54666666666666675       0.85043643671142310     
  0.55000000000000004       0.91094148667399877     
  0.55333333333333334        1.1259404726084468     
  0.55666666666666675        1.1272705952745814     
  0.56000000000000005       0.91343426398833427     
  0.56333333333333335       0.84263170211459848     
  0.56666666666666665        1.0312693940654967     
  0.57000000000000006        1.1702842210590685     
  0.57333333333333336        1.0356079759856185     
  0.57666666666666666       0.84316125724925595     
  0.58000000000000007       0.89626457617777755     
  0.58333333333333337        1.1111129505722124     
  0.58666666666666667        1.1568696190894925     
  0.59000000000000008       0.96503022751508638     
  0.59333333333333338       0.82414932092850079     
  0.59666666666666668       0.94213938156318777     
  0.60000000000000009        1.1454156556148205     
  0.60333333333333339        1.1408521102714089     
  0.60666666666666669       0.93631967061028332     
  0.60999999999999999       0.81932989416289070     
  0.61333333333333340       0.95124899325501822     
  0.61666666666666670        1.1501119476229626     
  0.62000000000000000        1.1497518369607218     
  0.62333333333333341       0.94989203851780579     
  0.62666666666666671       0.81617516797576584     
  0.63000000000000000       0.91346181557170025     
  0.63333333333333341        1.1276190224899392     
  0.63666666666666671        1.1737859237876100     
  0.64000000000000001        1.0244649097489227     
  0.64333333333333342       0.81770744090879632     
  0.64666666666666672       0.86601458001943799     
  0.65000000000000002        1.0112572862409215     
  0.65333333333333332        1.2312127365501049     
  0.65666666666666673        1.0713121020559371     
  0.66000000000000003       0.99530804204187129     
  0.66333333333333333       0.70728355801459164     
  0.66666666666666674        1.0041943723407138     
  0.67000000000000004       0.96472543487162132     
  0.67333333333333334        1.3517421532645089     
  0.67666666666666675       0.95545899485302099     
  0.68000000000000005        1.0470832428753396     
  0.68333333333333335       0.66539788702236380     
  0.68666666666666676       0.96288234641635717     
  0.69000000000000006        1.0422942076898336     
  0.69333333333333336        1.1938615533150760     
  0.69666666666666666        1.2305983158329297     
  0.70000000000000007       0.85384527364713081     
  0.70333333333333337       0.92194345339827477     
  0.70666666666666667       0.69188397713006555     
  0.71000000000000008        1.0200302356646496     
  0.71333333333333337        1.1654278129358218     
  0.71666666666666667        1.1666064282886801     
  0.72000000000000008        1.2479407805504572     
  0.72333333333333338       0.82340666295274667     
  0.72666666666666668       0.84608823419001034     
  0.73000000000000009       0.76742233255838521     
  0.73333333333333339       0.84656134900678781     
  0.73666666666666669        1.2349526633823684     
  0.74000000000000010        1.1560046679845455     
  0.74333333333333340        1.2774286457938955     
  0.74666666666666670        1.1134761754254321     
  0.75000000000000000       0.76407622149806897     
  0.75333333333333341       0.83254876679974854     
  0.75666666666666671       0.67279769465696559     
  0.76000000000000001       0.83654103414904701     
  0.76333333333333342        1.1820172789944683     
  0.76666666666666672        1.1570404080027266     
  0.77000000000000002        1.3757492360299395     
  0.77333333333333343        1.3116957157460256     
  0.77666666666666673       0.96923062912742286     
  0.78000000000000003       0.94881139328659425     
  0.78333333333333344       0.66886328038946707     
  0.78666666666666674       0.51454791815301593     
  0.79000000000000004       0.76375163437946014     
  0.79333333333333333       0.76374012317041751     
  0.79666666666666675       0.99246523598354242     
  0.80000000000000004        1.3932198928599666     
  0.80333333333333334        1.3824739118836442     
  0.80666666666666675        1.5287787558917370     
  0.81000000000000005        1.6444797150777408     
  0.81333333333333335        1.3169706725378605     
  0.81666666666666676        1.1929523201211634     
  0.82000000000000006        1.0363686197162760     
  0.82333333333333336       0.53358272301780652     
  0.82666666666666677       0.33338960381166455     
  0.83000000000000007       0.16322112446819101     
  0.83333333333333337      -0.28862912458922535     
  0.83666666666666667      -0.40437873831027293     
  0.84000000000000008      -0.44855808331892605     
  0.84333333333333338      -0.78207376336508849     
  0.84666666666666668      -0.81505906473052425     
  0.85000000000000009      -0.73510372729689299     
  0.85333333333333339      -0.97903480267971821     
  0.85666666666666669      -0.99841879792857535     
  0.86000000000000010      -0.83691122178447519     
  0.86333333333333340       -1.0157522486605464     
  0.86666666666666670       -1.0807358755500971     
  0.87000000000000011      -0.87831014005433183     
  0.87333333333333341      -0.98275727798846579     
  0.87666666666666671       -1.1207564089264614     
  0.88000000000000000      -0.92340772050544961     
  0.88333333333333341      -0.92521264759134281     
  0.88666666666666671       -1.1248917702228500     
  0.89000000000000001      -0.99342557933755271     
  0.89333333333333342      -0.87668282049391921     
  0.89666666666666672       -1.0813477368460245     
  0.90000000000000002       -1.0768540849402521     
  0.90333333333333343      -0.87361410171020681     
  0.90666666666666673      -0.99162271417808823     
  0.91000000000000003       -1.1325129610890203     
  0.91333333333333344      -0.94067820257567059     
  0.91666666666666674      -0.89492379892265062     
  0.92000000000000004       -1.1097732647918335     
  0.92333333333333334       -1.0566704645494742     
  0.92666666666666675      -0.86422398893868313     
  0.93000000000000005      -0.99890034644704462     
  0.93333333333333335       -1.1379152247527773     
  0.93666666666666676      -0.94927755591651197     
  0.94000000000000006      -0.87847500432283665     
  0.94333333333333336       -1.0923113401238580     
  0.94666666666666677       -1.0936414647483599     
  0.95000000000000007      -0.87864247965308850     
  0.95333333333333337      -0.93914752997095874     
  0.95666666666666678       -1.1385745045482747     
  0.96000000000000008       -1.0282030741231460     
  0.96333333333333337      -0.85362412603467253     
  0.96666666666666667       -1.0010597363523233     
  0.97000000000000008       -1.1477861824155431     
  0.97333333333333338      -0.97476198431160133     
  0.97666666666666668      -0.85427856514543210     
  0.98000000000000009       -1.0437219794741537     
  0.98333333333333339       -1.1426088065378073     
  0.98666666666666669      -0.94348894357585111     
  0.99000000000000010      -0.85975551896350566     
  0.99333333333333340       -1.0638164664638643     
  0.99666666666666670       -1.1397793856809535     
