   0.0000000000000000        1.0625613248815844     
   3.3333333333333335E-003   1.2042044506368927     
   6.6666666666666671E-003  0.98800299931979474     
   1.0000000000000000E-002   1.1060779520387527     
   1.3333333333333334E-002   1.2217983419895184     
   1.6666666666666666E-002  0.77088656516400722     
   2.0000000000000000E-002  0.66580263027217002     
   2.3333333333333334E-002  0.93660654237993335     
   2.6666666666666668E-002   1.1155526786461833     
   3.0000000000000002E-002   1.2506903471795141     
   3.3333333333333333E-002   1.0589012366701598     
   3.6666666666666667E-002  0.97625609404463998     
   4.0000000000000001E-002   1.1768409471736838     
   4.3333333333333335E-002  0.86576083583410102     
   4.6666666666666669E-002  0.58767636041093441     
   5.0000000000000003E-002  0.90906204339310159     
   5.3333333333333337E-002   1.1419337859025998     
   5.6666666666666671E-002   1.2246885029308638     
   6.0000000000000005E-002   1.1776223826726320     
   6.3333333333333339E-002  0.95778786069139854     
   6.6666666666666666E-002   1.0753255589833592     
   7.0000000000000007E-002   1.0680371110152564     
   7.3333333333333334E-002  0.62075045787158090     
   7.6666666666666675E-002  0.67248809373120522     
   8.0000000000000002E-002   1.0792187650186111     
   8.3333333333333343E-002   1.1739362189987925     
   8.6666666666666670E-002   1.2103121051785704     
   9.0000000000000011E-002   1.1298409702591883     
   9.3333333333333338E-002   1.0201976430402380     
   9.6666666666666679E-002   1.1773340060760353     
  0.10000000000000001       0.97233187825186695     
  0.10333333333333335       0.52267985060449007     
  0.10666666666666667       0.71091285766816248     
  0.11000000000000000        1.0558972191817262     
  0.11333333333333334        1.0692029598309267     
  0.11666666666666667        1.1408284812643708     
  0.12000000000000001        1.1577382427198268     
  0.12333333333333334        1.1676362998533045     
  0.12666666666666668        1.3498431106416637     
  0.13000000000000000        1.0888266637700594     
  0.13333333333333333       0.58474204049156109     
  0.13666666666666669       0.68614935416446277     
  0.14000000000000001       0.91172375011757167     
  0.14333333333333334       0.80920180555181143     
  0.14666666666666667       0.85628292270867035     
  0.15000000000000002       0.99228772972848400     
  0.15333333333333335        1.1345960571881573     
  0.15666666666666668        1.4824863486371840     
  0.16000000000000000        1.4689119959138124     
  0.16333333333333333        1.0211576430441440     
  0.16666666666666669       0.99240510765883716     
  0.17000000000000001        1.1531204567078903     
  0.17333333333333334       0.87631458575093069     
  0.17666666666666667       0.60701954843635164     
  0.18000000000000002       0.54994863515739434     
  0.18333333333333335       0.51233896233007892     
  0.18666666666666668       0.77810388745153225     
  0.19000000000000000        1.0800121425868268     
  0.19333333333333336       0.92422980390634779     
  0.19666666666666668       0.94541625303637000     
  0.20000000000000001        1.4553252699962109     
  0.20333333333333334        1.6670722045972979     
  0.20666666666666669        1.5296491367442220     
  0.21000000000000002        1.4992215016796651     
  0.21333333333333335        1.3959999434886889     
  0.21666666666666667        1.2711706443025945     
  0.22000000000000000        1.3850808801533425     
  0.22333333333333336        1.1509491852873346     
  0.22666666666666668       0.55441681281802024     
  0.23000000000000001       0.34433403473025470     
  0.23333333333333334       0.48575071943844422     
  0.23666666666666669       0.19426304506166006     
  0.24000000000000002       -9.2958016179226874E-002
  0.24333333333333335      -0.33197215360720339     
  0.24666666666666667      -0.50675098577490674     
  0.25000000000000000      -0.68862183537527166     
  0.25333333333333335      -0.35191087832536144     
  0.25666666666666671      -0.66199392158889381     
  0.26000000000000001      -0.94225367941881921     
  0.26333333333333336       -1.1215275648389120     
  0.26666666666666666      -0.65224777430153846     
  0.27000000000000002      -0.94150179860613981     
  0.27333333333333337      -0.80941805050982796     
  0.27666666666666667       -1.0444605084713687     
  0.28000000000000003       -1.0313932627981945     
  0.28333333333333333       -1.2155992424444457     
  0.28666666666666668      -0.74230562231164243     
  0.29000000000000004      -0.77264521306405520     
  0.29333333333333333       -1.1548066938725527     
  0.29666666666666669       -1.1553679039853750     
  0.30000000000000004       -1.0353224399613368     
  0.30333333333333334      -0.84483746414751137     
  0.30666666666666670       -1.0384250139944149     
  0.31000000000000000      -0.78777339443063465     
  0.31333333333333335       -1.1219622978151320     
  0.31666666666666671       -1.2502465245336247     
  0.32000000000000001      -0.99014948070230657     
  0.32333333333333336      -0.75721074241284447     
  0.32666666666666666      -0.84726749959629521     
  0.33000000000000002       -1.2512396524258340     
  0.33333333333333337      -0.99366395147969810     
  0.33666666666666667       -1.0789596454671315     
  0.34000000000000002       -1.0272568521747005     
  0.34333333333333338      -0.81640172412617995     
  0.34666666666666668      -0.85933603460190455     
  0.35000000000000003       -1.0663236803662060     
  0.35333333333333333       -1.3700012867360081     
  0.35666666666666669      -0.90686023205031308     
  0.36000000000000004      -0.79393495745629350     
  0.36333333333333334      -0.99013715622747067     
  0.36666666666666670      -0.94910702107904799     
  0.37000000000000005       -1.0800138258737484     
  0.37333333333333335       -1.0908285909806115     
  0.37666666666666671       -1.1918507853397686     
  0.38000000000000000      -0.83599225885300465     
  0.38333333333333336      -0.65149228753133870     
  0.38666666666666671       -1.1422884197582395     
  0.39000000000000001       -1.1706636602921821     
  0.39333333333333337       -1.0827626906569250     
  0.39666666666666667      -0.97587622913197958     
  0.40000000000000002      -0.93812259056072256     
  0.40333333333333338      -0.95143729547939782     
  0.40666666666666668      -0.74494353335836383     
  0.41000000000000003       -1.1377497010782842     
  0.41333333333333339       -1.3536528774450585     
  0.41666666666666669      -0.96434977531076083     
  0.42000000000000004      -0.84094560720937861     
  0.42333333333333334      -0.83505762573836950     
  0.42666666666666669       -1.0225919558632144     
  0.43000000000000005       -1.0411542420415196     
  0.43333333333333335      -0.97899528554401072     
  0.43666666666666670       -1.3010611512292116     
  0.44000000000000000       -1.0604949574264759     
  0.44333333333333336      -0.67046273998417338     
  0.44666666666666671      -0.84173625670113505     
  0.45000000000000001       -1.0337960532839143     
  0.45333333333333337       -1.2079776951628649     
  0.45666666666666672       -1.0794611605346571     
  0.46000000000000002      -0.96480547572286079     
  0.46333333333333337       -1.1494050694875888     
  0.46666666666666667      -0.83030156582803016     
  0.47000000000000003      -0.65884005569064119     
  0.47333333333333338       -1.0619483413276511     
  0.47666666666666668       -1.2258481160294104     
  0.48000000000000004       -1.2048525367918583     
  0.48333333333333334      -0.98440907487030449     
  0.48666666666666669      -0.84228751184673423     
  0.49000000000000005       -1.0389856768703560     
  0.49333333333333335      -0.83738841862803148     
  0.49666666666666670      -0.74932067355774190     
  0.50000000000000000       -1.2159385241339493     
  0.50333333333333341       -1.3026249599239368     
  0.50666666666666671       -1.0983764447518058     
  0.51000000000000001      -0.90575295902168629     
  0.51333333333333342      -0.76907239457778176     
  0.51666666666666672      -0.98296143557983218     
  0.52000000000000002      -0.95347049511397219     
  0.52333333333333332      -0.79822997748952218     
  0.52666666666666673       -1.2132527002473503     
  0.53000000000000003       -1.3745118555453730     
  0.53333333333333333       -1.0396522238509953     
  0.53666666666666674      -0.86601954320977903     
  0.54000000000000004      -0.77138082565111143     
  0.54333333333333333      -0.88918907870051500     
  0.54666666666666675       -1.0387605278671732     
  0.55000000000000004      -0.85586599580485256     
  0.55333333333333334       -1.0564821332290744     
  0.55666666666666675       -1.4404309513672520     
  0.56000000000000005       -1.1659711936309183     
  0.56333333333333335      -0.84515794108403086     
  0.56666666666666665      -0.82080007476197192     
  0.57000000000000006      -0.80767738708956249     
  0.57333333333333336      -0.95474862434650221     
  0.57666666666666666      -0.94669576724302751     
  0.58000000000000007      -0.86445406304981542     
  0.58333333333333337       -1.2777149021150525     
  0.58666666666666667       -1.4544917338795273     
  0.59000000000000008       -1.0268033784328334     
  0.59333333333333338      -0.85393752324713312     
  0.59666666666666668      -0.88636052712619540     
  0.60000000000000009      -0.82447275659529817     
  0.60333333333333339      -0.87618877943685847     
  0.60666666666666669      -0.79878128083794919     
  0.60999999999999999      -0.83191980366494311     
  0.61333333333333340       -1.3295732960695263     
  0.61666666666666670       -1.4511186530496603     
  0.62000000000000000       -1.0685531129762902     
  0.62333333333333341       -1.0253503162577835     
  0.62666666666666671       -1.0831277671855306     
  0.63000000000000000      -0.90724655572269342     
  0.63333333333333341      -0.80151953899569794     
  0.63666666666666671      -0.62961672834476790     
  0.64000000000000001      -0.59311184317553933     
  0.64333333333333342       -1.0591112264589584     
  0.64666666666666672       -1.2841540981678961     
  0.65000000000000002       -1.0437844702511698     
  0.65333333333333332       -1.1553603715385474     
  0.65666666666666673       -1.4286487458131076     
  0.66000000000000003       -1.3313981632187073     
  0.66333333333333333       -1.1621593081463906     
  0.66666666666666674      -0.91570335240923639     
  0.67000000000000004      -0.60358591981704579     
  0.67333333333333334      -0.72311230474907384     
  0.67666666666666675      -0.87462935819061560     
  0.68000000000000005      -0.54610010261228425     
  0.68333333333333335      -0.46983562602955925     
  0.68666666666666676      -0.89912789079145339     
  0.69000000000000006       -1.1435871071530808     
  0.69333333333333336       -1.2348337825169406     
  0.69666666666666666       -1.3818137997816458     
  0.70000000000000007       -1.3414639847117320     
  0.70333333333333337       -1.4321838663017850     
  0.70666666666666667       -1.7739469884863199     
  0.71000000000000008       -1.6387354851445006     
  0.71333333333333337       -1.1333794675485218     
  0.71666666666666667       -1.0617906119314906     
  0.72000000000000008       -1.1124233021352505     
  0.72333333333333338      -0.84569399466832595     
  0.72666666666666668      -0.56407850697986706     
  0.73000000000000009      -0.30941487992777750     
  0.73333333333333339       0.10996836752503134     
  0.73666666666666669       0.12788048634912630     
  0.74000000000000010        1.8361618067857952E-002
  0.74333333333333340       0.31476614369386779     
  0.74666666666666670       0.83369399464796168     
  0.75000000000000000       0.68862183537527133     
  0.75333333333333341       0.67885388719841366     
  0.75666666666666671       0.67919993150223301     
  0.76000000000000001       0.86765728130745257     
  0.76333333333333342       0.79938403342812792     
  0.76666666666666672        1.2479668612650143     
  0.77000000000000002       0.90658264380365983     
  0.77333333333333343       0.79975635634798037     
  0.77666666666666673       0.73920531785236054     
  0.78000000000000003        1.3040508408162907     
  0.78333333333333344        1.0062192100733454     
  0.78666666666666674        1.0049260982518138     
  0.79000000000000004       0.91215919652888966     
  0.79333333333333333       0.91050884213046024     
  0.79666666666666675       0.92047956568986544     
  0.80000000000000004        1.1491837252458219     
  0.80333333333333334        1.2812350108927872     
  0.80666666666666675       0.72782103538382548     
  0.81000000000000005       0.85134835899689398     
  0.81333333333333335        1.0009382944752110     
  0.81666666666666676        1.2077431882331047     
  0.82000000000000006       0.99399801324741499     
  0.82333333333333336        1.0248205521671125     
  0.82666666666666677        1.0004697805981508     
  0.83000000000000007       0.70170511553498971     
  0.83333333333333337        1.0703657067293024     
  0.83666666666666667        1.2199613105693785     
  0.84000000000000008        1.1647706848698036     
  0.84333333333333338       0.76256412130210471     
  0.84666666666666668       0.83857172025151638     
  0.85000000000000009        1.1178204208888853     
  0.85333333333333339       0.94213011127678159     
  0.85666666666666669        1.1567696529574618     
  0.86000000000000010        1.1125468643983309     
  0.86333333333333340       0.93360453040777258     
  0.86666666666666670       0.73232952257491390     
  0.87000000000000011       0.89843371782638282     
  0.87333333333333341        1.3575439344367473     
  0.87666666666666671        1.0495648017442505     
  0.88000000000000000       0.92517738859654353     
  0.88333333333333341       0.96178245931662909     
  0.88666666666666671       0.88191808351963896     
  0.89000000000000001       0.94668624477540431     
  0.89333333333333342       0.99489426748713750     
  0.89666666666666672        1.3293851579643490     
  0.90000000000000002        1.0859817122172892     
  0.90333333333333343       0.66046381652956265     
  0.90666666666666673       0.91120365315146956     
  0.91000000000000003        1.0347121092519258     
  0.91333333333333344        1.1094732487441015     
  0.91666666666666674        1.0681284584270174     
  0.92000000000000004        1.0557103091781785     
  0.92333333333333334        1.1092652992501886     
  0.92666666666666675       0.68859378938829485     
  0.93000000000000005       0.78079451811582645     
  0.93333333333333335        1.2335207697654005     
  0.93666666666666676        1.1884312316218424     
  0.94000000000000006        1.0721461464681927     
  0.94333333333333336       0.88620518842055473     
  0.94666666666666677       0.92718790937466189     
  0.95000000000000007       0.98060000569566774     
  0.95333333333333337       0.75689352770662299     
  0.95666666666666678        1.1028894034010730     
  0.96000000000000008        1.3702655972454350     
  0.96333333333333337        1.0391685186527275     
  0.96666666666666667       0.84955057864719707     
  0.97000000000000008       0.78266156405649967     
  0.97333333333333338       0.96424831972648506     
  0.97666666666666668        1.0874715511389959     
  0.98000000000000009       0.91718467195005415     
  0.98333333333333339        1.1964839452861284     
  0.98666666666666669        1.2950134592584706     
  0.99000000000000010       0.83866068385328951     
  0.99333333333333340       0.72701497319602282     
  0.99666666666666670       0.84774118284478506     
