   0.0000000000000000       -1.0981148624139316     
   3.3333333333333335E-003 -0.88670896976518332     
   6.6666666666666671E-003 -0.89796734601953709     
   1.0000000000000000E-002  -1.1105135827636643     
   1.3333333333333334E-002  -1.1074886481873762     
   1.6666666666666666E-002 -0.89687586229510785     
   2.0000000000000000E-002 -0.88157605985525800     
   2.3333333333333334E-002  -1.0956903690189195     
   2.6666666666666668E-002  -1.1246805972122074     
   3.0000000000000002E-002 -0.92675392393112332     
   3.3333333333333333E-002 -0.85276670454493186     
   3.6666666666666667E-002  -1.0686928007680192     
   4.0000000000000001E-002  -1.1339165636719284     
   4.3333333333333335E-002 -0.99217995282457905     
   4.6666666666666669E-002 -0.81175963908892701     
   5.0000000000000003E-002  -1.0397994286965233     
   5.3333333333333337E-002  -1.1020359298442381     
   5.6666666666666671E-002  -1.1104062986548160     
   6.0000000000000005E-002 -0.76517297763854863     
   6.3333333333333339E-002  -1.0238458650512341     
   6.6666666666666666E-002  -1.0064153358080135     
   7.0000000000000007E-002  -1.2497070912867105     
   7.3333333333333334E-002 -0.77240990176844682     
   7.6666666666666675E-002 -0.98754686414765414     
   8.0000000000000002E-002 -0.91730120069411680     
   8.3333333333333343E-002  -1.2601168573493162     
   8.6666666666666670E-002 -0.95904173227677203     
   9.0000000000000011E-002 -0.86199024463706697     
   9.3333333333333338E-002 -0.94641954455103916     
   9.6666666666666679E-002  -1.0502655149605280     
  0.10000000000000001       -1.2370234778964309     
  0.10333333333333335      -0.82572757059683444     
  0.10666666666666667      -0.93442512568390890     
  0.11000000000000000      -0.92111522337577845     
  0.11333333333333334       -1.1702709035825141     
  0.11666666666666667       -1.1369404258947637     
  0.12000000000000001      -0.80446975790337205     
  0.12333333333333334      -0.95177099978718316     
  0.12666666666666668      -0.93437911044654165     
  0.13000000000000000       -1.2177652168501156     
  0.13333333333333333       -1.0812289455993667     
  0.13666666666666669      -0.80495971227326435     
  0.14000000000000001      -0.95171376793745233     
  0.14333333333333334      -0.94274869479547252     
  0.14666666666666667       -1.2217192818920726     
  0.15000000000000002       -1.0898029031962642     
  0.15333333333333335      -0.80280867330933015     
  0.15666666666666668      -0.94265507312940078     
  0.16000000000000000      -0.93292538352847987     
  0.16333333333333333       -1.1899053356019984     
  0.16666666666666669       -1.1572898505552229     
  0.17000000000000001      -0.81493782004684467     
  0.17333333333333334      -0.91602215048611568     
  0.17666666666666667      -0.91707388914470023     
  0.18000000000000002       -1.1038338581482925     
  0.18333333333333335       -1.2503385175170307     
  0.18666666666666668      -0.89218692549335199     
  0.19000000000000000      -0.86767441474409912     
  0.19333333333333336      -0.91361020637501678     
  0.19666666666666668      -0.96422827477304895     
  0.20000000000000001       -1.2704552612765414     
  0.20333333333333334       -1.0793527536751222     
  0.20666666666666669      -0.84560821821674159     
  0.21000000000000002      -0.91655627285316310     
  0.21333333333333335      -0.85024836641311596     
  0.21666666666666667       -1.0979800381420939     
  0.22000000000000000       -1.2753318306712422     
  0.22333333333333336      -0.97330733039231243     
  0.22666666666666668      -0.91188877389421030     
  0.23000000000000001      -0.87137984612594910     
  0.23333333333333334      -0.82090172914834547     
  0.23666666666666669       -1.1765298654524874     
  0.24000000000000002       -1.2270595867491745     
  0.24333333333333335      -0.99158370191846879     
  0.24666666666666667      -0.98732809645540898     
  0.25000000000000000      -0.81033868936595599     
  0.25333333333333335      -0.78200985613421570     
  0.25666666666666671       -1.1547175230628193     
  0.26000000000000001       -1.1864790090015116     
  0.26333333333333336       -1.0755582341664773     
  0.26666666666666666       -1.0966469201744511     
  0.27000000000000002      -0.81549092258052236     
  0.27333333333333337      -0.71338325379671952     
  0.27666666666666667       -1.0294634071057664     
  0.28000000000000003       -1.0980139441657852     
  0.28333333333333333       -1.1243548616041137     
  0.28666666666666668       -1.2586225829328006     
  0.29000000000000004      -0.97999200610435788     
  0.29333333333333333      -0.72317348346790999     
  0.29666666666666669      -0.87549519788850161     
  0.30000000000000004      -0.90287129724794712     
  0.30333333333333334      -0.96618813546402660     
  0.30666666666666670       -1.2944280941613788     
  0.31000000000000000       -1.2576572826210752     
  0.31333333333333335      -0.97041922509944656     
  0.31666666666666671      -0.95601023587185652     
  0.32000000000000001      -0.84188709640786830     
  0.32333333333333336      -0.65601907841977725     
  0.32666666666666666      -0.91687462209750015     
  0.33000000000000002       -1.1904210072127090     
  0.33333333333333337       -1.1376010716874347     
  0.33666666666666667       -1.2259517345367226     
  0.34000000000000002       -1.2787341201205598     
  0.34333333333333338      -0.92524742320770981     
  0.34666666666666668      -0.71447078051006463     
  0.35000000000000003      -0.82245855395808354     
  0.35333333333333333      -0.76043018946010610     
  0.35666666666666669      -0.76906363167261926     
  0.36000000000000004       -1.1469763169093887     
  0.36333333333333334       -1.3343665817359178     
  0.36666666666666670       -1.2143075384432775     
  0.37000000000000005       -1.2739161498831915     
  0.37333333333333335       -1.2749874184450891     
  0.37666666666666671      -0.89845109712236604     
  0.38000000000000000      -0.66388357332883963     
  0.38333333333333336      -0.73978560652155201     
  0.38666666666666671      -0.64668238455438576     
  0.39000000000000001      -0.54957871064614783     
  0.39333333333333337      -0.86149832157518902     
  0.39666666666666667       -1.1748586165008477     
  0.40000000000000002       -1.1906105760453132     
  0.40333333333333338       -1.3501223578651467     
  0.40666666666666668       -1.6557006455782028     
  0.41000000000000003       -1.5947599753721089     
  0.41333333333333339       -1.3396670616041879     
  0.41666666666666669       -1.3229035637163229     
  0.42000000000000004       -1.2262942750717241     
  0.42333333333333334      -0.78104683185545642     
  0.42666666666666669      -0.44951815751063873     
  0.43000000000000005      -0.38759732997219726     
  0.43333333333333335      -0.12835324777291493     
  0.43666666666666670       0.30108003600076272     
  0.44000000000000000       0.42405678470418084     
  0.44333333333333336       0.39338546695250765     
  0.44666666666666671       0.63612246994162691     
  0.45000000000000001       0.89304842147972885     
  0.45333333333333337       0.81194655141982364     
  0.45666666666666672       0.73967889872363390     
  0.46000000000000002       0.95917055466587298     
  0.46333333333333337        1.0790675135267651     
  0.46666666666666667       0.90078487533990859     
  0.47000000000000003       0.85219849264637582     
  0.47333333333333338        1.0669440722820478     
  0.47666666666666668        1.1068584456480888     
  0.48000000000000004       0.89973230656329806     
  0.48333333333333334       0.88879484652022311     
  0.48666666666666669        1.1021454982100070     
  0.49000000000000005        1.1007033585489661     
  0.49333333333333335       0.88924910002323510     
  0.49666666666666670       0.90089425129791112     
  0.50000000000000000        1.1129731645856289     
  0.50333333333333341        1.0982579852232572     
  0.50666666666666671       0.88706157136422226     
  0.51000000000000001       0.89772193767111397     
  0.51333333333333342        1.1110911182048000     
  0.51666666666666672        1.1066764098877497     
  0.52000000000000002       0.89818877613615644     
  0.52333333333333332       0.87960807230831806     
  0.52666666666666673        1.0986377496098367     
  0.53000000000000003        1.1203896320431743     
  0.53333333333333333       0.93287523460290966     
  0.53666666666666674       0.84425183558455585     
  0.54000000000000004        1.0802337253369720     
  0.54333333333333333        1.1187177556996433     
  0.54666666666666675        1.0115725820786921     
  0.55000000000000004       0.78788387366757751     
  0.55333333333333334        1.0680083894011774     
  0.55666666666666675        1.0703086141117879     
  0.56000000000000005        1.1439501150805709     
  0.56333333333333335       0.73256588918815568     
  0.56666666666666665        1.0516818773817744     
  0.57000000000000006       0.98807424611865069     
  0.57333333333333336        1.2534309011203719     
  0.57666666666666666       0.78799616679555951     
  0.58000000000000007       0.94951278346265033     
  0.58333333333333337       0.97809436186381227     
  0.58666666666666667        1.1802182589332206     
  0.59000000000000008        1.0498067601948198     
  0.59333333333333338       0.77286840083922403     
  0.59666666666666668        1.0186882582771215     
  0.60000000000000009        1.0098764539163634     
  0.60333333333333339        1.2345284694807663     
  0.60666666666666669       0.87414173898461633     
  0.60999999999999999       0.84783637221457220     
  0.61333333333333340        1.0270275986647346     
  0.61666666666666670        1.0718729583228828     
  0.62000000000000000        1.1995904913340909     
  0.62333333333333341       0.79844003541035835     
  0.62666666666666671       0.89596431337634008     
  0.63000000000000000        1.0370726994619621     
  0.63333333333333341        1.1011962919279659     
  0.63666666666666671        1.1701960108279941     
  0.64000000000000001       0.77859299332924925     
  0.64333333333333342       0.90207690340263336     
  0.64666666666666672        1.0516067023511113     
  0.65000000000000002        1.0972720465737009     
  0.65333333333333332        1.1756111962356637     
  0.65666666666666673       0.79651200131130451     
  0.66000000000000003       0.86314566311735652     
  0.66333333333333333        1.0628917556745763     
  0.66666666666666674        1.0730068770116994     
  0.67000000000000004        1.1998391608409129     
  0.67333333333333334       0.87235127531451417     
  0.67666666666666675       0.78656622348429650     
  0.68000000000000005        1.0478337640688145     
  0.68333333333333335        1.0478674669390204     
  0.68666666666666676        1.1954210002775845     
  0.69000000000000006        1.0281321889248467     
  0.69333333333333336       0.73344595963974601     
  0.69666666666666666       0.95957117358514277     
  0.70000000000000007        1.0397608836524035     
  0.70333333333333337        1.1205045472772133     
  0.70666666666666667        1.2025246317926617     
  0.71000000000000008       0.83702226521893297     
  0.71333333333333337       0.80081900641906467     
  0.71666666666666667        1.0088266965969992     
  0.72000000000000008        1.0145388744563597     
  0.72333333333333338        1.2173751104072403     
  0.72666666666666668        1.1314374993055545     
  0.73000000000000009       0.77687108711621422     
  0.73333333333333339       0.87283251398826500     
  0.73666666666666669       0.95797592752725713     
  0.74000000000000010        1.0127156532986143     
  0.74333333333333340        1.2776669320972471     
  0.74666666666666670        1.1014794457223831     
  0.75000000000000000       0.81033868936595588     
  0.75333333333333341       0.89616120540118804     
  0.75666666666666671       0.86863429288403848     
  0.76000000000000001       0.97213507555095191     
  0.76333333333333342        1.2941121720917079     
  0.76666666666666672        1.1485777050143695     
  0.77000000000000002       0.90999968159025402     
  0.77333333333333343       0.93293197920806381     
  0.77666666666666673       0.78539562709083877     
  0.78000000000000003       0.83722098795090039     
  0.78333333333333344        1.2135082031492055     
  0.78666666666666674        1.2091932229387456     
  0.79000000000000004        1.0595260137385882     
  0.79333333333333333        1.0800898970438291     
  0.79666666666666675       0.83434340428641018     
  0.80000000000000004       0.67217691962380965     
  0.80333333333333334       0.97084523665193234     
  0.80666666666666675        1.1142638474261091     
  0.81000000000000005        1.0971995084403265     
  0.81333333333333335        1.2736532998836769     
  0.81666666666666676        1.1584812864498684     
  0.82000000000000006       0.78588700232839148     
  0.82333333333333336       0.78652674408018142     
  0.82666666666666677       0.87320374692590108     
  0.83000000000000007       0.80551966641864081     
  0.83333333333333337        1.0533180981439088     
  0.83666666666666667        1.3529653144641411     
  0.84000000000000008        1.2089543997094336     
  0.84333333333333338        1.0713904950258042     
  0.84666666666666668        1.0872733034363948     
  0.85000000000000009       0.81498941058064500     
  0.85333333333333339       0.59031760991914661     
  0.85666666666666669       0.80973542306545898     
  0.86000000000000010       0.97385554230118454     
  0.86333333333333340       0.96913028318118777     
  0.86666666666666670        1.2342748847718781     
  0.87000000000000011        1.4546086672713450     
  0.87333333333333341        1.2365726213748864     
  0.87666666666666671        1.0517820614991913     
  0.88000000000000000        1.0590043067595611     
  0.88333333333333341       0.80485307409343432     
  0.88666666666666671       0.50343907963660528     
  0.89000000000000001       0.62285756180735496     
  0.89333333333333342       0.80121493487589424     
  0.89666666666666672       0.76605771761691543     
  0.90000000000000002       0.96346355206524881     
  0.90333333333333343        1.3816996145485514     
  0.90666666666666673        1.4821495018663846     
  0.91000000000000003        1.4069434598143566     
  0.91333333333333344        1.5608435882606355     
  0.91666666666666674        1.6049260592018255     
  0.92000000000000004        1.2585058578402566     
  0.92333333333333334       0.98059752920755383     
  0.92666666666666675       0.93053915686256405     
  0.93000000000000005       0.64923017514025594     
  0.93333333333333335       0.17361978934667671     
  0.93666666666666676       -9.8000601376799154E-003
  0.94000000000000006       -4.5279647262155470E-002
  0.94333333333333336      -0.35328778240948072     
  0.94666666666666677      -0.67015001038468658     
  0.95000000000000007      -0.64113286645078393     
  0.95333333333333337      -0.61213360843005793     
  0.95666666666666678      -0.86621670159869568     
  0.96000000000000008       -1.0128533930008266     
  0.96333333333333337      -0.85462654834330221     
  0.96666666666666667      -0.82067634528193034     
  0.97000000000000008       -1.0458342007584249     
  0.97333333333333338       -1.0929869198844178     
  0.97666666666666668      -0.89077614893748580     
  0.98000000000000009      -0.88311959028239995     
  0.98333333333333339       -1.0985953941128610     
  0.98666666666666669       -1.0985430281925828     
  0.99000000000000010      -0.88791171345641318     
  0.99333333333333340      -0.90015487467855071     
  0.99666666666666670       -1.1124432667559800     
