   0.0000000000000000       -1.0344219663860843     
   3.3333333333333335E-003  -1.1800114304315652     
   6.6666666666666671E-003 -0.97457596564667959     
   1.0000000000000000E-002 -0.81452534828673739     
   1.3333333333333334E-002  -1.0026986219220488     
   1.6666666666666666E-002  -1.1891956267074166     
   2.0000000000000000E-002  -1.0344413237449965     
   2.3333333333333334E-002 -0.81544573633000583     
   2.6666666666666668E-002 -0.91544286106657879     
   3.0000000000000002E-002  -1.1621471862700368     
   3.3333333333333333E-002  -1.1412091920625134     
   3.6666666666666667E-002 -0.88798977446203142     
   4.0000000000000001E-002 -0.81006555332708019     
   4.3333333333333335E-002  -1.0290179682017697     
   4.6666666666666669E-002  -1.2075486719856958     
   5.0000000000000003E-002  -1.0783664633071701     
   5.3333333333333337E-002 -0.83201005237046888     
   5.6666666666666671E-002 -0.82055250259072965     
   6.0000000000000005E-002  -1.0585571517957100     
   6.3333333333333339E-002  -1.2221168723178559     
   6.6666666666666666E-002  -1.0960418904195672     
   7.0000000000000007E-002 -0.84391912322730966     
   7.3333333333333334E-002 -0.78084864124732178     
   7.6666666666666675E-002 -0.98185146383846389     
   8.0000000000000002E-002  -1.2090509683717037     
   8.3333333333333343E-002  -1.2037303919807349     
   8.6666666666666670E-002 -0.97346737849089993     
   9.0000000000000011E-002 -0.76523650302605473     
   9.3333333333333338E-002 -0.79311199688773648     
   9.6666666666666679E-002  -1.0276327064682726     
  0.10000000000000001       -1.2430538149011632     
  0.10333333333333335       -1.2415000652309083     
  0.10666666666666667       -1.0259918701548207     
  0.11000000000000000      -0.78040370572255235     
  0.11333333333333334      -0.70360258858685265     
  0.11666666666666667      -0.85363614300861934     
  0.12000000000000001       -1.1186469157459236     
  0.12333333333333334       -1.3129764160777286     
  0.12666666666666668       -1.3087905656595882     
  0.13000000000000000       -1.1099609054104267     
  0.13333333333333333      -0.83401893281967177     
  0.13666666666666669      -0.63247497832325528     
  0.14000000000000001      -0.60765208818125482     
  0.14333333333333334      -0.77042475090436602     
  0.14666666666666667       -1.0494713450277744     
  0.15000000000000002       -1.3341569799246646     
  0.15333333333333335       -1.5229956211943116     
  0.15666666666666668       -1.5562053624048988     
  0.16000000000000000       -1.4247362844749394     
  0.16333333333333333       -1.1601408826632140     
  0.16666666666666669      -0.81527018817587837     
  0.17000000000000001      -0.44528291738671238     
  0.17333333333333334       -9.4633543295965170E-002
  0.17666666666666667       0.20852265921852114     
  0.18000000000000002       0.45195622435937832     
  0.18333333333333335       0.63560054185293935     
  0.18666666666666668       0.76678583988995208     
  0.19000000000000000       0.85603754185836534     
  0.19333333333333336       0.91412702435336390     
  0.19666666666666668       0.95042273976773373     
  0.20000000000000001       0.97225677323975246     
  0.20333333333333334       0.98493237661791833     
  0.20666666666666669       0.99204838515659477     
  0.21000000000000002       0.99591821196634001     
  0.21333333333333335       0.99795990442512172     
  0.21666666666666667       0.99900633504029079     
  0.22000000000000000       0.99952796766066010     
  0.22333333333333336       0.99978113760897869     
  0.22666666666666668       0.99990088526326493     
  0.23000000000000001       0.99995613121640292     
  0.23333333333333334       0.99998101290559149     
  0.23666666666666669       0.99999195647128003     
  0.24000000000000002       0.99999667102213330     
  0.24333333333333335       0.99999863212682527     
  0.24666666666666667       0.99999949754998974     
  0.25000000000000000       0.99999969638693631     
  0.25333333333333335        1.0000001547760446     
  0.25666666666666671       0.99999938981891168     
  0.26000000000000001        1.0000013890553552     
  0.26333333333333336       0.99999668870174996     
  0.26666666666666666        1.0000076374546998     
  0.27000000000000002       0.99998275762608169     
  0.27333333333333337        1.0000380042345733     
  0.27666666666666667       0.99991825680705149     
  0.28000000000000003        1.0001714268324697     
  0.28333333333333333       0.99964979423786904     
  0.28666666666666668        1.0006962248615057     
  0.29000000000000004       0.99865453240546076     
  0.29333333333333333        1.0025243592160751     
  0.29666666666666669       0.99540835067767119     
  0.30000000000000004        1.0080839540559208     
  0.30333333333333334       0.98624992058392846     
  0.30666666666666670        1.0225456359983045     
  0.31000000000000000       0.96445615350330871     
  0.31333333333333335        1.0537078554717225     
  0.31666666666666671       0.92252255743471157     
  0.32000000000000001        1.1061668749282698     
  0.32333333333333336       0.86273330978741347     
  0.32666666666666666        1.1658895123018993     
  0.33000000000000002       0.81524013821115215     
  0.33333333333333337        1.1852274090003181     
  0.33666666666666667       0.84035671451298188     
  0.34000000000000002        1.1049521163247074     
  0.34333333333333338       0.97348303839474715     
  0.34666666666666668       0.94027329718416230     
  0.35000000000000003        1.1291119384538086     
  0.35333333333333333       0.84442630355691983     
  0.35666666666666669        1.1234728976803290     
  0.36000000000000004       0.96070023495721724     
  0.36333333333333334       0.93587734481521678     
  0.36666666666666670        1.1374212993116342     
  0.37000000000000005       0.86147932672087946     
  0.37333333333333335        1.0603089869700408     
  0.37666666666666671        1.0561231365518993     
  0.38000000000000000       0.86179363622009453     
  0.38333333333333336        1.1268044089573983     
  0.38666666666666671       0.97677085453563139     
  0.39000000000000001       0.89996973739993280     
  0.39333333333333337        1.1455579018321984     
  0.39666666666666667       0.93004970675611098     
  0.40000000000000002       0.93160345642636666     
  0.40333333333333338        1.1470245648592550     
  0.40666666666666668       0.91250385527872091     
  0.41000000000000003       0.94037934914040111     
  0.41333333333333339        1.1486102246052485     
  0.41666666666666669       0.91834721111541540     
  0.42000000000000004       0.92366778750638423     
  0.42333333333333334        1.1508672920396235     
  0.42666666666666669       0.94986446944848180     
  0.43000000000000005       0.88679398746849480     
  0.43333333333333335        1.1389167546607519     
  0.43666666666666670        1.0128417727624621     
  0.44000000000000000       0.84928205224031594     
  0.44333333333333336        1.0872867014452956     
  0.44666666666666671        1.0987442512250345     
  0.45000000000000001       0.85238784028833126     
  0.45333333333333337       0.98157004896685651     
  0.45666666666666672        1.1601007527507841     
  0.46000000000000002       0.94114833787609298     
  0.46333333333333337       0.86322411674114319     
  0.46666666666666667        1.1164435343416270     
  0.47000000000000003        1.0955055401341016     
  0.47333333333333338       0.84880121493064342     
  0.47666666666666668       0.94879833966721872     
  0.48000000000000004        1.1677939270822091     
  0.48333333333333334        1.0130396241197890     
  0.48666666666666669       0.82654261933442263     
  0.49000000000000005        1.0147158929697344     
  0.49333333333333335        1.1747665103296789     
  0.49666666666666670       0.96933104554479332     
  0.50000000000000000       0.82374158149931231     
  0.50333333333333341        1.0344219663860843     
  0.50666666666666671        1.1800114304315652     
  0.51000000000000001       0.97457596564667959     
  0.51333333333333342       0.81452534828673739     
  0.51666666666666672        1.0026986219220488     
  0.52000000000000002        1.1891956267074166     
  0.52333333333333332        1.0344413237449965     
  0.52666666666666673       0.81544573633000583     
  0.53000000000000003       0.91544286106657879     
  0.53333333333333333        1.1621471862700368     
  0.53666666666666674        1.1412091920625134     
  0.54000000000000004       0.88798977446203142     
  0.54333333333333333       0.81006555332708019     
  0.54666666666666675        1.0290179682017697     
  0.55000000000000004        1.2075486719856958     
  0.55333333333333334        1.0783664633071701     
  0.55666666666666675       0.83201005237046888     
  0.56000000000000005       0.82055250259072965     
  0.56333333333333335        1.0585571517957100     
  0.56666666666666665        1.2221168723178559     
  0.57000000000000006        1.0960418904195672     
  0.57333333333333336       0.84391912322730966     
  0.57666666666666666       0.78084864124732178     
  0.58000000000000007       0.98185146383846389     
  0.58333333333333337        1.2090509683717037     
  0.58666666666666667        1.2037303919807349     
  0.59000000000000008       0.97346737849089993     
  0.59333333333333338       0.76523650302605473     
  0.59666666666666668       0.79311199688773648     
  0.60000000000000009        1.0276327064682726     
  0.60333333333333339        1.2430538149011632     
  0.60666666666666669        1.2415000652309083     
  0.60999999999999999        1.0259918701548207     
  0.61333333333333340       0.78040370572255235     
  0.61666666666666670       0.70360258858685265     
  0.62000000000000000       0.85363614300861934     
  0.62333333333333341        1.1186469157459236     
  0.62666666666666671        1.3129764160777286     
  0.63000000000000000        1.3087905656595882     
  0.63333333333333341        1.1099609054104267     
  0.63666666666666671       0.83401893281967177     
  0.64000000000000001       0.63247497832325528     
  0.64333333333333342       0.60765208818125482     
  0.64666666666666672       0.77042475090436602     
  0.65000000000000002        1.0494713450277744     
  0.65333333333333332        1.3341569799246646     
  0.65666666666666673        1.5229956211943116     
  0.66000000000000003        1.5562053624048988     
  0.66333333333333333        1.4247362844749394     
  0.66666666666666674        1.1601408826632140     
  0.67000000000000004       0.81527018817587837     
  0.67333333333333334       0.44528291738671238     
  0.67666666666666675        9.4633543295965170E-002
  0.68000000000000005      -0.20852265921852114     
  0.68333333333333335      -0.45195622435937832     
  0.68666666666666676      -0.63560054185293924     
  0.69000000000000006      -0.76678583988995275     
  0.69333333333333336      -0.85603754185836267     
  0.69666666666666666      -0.91412702435337290     
  0.70000000000000007      -0.95042273976770486     
  0.70333333333333337      -0.97225677323984627     
  0.70666666666666667      -0.98493237661761956     
  0.71000000000000008      -0.99204838515752791     
  0.71333333333333337      -0.99591821196347452     
  0.71666666666666667      -0.99795990443377214     
  0.72000000000000008      -0.99900633501462399     
  0.72333333333333338      -0.99952796773549046     
  0.72666666666666668      -0.99978113739468288     
  0.73000000000000009      -0.99990088586587211     
  0.73333333333333339      -0.99995612955305724     
  0.73666666666666669      -0.99998101741058476     
  0.74000000000000010      -0.99999194450402751     
  0.74333333333333340      -0.99999670218927261     
  0.74666666666666670      -0.99999855258375869     
  0.75000000000000000      -0.99999969638693542     
  0.75333333333333341      -0.99999920980981383     
  0.75666666666666671       -1.0000013197564632     
  0.76000000000000001      -0.99999666253724995     
  0.76333333333333342       -1.0000076277624446     
  0.76666666666666672      -0.99998275410216575     
  0.77000000000000002       -1.0000380029766112     
  0.77333333333333343      -0.99991825636599263     
  0.77666666666666673       -1.0001714266805377     
  0.78000000000000003      -0.99964979418643440     
  0.78333333333333344       -1.0006962248443880     
  0.78666666666666674      -0.99865453239985835     
  0.79000000000000004       -1.0025243592142719     
  0.79333333333333333      -0.99540835067710032     
  0.79666666666666675       -1.0080839540557427     
  0.80000000000000004      -0.98624992058387384     
  0.80333333333333334       -1.0225456359982876     
  0.80666666666666675      -0.96445615350330394     
  0.81000000000000005       -1.0537078554717212     
  0.81333333333333335      -0.92252255743471123     
  0.81666666666666676       -1.1061668749282698     
  0.82000000000000006      -0.86273330978741347     
  0.82333333333333336       -1.1658895123018993     
  0.82666666666666677      -0.81524013821115215     
  0.83000000000000007       -1.1852274090003181     
  0.83333333333333337      -0.84035671451298188     
  0.83666666666666667       -1.1049521163247074     
  0.84000000000000008      -0.97348303839474715     
  0.84333333333333338      -0.94027329718416230     
  0.84666666666666668       -1.1291119384538086     
  0.85000000000000009      -0.84442630355691983     
  0.85333333333333339       -1.1234728976803290     
  0.85666666666666669      -0.96070023495721724     
  0.86000000000000010      -0.93587734481521678     
  0.86333333333333340       -1.1374212993116342     
  0.86666666666666670      -0.86147932672087946     
  0.87000000000000011       -1.0603089869700408     
  0.87333333333333341       -1.0561231365518993     
  0.87666666666666671      -0.86179363622009453     
  0.88000000000000000       -1.1268044089573983     
  0.88333333333333341      -0.97677085453563139     
  0.88666666666666671      -0.89996973739993280     
  0.89000000000000001       -1.1455579018321984     
  0.89333333333333342      -0.93004970675611098     
  0.89666666666666672      -0.93160345642636666     
  0.90000000000000002       -1.1470245648592550     
  0.90333333333333343      -0.91250385527872091     
  0.90666666666666673      -0.94037934914040111     
  0.91000000000000003       -1.1486102246052485     
  0.91333333333333344      -0.91834721111541540     
  0.91666666666666674      -0.92366778750638423     
  0.92000000000000004       -1.1508672920396235     
  0.92333333333333334      -0.94986446944848180     
  0.92666666666666675      -0.88679398746849480     
  0.93000000000000005       -1.1389167546607519     
  0.93333333333333335       -1.0128417727624621     
  0.93666666666666676      -0.84928205224031594     
  0.94000000000000006       -1.0872867014452956     
  0.94333333333333336       -1.0987442512250345     
  0.94666666666666677      -0.85238784028833126     
  0.95000000000000007      -0.98157004896685651     
  0.95333333333333337       -1.1601007527507841     
  0.95666666666666678      -0.94114833787609298     
  0.96000000000000008      -0.86322411674114319     
  0.96333333333333337       -1.1164435343416270     
  0.96666666666666667       -1.0955055401341016     
  0.97000000000000008      -0.84880121493064342     
  0.97333333333333338      -0.94879833966721872     
  0.97666666666666668       -1.1677939270822091     
  0.98000000000000009       -1.0130396241197890     
  0.98333333333333339      -0.82654261933442263     
  0.98666666666666669       -1.0147158929697344     
  0.99000000000000010       -1.1747665103296789     
  0.99333333333333340      -0.96933104554479332     
  0.99666666666666670      -0.82374158149931231     
