   0.0000000000000000       -1.1948936446061940     
   3.3333333333333335E-003 -0.87557905966546601     
   6.6666666666666671E-003 -0.78486025936098847     
   1.0000000000000000E-002  -1.0910743718667899     
   1.3333333333333334E-002  -1.2460205204131769     
   1.6666666666666666E-002 -0.98396914748978259     
   2.0000000000000000E-002 -0.73760579219274514     
   2.3333333333333334E-002 -0.89510146447028149     
   2.6666666666666668E-002  -1.2178731196980019     
   3.0000000000000002E-002  -1.2423303000129180     
   3.3333333333333333E-002 -0.93651057225911627     
   3.6666666666666667E-002 -0.69713039636547924     
   4.0000000000000001E-002 -0.81603989492332885     
   4.3333333333333335E-002  -1.1547189554335600     
   4.6666666666666669E-002  -1.3471278633468338     
   5.0000000000000003E-002  -1.2005947929510941     
   5.3333333333333337E-002 -0.85355447864186262     
   5.6666666666666671E-002 -0.60555025762912795     
   6.0000000000000005E-002 -0.65142491044457318     
   6.3333333333333339E-002 -0.95734339545365676     
   6.6666666666666666E-002  -1.3267805114704998     
   7.0000000000000007E-002  -1.5507220689629881     
   7.3333333333333334E-002  -1.5194719252972479     
   7.6666666666666675E-002  -1.2457951994017136     
   8.0000000000000002E-002 -0.82156556588711938     
   8.3333333333333343E-002 -0.35657403433047424     
   8.6666666666666670E-002   6.4869687706283194E-002
   9.0000000000000011E-002  0.39922538344127984     
   9.3333333333333338E-002  0.63820441198232669     
   9.6666666666666679E-002  0.79477546716593195     
  0.10000000000000001       0.88989974111432979     
  0.10333333333333335       0.94393924012192909     
  0.10666666666666667       0.97282625090373687     
  0.11000000000000000       0.98742820050960001     
  0.11333333333333334       0.99443584040024946     
  0.11666666666666667       0.99763932340964723     
  0.12000000000000001       0.99903818554102530     
  0.12333333333333334       0.99962306640783094     
  0.12666666666666668       0.99985770557403963     
  0.13000000000000000       0.99994818791757001     
  0.13333333333333333       0.99998178148790962     
  0.13666666666666669       0.99999380691941486     
  0.14000000000000001       0.99999796274175690     
  0.14333333333333334       0.99999935087324854     
  0.14666666666666667       0.99999979949532358     
  0.15000000000000002       0.99999993991432801     
  0.15333333333333335       0.99999998251829292     
  0.15666666666666668       0.99999999505853132     
  0.16000000000000000       0.99999999864212330     
  0.16333333333333333       0.99999999963704644     
  0.16666666666666669       0.99999999990557964     
  0.17000000000000001       0.99999999997608202     
  0.17333333333333334       0.99999999999409761     
  0.17666666666666667       0.99999999999858058     
  0.18000000000000002       0.99999999999966727     
  0.18333333333333335       0.99999999999992395     
  0.18666666666666668       0.99999999999998301     
  0.19000000000000000       0.99999999999999656     
  0.19333333333333336       0.99999999999999944     
  0.19666666666666668        1.0000000000000000     
  0.20000000000000001        1.0000000000000000     
  0.20333333333333334        1.0000000000000000     
  0.20666666666666669        1.0000000000000000     
  0.21000000000000002        1.0000000000000000     
  0.21333333333333335        1.0000000000000000     
  0.21666666666666667        1.0000000000000000     
  0.22000000000000000        1.0000000000000000     
  0.22333333333333336        1.0000000000000000     
  0.22666666666666668        1.0000000000000000     
  0.23000000000000001        1.0000000000000000     
  0.23333333333333334        1.0000000000000000     
  0.23666666666666669        1.0000000000000000     
  0.24000000000000002        1.0000000000000000     
  0.24333333333333335        1.0000000000000000     
  0.24666666666666667        1.0000000000000000     
  0.25000000000000000        1.0000000000000000     
  0.25333333333333335        1.0000000000000000     
  0.25666666666666671        1.0000000000000000     
  0.26000000000000001        1.0000000000000000     
  0.26333333333333336        1.0000000000000000     
  0.26666666666666666        1.0000000000000000     
  0.27000000000000002        1.0000000000000000     
  0.27333333333333337        1.0000000000000000     
  0.27666666666666667        1.0000000000000000     
  0.28000000000000003        1.0000000000000000     
  0.28333333333333333        1.0000000000000000     
  0.28666666666666668        1.0000000000000000     
  0.29000000000000004        1.0000000000000000     
  0.29333333333333333        1.0000000000000000     
  0.29666666666666669        1.0000000000000000     
  0.30000000000000004        1.0000000000000000     
  0.30333333333333334        1.0000000000000000     
  0.30666666666666670        1.0000000000000004     
  0.31000000000000000       0.99999999999999767     
  0.31333333333333335        1.0000000000000107     
  0.31666666666666671       0.99999999999995182     
  0.32000000000000001        1.0000000000002083     
  0.32333333333333336       0.99999999999912170     
  0.32666666666666666        1.0000000000036040     
  0.33000000000000002       0.99999999998558919     
  0.33333333333333337        1.0000000000560914     
  0.33666666666666667       0.99999999978755860     
  0.34000000000000002        1.0000000007824814     
  0.34333333333333338       0.99999999719888899     
  0.34666666666666668        1.0000000097391273     
  0.35000000000000003       0.99999996713516281     
  0.35333333333333333        1.0000001075541665     
  0.35666666666666669       0.99999965893209197     
  0.36000000000000004        1.0000010470635827     
  0.36333333333333334       0.99999689124124080     
  0.36666666666666670        1.0000089166727455     
  0.37000000000000005       0.99997532310240600     
  0.37333333333333335        1.0000658054459357     
  0.37666666666666671       0.99983116627972757     
  0.38000000000000000        1.0004160471465331     
  0.38333333333333336       0.99901718501515469     
  0.38666666666666671        1.0022206680245533     
  0.39000000000000001       0.99521302813390433     
  0.39333333333333337        1.0098149777397671     
  0.39666666666666667       0.98092796695796003     
  0.40000000000000002        1.0349674659655599     
  0.40333333333333338       0.93984319201716215     
  0.40666666666666668        1.0964142472007670     
  0.41000000000000003       0.85743521865972128     
  0.41333333333333339        1.1917909143947174     
  0.41666666666666669       0.77034719235795934     
  0.42000000000000004        1.2353387239146043     
  0.42333333333333334       0.81110909040000956     
  0.42666666666666669        1.0847858162955448     
  0.43000000000000005        1.0535356726298044     
  0.43333333333333335       0.82959411513731618     
  0.43666666666666670        1.1990312311541580     
  0.44000000000000000       0.89311274614507519     
  0.44333333333333336       0.93898739896052053     
  0.44666666666666671        1.1869916199732549     
  0.45000000000000001       0.83995130566402287     
  0.45333333333333337       0.98648437605976158     
  0.45666666666666672        1.1788932839730346     
  0.46000000000000002       0.84021422346280483     
  0.46333333333333337       0.95912372202065543     
  0.46666666666666667        1.1985038979142915     
  0.47000000000000003       0.89268417016049006     
  0.47333333333333338       0.86822698984557323     
  0.47666666666666668        1.1909986450732941     
  0.48000000000000004        1.0335029727957581     
  0.48333333333333334       0.78713961749871986     
  0.48666666666666669        1.0491909904221157     
  0.49000000000000005        1.2041371389685027     
  0.49333333333333335       0.89792302646269984     
  0.49666666666666670       0.80720422615822196     
  0.50000000000000000        1.1265188110989501     
  0.50333333333333341        1.1948936446061940     
  0.50666666666666671       0.87557905966546601     
  0.51000000000000001       0.78486025936098847     
  0.51333333333333342        1.0910743718667899     
  0.51666666666666672        1.2460205204131769     
  0.52000000000000002       0.98396914748978259     
  0.52333333333333332       0.73760579219274514     
  0.52666666666666673       0.89510146447028149     
  0.53000000000000003        1.2178731196980019     
  0.53333333333333333        1.2423303000129180     
  0.53666666666666674       0.93651057225911627     
  0.54000000000000004       0.69713039636547924     
  0.54333333333333333       0.81603989492332885     
  0.54666666666666675        1.1547189554335600     
  0.55000000000000004        1.3471278633468338     
  0.55333333333333334        1.2005947929510941     
  0.55666666666666675       0.85355447864186262     
  0.56000000000000005       0.60555025762912795     
  0.56333333333333335       0.65142491044457318     
  0.56666666666666665       0.95734339545365676     
  0.57000000000000006        1.3267805114704998     
  0.57333333333333336        1.5507220689629881     
  0.57666666666666666        1.5194719252972479     
  0.58000000000000007        1.2457951994017136     
  0.58333333333333337       0.82156556588711938     
  0.58666666666666667       0.35657403433047424     
  0.59000000000000008       -6.4869687706283194E-002
  0.59333333333333338      -0.39922538344127984     
  0.59666666666666668      -0.63820441198232669     
  0.60000000000000009      -0.79477546716593195     
  0.60333333333333339      -0.88989974111432979     
  0.60666666666666669      -0.94393924012192909     
  0.60999999999999999      -0.97282625090373687     
  0.61333333333333340      -0.98742820050960001     
  0.61666666666666670      -0.99443584040024946     
  0.62000000000000000      -0.99763932340964723     
  0.62333333333333341      -0.99903818554102530     
  0.62666666666666671      -0.99962306640783094     
  0.63000000000000000      -0.99985770557403963     
  0.63333333333333341      -0.99994818791757001     
  0.63666666666666671      -0.99998178148790962     
  0.64000000000000001      -0.99999380691941486     
  0.64333333333333342      -0.99999796274175690     
  0.64666666666666672      -0.99999935087324854     
  0.65000000000000002      -0.99999979949532358     
  0.65333333333333332      -0.99999993991432801     
  0.65666666666666673      -0.99999998251829292     
  0.66000000000000003      -0.99999999505853132     
  0.66333333333333333      -0.99999999864212330     
  0.66666666666666674      -0.99999999963704644     
  0.67000000000000004      -0.99999999990557964     
  0.67333333333333334      -0.99999999997608202     
  0.67666666666666675      -0.99999999999409761     
  0.68000000000000005      -0.99999999999858058     
  0.68333333333333335      -0.99999999999966727     
  0.68666666666666676      -0.99999999999992395     
  0.69000000000000006      -0.99999999999998301     
  0.69333333333333336      -0.99999999999999656     
  0.69666666666666666      -0.99999999999999944     
  0.70000000000000007       -1.0000000000000000     
  0.70333333333333337       -1.0000000000000000     
  0.70666666666666667       -1.0000000000000000     
  0.71000000000000008       -1.0000000000000000     
  0.71333333333333337       -1.0000000000000000     
  0.71666666666666667       -1.0000000000000000     
  0.72000000000000008       -1.0000000000000000     
  0.72333333333333338       -1.0000000000000000     
  0.72666666666666668       -1.0000000000000000     
  0.73000000000000009       -1.0000000000000000     
  0.73333333333333339       -1.0000000000000000     
  0.73666666666666669       -1.0000000000000000     
  0.74000000000000010       -1.0000000000000000     
  0.74333333333333340       -1.0000000000000000     
  0.74666666666666670       -1.0000000000000000     
  0.75000000000000000       -1.0000000000000000     
  0.75333333333333341       -1.0000000000000000     
  0.75666666666666671       -1.0000000000000000     
  0.76000000000000001       -1.0000000000000000     
  0.76333333333333342       -1.0000000000000000     
  0.76666666666666672       -1.0000000000000000     
  0.77000000000000002       -1.0000000000000000     
  0.77333333333333343       -1.0000000000000000     
  0.77666666666666673       -1.0000000000000000     
  0.78000000000000003       -1.0000000000000000     
  0.78333333333333344       -1.0000000000000000     
  0.78666666666666674       -1.0000000000000000     
  0.79000000000000004       -1.0000000000000000     
  0.79333333333333333       -1.0000000000000000     
  0.79666666666666675       -1.0000000000000000     
  0.80000000000000004       -1.0000000000000000     
  0.80333333333333334       -1.0000000000000004     
  0.80666666666666675      -0.99999999999999767     
  0.81000000000000005       -1.0000000000000107     
  0.81333333333333335      -0.99999999999995182     
  0.81666666666666676       -1.0000000000002083     
  0.82000000000000006      -0.99999999999912170     
  0.82333333333333336       -1.0000000000036040     
  0.82666666666666677      -0.99999999998558919     
  0.83000000000000007       -1.0000000000560914     
  0.83333333333333337      -0.99999999978755860     
  0.83666666666666667       -1.0000000007824814     
  0.84000000000000008      -0.99999999719888899     
  0.84333333333333338       -1.0000000097391273     
  0.84666666666666668      -0.99999996713516281     
  0.85000000000000009       -1.0000001075541665     
  0.85333333333333339      -0.99999965893209197     
  0.85666666666666669       -1.0000010470635827     
  0.86000000000000010      -0.99999689124124080     
  0.86333333333333340       -1.0000089166727455     
  0.86666666666666670      -0.99997532310240600     
  0.87000000000000011       -1.0000658054459357     
  0.87333333333333341      -0.99983116627972757     
  0.87666666666666671       -1.0004160471465331     
  0.88000000000000000      -0.99901718501515469     
  0.88333333333333341       -1.0022206680245533     
  0.88666666666666671      -0.99521302813390433     
  0.89000000000000001       -1.0098149777397671     
  0.89333333333333342      -0.98092796695796003     
  0.89666666666666672       -1.0349674659655599     
  0.90000000000000002      -0.93984319201716215     
  0.90333333333333343       -1.0964142472007670     
  0.90666666666666673      -0.85743521865972128     
  0.91000000000000003       -1.1917909143947174     
  0.91333333333333344      -0.77034719235795934     
  0.91666666666666674       -1.2353387239146043     
  0.92000000000000004      -0.81110909040000956     
  0.92333333333333334       -1.0847858162955448     
  0.92666666666666675       -1.0535356726298044     
  0.93000000000000005      -0.82959411513731618     
  0.93333333333333335       -1.1990312311541580     
  0.93666666666666676      -0.89311274614507519     
  0.94000000000000006      -0.93898739896052053     
  0.94333333333333336       -1.1869916199732549     
  0.94666666666666677      -0.83995130566402287     
  0.95000000000000007      -0.98648437605976158     
  0.95333333333333337       -1.1788932839730346     
  0.95666666666666678      -0.84021422346280483     
  0.96000000000000008      -0.95912372202065543     
  0.96333333333333337       -1.1985038979142915     
  0.96666666666666667      -0.89268417016049006     
  0.97000000000000008      -0.86822698984557323     
  0.97333333333333338       -1.1909986450732941     
  0.97666666666666668       -1.0335029727957581     
  0.98000000000000009      -0.78713961749871986     
  0.98333333333333339       -1.0491909904221157     
  0.98666666666666669       -1.2041371389685027     
  0.99000000000000010      -0.89792302646269984     
  0.99333333333333340      -0.80720422615822196     
  0.99666666666666670       -1.1265188110989501     
