   0.0000000000000000        1.3560569080218285     
   3.3333333333333335E-003  0.98789987263385637     
   6.6666666666666671E-003  0.69229268214328910     
   1.0000000000000000E-002  0.82584046931163457     
   1.3333333333333334E-002  0.99500281409044256     
   1.6666666666666666E-002   1.2032963553116542     
   2.0000000000000000E-002   1.1028135256004934     
   2.3333333333333334E-002  0.95852900529689189     
   2.6666666666666668E-002   1.1806144070979143     
   3.0000000000000002E-002  0.98676052301934003     
   3.3333333333333333E-002  0.60178098315810813     
   3.6666666666666667E-002  0.85917813611076077     
   4.0000000000000001E-002   1.1705438218663955     
   4.3333333333333335E-002   1.2138408995106182     
   4.6666666666666669E-002   1.1637541710698664     
   5.0000000000000003E-002  0.92093815224965458     
   5.3333333333333337E-002  0.93248979176340074     
   5.6666666666666671E-002   1.0542971964388266     
   6.0000000000000005E-002  0.73166543788595384     
   6.3333333333333339E-002  0.73017315788523618     
   6.6666666666666666E-002   1.2308213591612103     
   7.0000000000000007E-002   1.3102836001013611     
   7.3333333333333334E-002   1.1160890430065129     
   7.6666666666666675E-002  0.98876339392448975     
   8.0000000000000002E-002  0.83028614585423532     
   8.3333333333333343E-002  0.92464040514381829     
   8.6666666666666670E-002  0.96750524775754099     
   9.0000000000000011E-002  0.71443126789656863     
   9.3333333333333338E-002  0.94352276755012510     
   9.6666666666666679E-002   1.4164560592637889     
  0.10000000000000001        1.2664120733229365     
  0.10333333333333335       0.97653269730268233     
  0.10666666666666667       0.92725565506692631     
  0.11000000000000000       0.84228128664208679     
  0.11333333333333334       0.89558045929541497     
  0.11666666666666667       0.91482004589597332     
  0.12000000000000001       0.73699676131177227     
  0.12333333333333334        1.0128138765265997     
  0.12666666666666668        1.4709533256078640     
  0.13000000000000000        1.2682941970211081     
  0.13333333333333333       0.94072131292745920     
  0.13666666666666669       0.97423868507944689     
  0.14000000000000001       0.91973572057102559     
  0.14333333333333334       0.83978872154203810     
  0.14666666666666667       0.83579365247774795     
  0.15000000000000002       0.69417135221854254     
  0.15333333333333335       0.88112797875858595     
  0.15666666666666668        1.3964450136529962     
  0.16000000000000000        1.3662261659599628     
  0.16333333333333333        1.0218829877803144     
  0.16666666666666669        1.0972770427210483     
  0.17000000000000001        1.1520040143468087     
  0.17333333333333334       0.93900214958625250     
  0.17666666666666667       0.79508562928060655     
  0.18000000000000002       0.64252189563881990     
  0.18333333333333335       0.55891710718479981     
  0.18666666666666668       0.99274477642323511     
  0.19000000000000000        1.2454606570441926     
  0.19333333333333336        1.0526775754673674     
  0.19666666666666668        1.0312632152503154     
  0.20000000000000001        1.4592164317651311     
  0.20333333333333334        1.3737194143657108     
  0.20666666666666669        1.2493398585611462     
  0.21000000000000002       0.96139417300143459     
  0.21333333333333335       0.81445130328028736     
  0.21666666666666667       0.54601725209106311     
  0.22000000000000000       0.96094048125152898     
  0.22333333333333336       0.63846670936522731     
  0.22666666666666668       0.51550463519909229     
  0.23000000000000001       0.50601772253338217     
  0.23333333333333334        1.1924737031191066     
  0.23666666666666669        1.0916493005107506     
  0.24000000000000002        1.3240498738910120     
  0.24333333333333335        1.3340269300212839     
  0.24666666666666667        1.3988483244452388     
  0.25000000000000000        1.5092754354720084     
  0.25333333333333335        1.7493241796524761     
  0.25666666666666671        1.6291602499691955     
  0.26000000000000001       0.97401836415004284     
  0.26333333333333336        1.1065125081289764     
  0.26666666666666666        1.0313084576274132     
  0.27000000000000002       0.88728403697859304     
  0.27333333333333337       0.43237430061285498     
  0.27666666666666667       0.26608016339231860     
  0.28000000000000003       -3.4793896062718987E-002
  0.28333333333333333      -0.28369290833613159     
  0.28666666666666668        1.4222663352831023E-002
  0.29000000000000004      -0.32767069481763755     
  0.29333333333333333      -0.69932006532620439     
  0.29666666666666669      -0.90583463837533962     
  0.30000000000000004      -0.62606877974076036     
  0.30333333333333334      -0.62643211588566472     
  0.30666666666666670      -0.91984419026575348     
  0.31000000000000000      -0.78774454817755879     
  0.31333333333333335       -1.0760490508174645     
  0.31666666666666671       -1.1024209322324303     
  0.32000000000000001      -0.88449688331389420     
  0.32333333333333336      -0.71711793482640951     
  0.32666666666666666      -0.90907669358931198     
  0.33000000000000002       -1.3410703243932491     
  0.33333333333333337      -0.99546931085047285     
  0.33666666666666667      -0.88778657310193276     
  0.34000000000000002      -0.97345853189554532     
  0.34333333333333338      -0.87405194932203500     
  0.34666666666666668       -1.0148031993882760     
  0.35000000000000003       -1.1061942345774314     
  0.35333333333333333       -1.2392903484112145     
  0.35666666666666669      -0.86476124079489580     
  0.36000000000000004      -0.64601997928410104     
  0.36333333333333334       -1.1301277142722710     
  0.36666666666666670       -1.1563464912588381     
  0.37000000000000005       -1.0553298627268557     
  0.37333333333333335      -0.99999608516862892     
  0.37666666666666671      -0.92537149307489341     
  0.38000000000000000      -0.93456095718391619     
  0.38333333333333336      -0.80793059905265108     
  0.38666666666666671       -1.1841221855078130     
  0.39000000000000001       -1.3345213729184415     
  0.39333333333333337      -0.83495102050607684     
  0.39666666666666667      -0.79136135576641098     
  0.40000000000000002      -0.94161961983802189     
  0.40333333333333338       -1.0736484973861331     
  0.40666666666666668       -1.1095291017408739     
  0.41000000000000003       -1.0017570155347642     
  0.41333333333333339       -1.1592902940115233     
  0.41666666666666669      -0.90447975013773019     
  0.42000000000000004      -0.63203671604867628     
  0.42333333333333334       -1.0776675286765918     
  0.42666666666666669       -1.2619040715937091     
  0.43000000000000005       -1.1099347084329876     
  0.43333333333333335      -0.93914954627020908     
  0.43666666666666670      -0.82817880162723423     
  0.44000000000000000       -1.0139949558530508     
  0.44333333333333336      -0.91723570258824993     
  0.44666666666666671      -0.91283799864599346     
  0.45000000000000001       -1.3388569076452181     
  0.45333333333333337       -1.1654744560581201     
  0.45666666666666672      -0.76885363043907229     
  0.46000000000000002      -0.79350615355153697     
  0.46333333333333337      -0.93140610712047167     
  0.46666666666666667       -1.1636090460636288     
  0.47000000000000003       -1.1010785090998072     
  0.47333333333333338      -0.96884786151600788     
  0.47666666666666668       -1.1901681215506799     
  0.48000000000000004      -0.95535839158704627     
  0.48333333333333334      -0.61727569760781054     
  0.48666666666666669      -0.93754970232247625     
  0.49000000000000005       -1.2026212833859471     
  0.49333333333333335       -1.2100189457242989     
  0.49666666666666670       -1.0743378147960481     
  0.50000000000000000      -0.83936993113559488     
  0.50333333333333341      -0.97453141871645566     
  0.50666666666666671      -0.97840956760604569     
  0.51000000000000001      -0.71481078875430926     
  0.51333333333333342       -1.0421696241372371     
  0.51666666666666672       -1.3780865191924190     
  0.52000000000000002       -1.1325491623120765     
  0.52333333333333332      -0.91364897135005163     
  0.52666666666666673      -0.79586931034888120     
  0.53000000000000003      -0.85634763981802331     
  0.53333333333333333       -1.0703360675185374     
  0.53666666666666674      -0.93331389519936470     
  0.54000000000000004      -0.97988580258245717     
  0.54333333333333333       -1.3777856708338887     
  0.54666666666666675       -1.1790087128961084     
  0.55000000000000004      -0.74842130112347205     
  0.55333333333333334      -0.77240936787350034     
  0.55666666666666675      -0.87825838948594803     
  0.56000000000000005       -1.0335228809073387     
  0.56333333333333335       -1.1296368479579755     
  0.56666666666666665      -0.99032117023339827     
  0.57000000000000006       -1.1640473015828370     
  0.57333333333333336       -1.3176264500518478     
  0.57666666666666666      -0.84249045957497848     
  0.58000000000000007      -0.59766497617566794     
  0.58333333333333337      -0.89007945169825242     
  0.58666666666666667       -1.0257077476954675     
  0.59000000000000008       -1.0881666899952696     
  0.59333333333333338       -1.1372700088606029     
  0.59666666666666668       -1.0568932838398486     
  0.60000000000000009       -1.2056090715449868     
  0.60333333333333339       -1.1937578286005701     
  0.60666666666666669      -0.68141664813603431     
  0.60999999999999999      -0.58643328726967547     
  0.61333333333333340      -0.99144686579129782     
  0.61666666666666670       -1.0676995825968130     
  0.62000000000000000       -1.0317268723314350     
  0.62333333333333341       -1.1458820715611979     
  0.62666666666666671       -1.1501994440416103     
  0.63000000000000000       -1.2286787447545393     
  0.63333333333333341       -1.1848841438095550     
  0.63666666666666671      -0.70128403774844339     
  0.64000000000000001      -0.55558920506125775     
  0.64333333333333342      -0.95565860957714799     
  0.64666666666666672       -1.0207926476053377     
  0.65000000000000002      -0.87931335494048224     
  0.65333333333333332       -1.0699882903743123     
  0.65666666666666673       -1.2437559886791485     
  0.66000000000000003       -1.3017032714002148     
  0.66333333333333333       -1.3284289526115789     
  0.66666666666666674      -0.96798436316644565     
  0.67000000000000004      -0.62934227398029352     
  0.67333333333333334      -0.85352738579318488     
  0.67666666666666675      -0.97043087623773083     
  0.68000000000000005      -0.65172881801717553     
  0.68333333333333335      -0.69548537086428042     
  0.68666666666666676       -1.0331551927269675     
  0.69000000000000006       -1.2329132483093526     
  0.69333333333333336       -1.3511177943813943     
  0.69666666666666666       -1.4024713727338445     
  0.70000000000000007       -1.0624267174182722     
  0.70333333333333337       -1.1111379293212820     
  0.70666666666666667       -1.2501241924132862     
  0.71000000000000008       -1.0467735870897668     
  0.71333333333333337      -0.43380124761653105     
  0.71666666666666667      -0.61428860028471699     
  0.72000000000000008      -0.61822950431895640     
  0.72333333333333338      -0.80551251934255852     
  0.72666666666666668      -0.71655001552190456     
  0.73000000000000009       -1.0094318270175637     
  0.73333333333333339      -0.76442332644843747     
  0.73666666666666669       -1.3621108857453079     
  0.74000000000000010       -1.6066561301650635     
  0.74333333333333340       -1.6289380772360633     
  0.74666666666666670       -1.2415448458147724     
  0.75000000000000000       -1.5092754354720110     
  0.75333333333333341       -1.5920207010220100     
  0.75666666666666671       -1.3342491027544192     
  0.76000000000000001       -1.2566246204240923     
  0.76333333333333342      -0.83605092289442062     
  0.76666666666666672      -0.60325808095674649     
  0.77000000000000002      -0.38386993249441415     
  0.77333333333333343      -0.63341968093566781     
  0.77666666666666673       -9.9034353414983733E-002
  0.78000000000000003       0.37750487299529095     
  0.78333333333333344       0.35196425652978708     
  0.78666666666666674       0.36642739231092403     
  0.79000000000000004       0.41305010890596894     
  0.79333333333333333       0.69853573147406700     
  0.79666666666666675       0.64325315333091537     
  0.80000000000000004        1.0228584940876220     
  0.80333333333333334       0.99764027336918981     
  0.80666666666666675       0.62140397135172454     
  0.81000000000000005       0.77519713944271829     
  0.81333333333333335        1.0356386345137352     
  0.81666666666666676        1.2389891959119077     
  0.82000000000000006       0.87528996093554279     
  0.82333333333333336       0.89246318178353568     
  0.82666666666666677       0.99455145738238260     
  0.83000000000000007       0.81840858402673411     
  0.83333333333333337        1.1247619904050818     
  0.83666666666666667        1.1943325379332010     
  0.84000000000000008        1.0379814264552945     
  0.84333333333333338       0.72136292434819516     
  0.84666666666666668       0.82594288777255254     
  0.85000000000000009        1.2913362372993737     
  0.85333333333333339        1.0542913532836229     
  0.85666666666666669       0.98063112883001102     
  0.86000000000000010        1.0101664947938693     
  0.86333333333333340       0.85717306694126627     
  0.86666666666666670       0.91218366037674337     
  0.87000000000000011        1.0157144104602882     
  0.87333333333333341        1.3207499667348865     
  0.87666666666666671        1.0584396881094906     
  0.88000000000000000       0.63983084616425856     
  0.88333333333333341       0.96081013575348551     
  0.88666666666666671        1.0882557790119309     
  0.89000000000000001        1.0786733735460308     
  0.89333333333333342        1.0807900274369706     
  0.89666666666666672        1.0085864870642955     
  0.90000000000000002        1.0024226216159717     
  0.90333333333333343       0.71408572196219222     
  0.90666666666666673       0.91578186043040066     
  0.91000000000000003        1.3754924376334650     
  0.91333333333333344        1.1010877940735952     
  0.91666666666666674       0.86991879669217065     
  0.92000000000000004       0.86465788572724578     
  0.92333333333333334       0.93139459432708238     
  0.92666666666666675        1.0603666645483776     
  0.93000000000000005       0.96369840991446043     
  0.93333333333333335        1.1796497351980235     
  0.93666666666666676        1.2276424916999769     
  0.94000000000000006       0.71213751283166649     
  0.94333333333333336       0.74119689563537017     
  0.94666666666666677        1.0729184225358948     
  0.95000000000000007        1.1663400565190356     
  0.95333333333333337        1.1502199142318763     
  0.95666666666666678       0.93279840176233964     
  0.96000000000000008       0.98416417283547719     
  0.96333333333333337        1.0055418662090752     
  0.96666666666666667       0.69505396170320055     
  0.97000000000000008       0.97066562589849237     
  0.97333333333333338        1.3535929582650410     
  0.97666666666666668        1.1452880876038389     
  0.98000000000000009       0.92562275487546475     
  0.98333333333333339       0.79206586148857250     
  0.98666666666666669       0.89038289227568246     
  0.99000000000000010        1.0915916028286217     
  0.99333333333333340       0.92390206026154031     
  0.99666666666666670        1.0609693608786492     
