   0.0000000000000000      -0.89478843484031056     
   3.3333333333333335E-003  -1.1197805815796609     
   6.6666666666666671E-003  -1.0368935213927188     
   1.0000000000000000E-002 -0.87091606098024210     
   1.3333333333333334E-002 -0.89914773530532832     
   1.6666666666666666E-002  -1.1596594798688629     
   2.0000000000000000E-002  -1.0373714412233739     
   2.3333333333333334E-002 -0.92774729072706630     
   2.6666666666666668E-002 -0.83488133638496786     
   3.0000000000000002E-002  -1.1999408830388905     
   3.3333333333333333E-002  -1.0088870111155577     
   3.6666666666666667E-002  -1.0160856624162373     
   4.0000000000000001E-002 -0.74487803048830536     
   4.3333333333333335E-002  -1.2136998935076031     
   4.6666666666666669E-002  -1.0088174515906210     
   5.0000000000000003E-002  -1.0702782741991519     
   5.3333333333333337E-002 -0.74688751129414244     
   5.6666666666666671E-002  -1.0840037962190774     
   6.0000000000000005E-002  -1.1327208310459653     
   6.3333333333333339E-002  -1.0035314761801037     
   6.6666666666666666E-002 -0.90785349197236320     
   7.0000000000000007E-002 -0.84137605823225425     
   7.3333333333333334E-002  -1.2435430952734872     
   7.6666666666666675E-002  -1.0039469832172494     
   8.0000000000000002E-002 -0.97414197057445695     
   8.3333333333333343E-002 -0.82852928336916853     
   8.6666666666666670E-002  -1.0303390189758244     
   9.0000000000000011E-002  -1.2302982615580909     
   9.3333333333333338E-002 -0.90888935983744912     
   9.6666666666666679E-002 -0.94068503921580460     
  0.10000000000000001      -0.85913552264786797     
  0.10333333333333335       -1.1477757583785906     
  0.10666666666666667       -1.1668856274291073     
  0.11000000000000000      -0.84108772665489440     
  0.11333333333333334      -0.93850265728749449     
  0.11666666666666667      -0.92190518420994716     
  0.12000000000000001       -1.1843608791644213     
  0.12333333333333334       -1.1212402117094096     
  0.12666666666666668      -0.79319726972188165     
  0.13000000000000000      -0.95213397007397593     
  0.13333333333333333      -0.97956230596801364     
  0.13666666666666669       -1.1677220418625196     
  0.14000000000000001       -1.1173987917764541     
  0.14333333333333334      -0.76429243349820553     
  0.14666666666666667      -0.94562726720051060     
  0.15000000000000002       -1.0355154418188448     
  0.15333333333333335       -1.1206686351576129     
  0.15666666666666668       -1.1458996377880850     
  0.16000000000000000      -0.77594012765485942     
  0.16333333333333333      -0.88414595163264931     
  0.16666666666666669       -1.0910762179300864     
  0.17000000000000001       -1.0763948411623079     
  0.17333333333333334       -1.1620170304668966     
  0.17666666666666667      -0.86689137436854580     
  0.18000000000000002      -0.77463299117534667     
  0.18333333333333335       -1.0938421958194720     
  0.18666666666666668       -1.0905046342996927     
  0.19000000000000000       -1.1204314340193693     
  0.19333333333333336       -1.0233270824626219     
  0.19666666666666668      -0.72597915387988066     
  0.20000000000000001      -0.95458004592681767     
  0.20333333333333334       -1.1562178831470871     
  0.20666666666666669       -1.0753014706756565     
  0.21000000000000002       -1.1162218944939390     
  0.21333333333333335      -0.87263092870716685     
  0.21666666666666667      -0.74480229334989445     
  0.22000000000000000       -1.0849558453477455     
  0.22333333333333336       -1.1395667037653403     
  0.22666666666666668       -1.0823087554396298     
  0.23000000000000001       -1.0894533925656638     
  0.23333333333333334      -0.78972345275200417     
  0.23666666666666669      -0.79239019323229620     
  0.24000000000000002       -1.1279338672859216     
  0.24333333333333335       -1.1166737821964619     
  0.24666666666666667       -1.1050970606505379     
  0.25000000000000000       -1.0886079788783405     
  0.25333333333333335      -0.76493686020420770     
  0.25666666666666671      -0.79479411994808824     
  0.26000000000000001       -1.1071153008725569     
  0.26333333333333336       -1.0982764787844672     
  0.26666666666666666       -1.1330680701373019     
  0.27000000000000002       -1.1442490026796881     
  0.27333333333333337      -0.79995562426187083     
  0.27666666666666667      -0.74888393521554297     
  0.28000000000000003       -1.0286397003923522     
  0.28333333333333333       -1.0546877507423369     
  0.28666666666666668       -1.1300253623691450     
  0.29000000000000004       -1.2501355467856654     
  0.29333333333333333      -0.94255733285002175     
  0.29666666666666669      -0.72542400168353505     
  0.30000000000000004      -0.90860122783902186     
  0.30333333333333334      -0.95253079906154425     
  0.30666666666666670       -1.0138279888425463     
  0.31000000000000000       -1.2938742995708745     
  0.31333333333333335       -1.2020701426854399     
  0.31666666666666671      -0.86687722320500016     
  0.32000000000000001      -0.86464469289936452     
  0.32333333333333336      -0.86806603414401284     
  0.32666666666666666      -0.77300396601526089     
  0.33000000000000002       -1.0453165442552859     
  0.33333333333333337       -1.3202706078644564     
  0.33666666666666667       -1.1574936423404432     
  0.34000000000000002       -1.0399738559541598     
  0.34333333333333338       -1.0486374507893954     
  0.34666666666666668      -0.78429748049345660     
  0.35000000000000003      -0.64179630544002308     
  0.35333333333333333      -0.93577930153095434     
  0.35666666666666669       -1.1102878226914850     
  0.36000000000000004       -1.0810755932026070     
  0.36333333333333334       -1.2621397279211257     
  0.36666666666666670       -1.3260504362011050     
  0.37000000000000005      -0.97956093456777937     
  0.37333333333333335      -0.77113551171309924     
  0.37666666666666671      -0.84559127148559565     
  0.38000000000000000      -0.74983543887925808     
  0.38333333333333336      -0.68766121392696788     
  0.38666666666666671       -1.0233901706035013     
  0.39000000000000001       -1.2949246340881824     
  0.39333333333333337       -1.2191960515106648     
  0.39666666666666667       -1.2438650540917324     
  0.40000000000000002       -1.3563505106572376     
  0.40333333333333338       -1.0998122726187005     
  0.40666666666666668      -0.73648930845438210     
  0.41000000000000003      -0.72180305172593562     
  0.41333333333333339      -0.73791372973075153     
  0.41666666666666669      -0.55226179394562591     
  0.42000000000000004      -0.61802255958816699     
  0.42333333333333334       -1.0043978423084754     
  0.42666666666666669       -1.1882495065783751     
  0.43000000000000005       -1.1901385022912636     
  0.43333333333333335       -1.4323377078435648     
  0.43666666666666670       -1.6881098173883176     
  0.44000000000000000       -1.5454311761756343     
  0.44333333333333336       -1.3118442764445142     
  0.44666666666666671       -1.3164653551093548     
  0.45000000000000001       -1.1971972377314386     
  0.45333333333333337      -0.74872596077728426     
  0.45666666666666672      -0.41810172004304508     
  0.46000000000000002      -0.36109061089697392     
  0.46333333333333337      -0.14316775456268180     
  0.46666666666666667       0.28533417527602839     
  0.47000000000000003       0.46683040451878832     
  0.47333333333333338       0.41119482028631582     
  0.47666666666666668       0.56504099414886477     
  0.48000000000000004       0.87004069984692756     
  0.48333333333333334       0.89187991900987729     
  0.48666666666666669       0.74554003953223602     
  0.49000000000000005       0.84544821249621194     
  0.49333333333333335        1.0796339423160504     
  0.49666666666666670        1.0180283444309064     
  0.50000000000000000       0.84664676956930018     
  0.50333333333333341       0.91095298962828575     
  0.50666666666666671        1.1432439851324443     
  0.51000000000000001        1.0351594067769581     
  0.51333333333333342       0.89216374420374578     
  0.51666666666666672       0.88417003894405721     
  0.52000000000000002        1.1852836285655224     
  0.52333333333333332        1.0117031547219304     
  0.52666666666666673       0.95910320783546987     
  0.53000000000000003       0.80331826701264786     
  0.53333333333333333        1.2315161230255411     
  0.53666666666666674       0.98217205755414483     
  0.54000000000000004        1.0344369043678097     
  0.54333333333333333       0.74004117524538149     
  0.54666666666666675        1.2009126019633365     
  0.55000000000000004        1.0424540612305018     
  0.55333333333333334        1.0151964371877376     
  0.55666666666666675       0.82070018197207573     
  0.56000000000000005       0.99831350694037080     
  0.56333333333333335        1.2195125368878814     
  0.56666666666666665       0.92924021920240818     
  0.57000000000000006       0.95554318870321853     
  0.57333333333333336       0.83168018644624420     
  0.57666666666666666        1.2101043421491751     
  0.58000000000000007        1.0765453918320913     
  0.58333333333333337       0.87653414406130836     
  0.58666666666666667       0.92853246556865887     
  0.59000000000000008       0.95421572204000660     
  0.59333333333333338        1.2598100041048841     
  0.59666666666666668       0.93740480430555195     
  0.60000000000000009       0.85971855149517773     
  0.60333333333333339       0.96910234804626760     
  0.60666666666666669        1.0446305350960365     
  0.60999999999999999        1.2263256653894017     
  0.61333333333333340       0.84939920883649667     
  0.61666666666666670       0.86248017741154737     
  0.62000000000000000        1.0383635017867019     
  0.62333333333333341        1.0738848706325688     
  0.62666666666666671        1.1781276822052784     
  0.63000000000000000       0.81734774845562752     
  0.63333333333333341       0.85472790101159535     
  0.63666666666666671        1.1070572620915036     
  0.64000000000000001        1.0711454197840593     
  0.64333333333333342        1.1333734048131887     
  0.64666666666666672       0.84016670019332318     
  0.65000000000000002       0.81490586560687972     
  0.65333333333333332        1.1516269374247179     
  0.65666666666666673        1.0848061639718212     
  0.66000000000000003        1.0781144853211275     
  0.66333333333333333       0.91087958322360885     
  0.66666666666666674       0.76140488183088573     
  0.67000000000000004        1.1252258815139169     
  0.67333333333333334        1.1553304309498151     
  0.67666666666666675        1.0175667155078221     
  0.68000000000000005       0.98319372086915269     
  0.68333333333333335       0.76608861815011808     
  0.68666666666666676       0.98544243362191741     
  0.69000000000000006        1.2428410921880384     
  0.69333333333333336        1.0325798544232889     
  0.69666666666666666       0.98026975491547796     
  0.70000000000000007       0.87147469104700115     
  0.70333333333333337       0.81478547964025205     
  0.70666666666666667        1.1814423302050898     
  0.71000000000000008        1.1878103988674944     
  0.71333333333333337       0.95289838031677265     
  0.71666666666666667       0.95414860638904553     
  0.72000000000000008       0.81533064114420506     
  0.72333333333333338       0.91821857328211864     
  0.72666666666666668        1.2611208928512454     
  0.73000000000000009        1.1137532595759185     
  0.73333333333333339       0.92911646349375510     
  0.73666666666666669       0.93701345329849983     
  0.74000000000000010       0.79395198620810059     
  0.74333333333333340       0.97528350337793734     
  0.74666666666666670        1.2794050697464083     
  0.75000000000000000        1.0886079788783405     
  0.75333333333333341       0.93924486930007767     
  0.75666666666666671       0.93618439876661341     
  0.76000000000000001       0.77313341979473338     
  0.76333333333333342       0.95365321871826303     
  0.76666666666666672        1.2724610808790535     
  0.77000000000000002        1.1199491356694331     
  0.77333333333333343       0.97876776167348589     
  0.77666666666666673       0.97023206569876164     
  0.78000000000000003       0.75901449618881311     
  0.78333333333333344       0.84534143770318670     
  0.78666666666666674        1.2102928139787483     
  0.79000000000000004        1.1785470424121087     
  0.79333333333333333        1.0486981923794532     
  0.79666666666666675        1.0668564051903702     
  0.80000000000000004       0.82549587295920712     
  0.80333333333333334       0.69824019802594417     
  0.80666666666666675        1.0230807608032109     
  0.81000000000000005        1.1714646414022043     
  0.81333333333333335        1.0970079420076615     
  0.81666666666666676        1.1946308008743518     
  0.82000000000000006        1.0732054225931706     
  0.82333333333333336       0.71739069300473790     
  0.82666666666666677       0.76631736649817972     
  0.83000000000000007       0.99648550390367607     
  0.83333333333333337       0.99059927176525586     
  0.83666666666666667        1.1307600107494824     
  0.84000000000000008        1.3421482136204261     
  0.84333333333333338        1.1097309246056590     
  0.84666666666666668       0.81525578276056443     
  0.85000000000000009       0.86240588165199050     
  0.85333333333333339       0.83031873452376714     
  0.85666666666666669       0.74120685137650244     
  0.86000000000000010        1.0348222212102118     
  0.86333333333333340        1.3228045076921406     
  0.86666666666666670        1.2012160312446816     
  0.87000000000000011        1.1143471561861253     
  0.87333333333333341        1.1560659241964952     
  0.87666666666666671       0.89294661256243313     
  0.88000000000000000       0.60383806150153685     
  0.88333333333333341       0.74708622072536990     
  0.88666666666666671       0.93428672215250130     
  0.89000000000000001       0.90968669535367597     
  0.89333333333333342        1.0969409591775934     
  0.89666666666666672        1.4225384644240535     
  0.90000000000000002        1.3569335395045465     
  0.90333333333333343        1.1030925075289566     
  0.90666666666666673        1.0874099527218197     
  0.91000000000000003       0.99788559124401877     
  0.91333333333333344       0.63610717632358615     
  0.91666666666666674       0.50425693325348719     
  0.92000000000000004       0.72042598084580245     
  0.92333333333333334       0.79824048337654741     
  0.92666666666666675       0.77638659775113239     
  0.93000000000000005        1.0759713718203008     
  0.93333333333333335        1.4537244350736080     
  0.93666666666666676        1.4721287566805372     
  0.94000000000000006        1.4110238520700407     
  0.94333333333333336        1.5751478906915166     
  0.94666666666666677        1.5847742810029477     
  0.95000000000000007        1.2250214507000892     
  0.95333333333333337       0.94082111114999756     
  0.95666666666666678       0.89176043830526786     
  0.96000000000000008       0.65064948477647921     
  0.96333333333333337       0.17708135942478007     
  0.96666666666666667       -6.2705063366045616E-002
  0.97000000000000008       -7.0207788492543943E-002
  0.97333333333333338      -0.28697294883581659     
  0.97666666666666668      -0.64899685814372510     
  0.98000000000000009      -0.72212851250477839     
  0.98333333333333339      -0.61639047808506975     
  0.98666666666666669      -0.75252403063381823     
  0.99000000000000010       -1.0096915582929251     
  0.99333333333333340      -0.97328347857632580     
  0.99666666666666670      -0.80920075247952949     
