   0.0000000000000000       0.81938076773864910     
   3.3333333333333335E-003  0.83256502382354414     
   6.6666666666666671E-003  0.98292379496086135     
   1.0000000000000000E-002  0.75078021272512896     
   1.3333333333333334E-002  0.95052235386423667     
   1.6666666666666666E-002   1.3823582757191462     
   2.0000000000000000E-002   1.2539568386673936     
   2.3333333333333334E-002   1.0912506540258675     
   2.6666666666666668E-002  0.89768908617860332     
   3.0000000000000002E-002  0.86792856668777452     
   3.3333333333333333E-002  0.97428381731523361     
   3.6666666666666667E-002  0.65453264275154566     
   4.0000000000000001E-002  0.72570818677245930     
   4.3333333333333335E-002   1.2022026663182928     
   4.6666666666666669E-002   1.2616614885359372     
   5.0000000000000003E-002   1.2391956024602735     
   5.3333333333333337E-002   1.1213155572414184     
   5.6666666666666671E-002   1.0415373291328811     
   6.0000000000000005E-002   1.1712792533494045     
   6.3333333333333339E-002  0.80609188227383766     
   6.6666666666666666E-002  0.48789687740698434     
   7.0000000000000007E-002  0.78295451817293849     
   7.3333333333333334E-002  0.94336350459506857     
   7.6666666666666675E-002   1.0185302843237605     
   8.0000000000000002E-002   1.1074732451846796     
   8.3333333333333343E-002   1.1062171869084478     
   8.6666666666666670E-002   1.4358035717214332     
   9.0000000000000011E-002   1.4951997405886972     
   9.3333333333333338E-002   1.0050042138851440     
   9.6666666666666679E-002  0.88288266082550926     
  0.10000000000000001       0.92423930910731011     
  0.10333333333333335       0.75927295742214773     
  0.10666666666666667       0.68040535312041184     
  0.11000000000000000       0.48900300765959570     
  0.11333333333333334       0.53454129645774784     
  0.11666666666666667        1.0433896052726486     
  0.12000000000000001        1.1405435127895667     
  0.12333333333333334        1.0176401406395992     
  0.12666666666666668        1.3072158635908997     
  0.13000000000000000        1.5346509125958308     
  0.13333333333333333        1.6343835333669743     
  0.13666666666666669        1.6524774630698156     
  0.14000000000000001        1.2956494760238737     
  0.14333333333333334        1.1678864982341530     
  0.14666666666666667        1.3600382751474061     
  0.15000000000000002        1.0419375816232617     
  0.15333333333333335       0.55306014224966538     
  0.15666666666666668       0.38662583594120459     
  0.16000000000000000       0.19088311875047712     
  0.16333333333333333        8.9970888177033082E-002
  0.16666666666666669        6.4021619647885997E-005
  0.17000000000000001      -0.48463726708360333     
  0.17333333333333334      -0.71971676004237972     
  0.17666666666666667      -0.47124587939279972     
  0.18000000000000002      -0.54654560346719616     
  0.18333333333333335      -0.82808248797003370     
  0.18666666666666668      -0.89281711101006977     
  0.19000000000000000      -0.99776269570565146     
  0.19333333333333336      -0.93949240937718159     
  0.19666666666666668      -0.69653598620910562     
  0.20000000000000001      -0.91471602041564759     
  0.20333333333333334       -1.2341861244253260     
  0.20666666666666669       -1.0256057359940065     
  0.21000000000000002      -0.84463055673075471     
  0.21333333333333335      -0.93876301301870546     
  0.21666666666666667      -0.94513526374589718     
  0.22000000000000000       -1.0731162824327405     
  0.22333333333333336       -1.2125615926133781     
  0.22666666666666668      -0.91083861171103042     
  0.23000000000000001      -0.73066431467810977     
  0.23333333333333334       -1.0570079420584815     
  0.23666666666666669       -1.1854197994749316     
  0.24000000000000002       -1.0139433627525349     
  0.24333333333333335      -0.99019530861157323     
  0.24666666666666667      -0.90932424589135252     
  0.25000000000000000      -0.82888024906731517     
  0.25333333333333335       -1.1225071680964149     
  0.25666666666666671       -1.2643878501203520     
  0.26000000000000001      -0.91425673371412874     
  0.26333333333333336      -0.78174301320167350     
  0.26666666666666666       -1.0030060056875811     
  0.27000000000000002       -1.0505994548334365     
  0.27333333333333337       -1.0667077967428416     
  0.27666666666666667       -1.1549626280146512     
  0.28000000000000003      -0.92508689750522988     
  0.28333333333333333      -0.71869543363565358     
  0.28666666666666668       -1.0161117364339358     
  0.29000000000000004       -1.2566665925817813     
  0.29333333333333333       -1.0414509583130320     
  0.29666666666666669      -0.92591145241612494     
  0.30000000000000004      -0.94974421588017388     
  0.30333333333333334      -0.87257716624078130     
  0.30666666666666670      -0.94061409859999612     
  0.31000000000000000       -1.2789680771707093     
  0.31333333333333335       -1.1286125125021915     
  0.31666666666666671      -0.81913818781934811     
  0.32000000000000001      -0.78495857598654672     
  0.32333333333333336       -1.1058487329357281     
  0.32666666666666666      -0.97788946266975307     
  0.33000000000000002       -1.1578352517590931     
  0.33333333333333337       -1.0793262124547205     
  0.33666666666666667       -1.0254726559668079     
  0.34000000000000002      -0.58519937763226959     
  0.34333333333333338       -1.0853559905513663     
  0.34666666666666668       -1.1196679141451420     
  0.35000000000000003       -1.2118353600332348     
  0.35333333333333333      -0.86730377577508122     
  0.35666666666666669       -1.0853154606609918     
  0.36000000000000004      -0.81073741509735220     
  0.36333333333333334      -0.81603426701986237     
  0.36666666666666670       -1.1234490286182706     
  0.37000000000000005       -1.2629807599476652     
  0.37333333333333335       -1.1078741802258314     
  0.37666666666666671      -0.72119813517920561     
  0.38000000000000000       -1.0179264011121727     
  0.38333333333333336      -0.86925902517555498     
  0.38666666666666671      -0.97453302601641567     
  0.39000000000000001       -1.1162606872205190     
  0.39333333333333337       -1.2689271578778072     
  0.39666666666666667       -1.0508838843781734     
  0.40000000000000002      -0.63171420506778775     
  0.40333333333333338      -0.96392041246138094     
  0.40666666666666668      -0.98940859418825677     
  0.41000000000000003       -1.0637323241605516     
  0.41333333333333339       -1.0866885327634426     
  0.41666666666666669       -1.1837153252577943     
  0.42000000000000004       -1.1126786913050399     
  0.42333333333333334      -0.61259879269776507     
  0.42666666666666669      -0.85231356346288456     
  0.43000000000000005       -1.0678785422673771     
  0.43333333333333335       -1.1187036836019724     
  0.43666666666666670       -1.1091418614368724     
  0.44000000000000000       -1.0515621697222346     
  0.44333333333333336       -1.1943189846613353     
  0.44666666666666671      -0.75929868754178120     
  0.45000000000000001      -0.66197794072617844     
  0.45333333333333337       -1.0283987417469169     
  0.45666666666666672       -1.1286592045842392     
  0.46000000000000002       -1.1942144589868382     
  0.46333333333333337       -1.0142249902822251     
  0.46666666666666667       -1.1184955518524231     
  0.47000000000000003       -1.0764439414358045     
  0.47333333333333338      -0.61600612299312252     
  0.47666666666666668      -0.78229645516959523     
  0.48000000000000004       -1.0527623280111840     
  0.48333333333333334       -1.1794385587028486     
  0.48666666666666669       -1.1778945747216956     
  0.49000000000000005       -1.0006135457697622     
  0.49333333333333335       -1.2011949744241481     
  0.49666666666666670       -1.0159466472494385     
  0.50000000000000000      -0.59697123294545062     
  0.50333333333333341      -0.78428873778511754     
  0.50666666666666671      -0.98458749618888419     
  0.51000000000000001       -1.1556543032157081     
  0.51333333333333342       -1.1544377667075312     
  0.51666666666666672       -1.0381294889294117     
  0.52000000000000002       -1.3086992859474735     
  0.52333333333333332       -1.1279107327555531     
  0.52666666666666673      -0.66622553504724114     
  0.53000000000000003      -0.72679334773388482     
  0.53333333333333333      -0.83439169071306596     
  0.53666666666666674      -0.99212601718125337     
  0.54000000000000004       -1.0511400160885251     
  0.54333333333333333      -0.97633223343683451     
  0.54666666666666675       -1.3537793034809904     
  0.55000000000000004       -1.4233592968068491     
  0.55333333333333334      -0.97151669064460011     
  0.55666666666666675      -0.85740884926608274     
  0.56000000000000005      -0.82364635237649220     
  0.56333333333333335      -0.80557913060342212     
  0.56666666666666665      -0.82471668197323422     
  0.57000000000000006      -0.63326027226607928     
  0.57333333333333336      -0.91281729722866434     
  0.57666666666666666       -1.3953157095760735     
  0.58000000000000007       -1.2768953679433692     
  0.58333333333333337       -1.1876066952295052     
  0.58666666666666667       -1.2636731718028411     
  0.59000000000000008       -1.1947201321185865     
  0.59333333333333338       -1.1646234265843951     
  0.59666666666666668      -0.81126274866286741     
  0.60000000000000009      -0.44538986577183820     
  0.60333333333333339      -0.70175912820848108     
  0.60666666666666669      -0.80949285461933229     
  0.60999999999999999      -0.61294272951567241     
  0.61333333333333340      -0.74796947628449906     
  0.61666666666666670      -0.96451309301239507     
  0.62000000000000000       -1.2532126938909152     
  0.62333333333333341       -1.5655818436800319     
  0.62666666666666671       -1.3919302592801135     
  0.63000000000000000       -1.3234805429533265     
  0.63333333333333341       -1.6775057029673286     
  0.63666666666666671       -1.6160754595333708     
  0.64000000000000001       -1.2702445319089095     
  0.64333333333333342       -1.0815490103608665     
  0.64666666666666672      -0.82364040535667549     
  0.65000000000000002      -0.73819969362541304     
  0.65333333333333332      -0.68535394763507096     
  0.65666666666666673      -0.13904928583741155     
  0.66000000000000003       0.23191658356769765     
  0.66333333333333333        9.7736290738252476E-002
  0.66666666666666674       0.20966093086151705     
  0.67000000000000004       0.48905378340822159     
  0.67333333333333334       0.63189410291585968     
  0.67666666666666675       0.85755589536236687     
  0.68000000000000005       0.82719906807240895     
  0.68333333333333335       0.58203400081361534     
  0.68666666666666676       0.83336321183068118     
  0.69000000000000006        1.1605095318132428     
  0.69333333333333336       0.98230786406313264     
  0.69666666666666666       0.85450222389711339     
  0.70000000000000007       0.91486114876549685     
  0.70333333333333337       0.90047474352434942     
  0.70666666666666667        1.0892464047639603     
  0.71000000000000008        1.2100696197146554     
  0.71333333333333337       0.86645218691311487     
  0.71666666666666667       0.75403576439179576     
  0.72000000000000008        1.0905905614995661     
  0.72333333333333338        1.1510427279625024     
  0.72666666666666668        1.0076861983269456     
  0.73000000000000009       0.99966583050298075     
  0.73333333333333339       0.87120728540649617     
  0.73666666666666669       0.85858729590633109     
  0.74000000000000010        1.1966162519901375     
  0.74333333333333340        1.2076397035370279     
  0.74666666666666670       0.83366466033686337     
  0.75000000000000000       0.82888024906731306     
  0.75333333333333341        1.0468475825419254     
  0.75666666666666671        1.0469434551948988     
  0.76000000000000001        1.0969296229517289     
  0.76333333333333342        1.1085755167702775     
  0.76666666666666672       0.81720534903559328     
  0.77000000000000002       0.78159793900856600     
  0.77333333333333343        1.1635553833587566     
  0.77666666666666673        1.2164814926655303     
  0.78000000000000003       0.94256117657204841     
  0.78333333333333344       0.90979493298975711     
  0.78666666666666674       0.94380091032834446     
  0.79000000000000004       0.89122752959788287     
  0.79333333333333333        1.1050916270829869     
  0.79666666666666675        1.2596228333171027     
  0.80000000000000004       0.94988934423002480     
  0.80333333333333334       0.71461092855277819     
  0.80666666666666675       0.98342955328594606     
  0.81000000000000005        1.1162212410631187     
  0.81333333333333335        1.0691586133228048     
  0.81666666666666676        1.0651866749757706     
  0.82000000000000006        1.0656120405917591     
  0.82333333333333336       0.71953871696616056     
  0.82666666666666677       0.89006680554323181     
  0.83000000000000007        1.1534187354344752     
  0.83333333333333337        1.2890511649358849     
  0.83666666666666667       0.83776547705152449     
  0.84000000000000008        1.0079990799504461     
  0.84333333333333338       0.83777944044757124     
  0.84666666666666668       0.98737410875973308     
  0.85000000000000009       0.90809747203538960     
  0.85333333333333339        1.4037016455658138     
  0.85666666666666669       0.99897797278770140     
  0.86000000000000010       0.83614235921231739     
  0.86333333333333340       0.77963226348342052     
  0.86666666666666670        1.0803268590179185     
  0.87000000000000011        1.0518103903051579     
  0.87333333333333341        1.0231597845366189     
  0.87666666666666671        1.2691398382196368     
  0.88000000000000000       0.90525722001082309     
  0.88333333333333341       0.79038251291530459     
  0.88666666666666671       0.76110484618966456     
  0.89000000000000001        1.2402004090765952     
  0.89333333333333342        1.1398396563788857     
  0.89666666666666672       0.99337005516451016     
  0.90000000000000002        1.1105636484032584     
  0.90333333333333343       0.89230050029873598     
  0.90666666666666673       0.82978938148900538     
  0.91000000000000003       0.76325271569044184     
  0.91333333333333344        1.2588189326820356     
  0.91666666666666674        1.2651048335788477     
  0.92000000000000004       0.94325656854635098     
  0.92333333333333334       0.98938421795007814     
  0.92666666666666675       0.88285977082929323     
  0.93000000000000005       0.91818429636051713     
  0.93333333333333335       0.78188387903572254     
  0.93666666666666676        1.1086291097664538     
  0.94000000000000006        1.3991950706951488     
  0.94333333333333336        1.0101905047945356     
  0.94666666666666677       0.90909755413860094     
  0.95000000000000007       0.84614163507275408     
  0.95333333333333337       0.93628092680186414     
  0.95666666666666678       0.90278877170278116     
  0.96000000000000008       0.86878262967077013     
  0.96333333333333337        1.3518183647119317     
  0.96666666666666667        1.2583876784545884     
  0.97000000000000008       0.93530872248191865     
  0.97333333333333338       0.84746967412448126     
  0.97666666666666668       0.81895653389928280     
  0.98000000000000009       0.99801988073110826     
  0.98333333333333339       0.83520977191310874     
  0.98666666666666669       0.97397916187840117     
  0.99000000000000010        1.4054876362603372     
  0.99333333333333340        1.1995312731961205     
  0.99666666666666670       0.96767036121100769     
