   0.0000000000000000       0.55648454849990803     
   3.3333333333333335E-003  0.96295897885181536     
   6.6666666666666671E-003   1.2440448330195217     
   1.0000000000000000E-002   1.4445976673094993     
   1.3333333333333334E-002   1.4123772559248089     
   1.6666666666666666E-002   1.3757816755175649     
   2.0000000000000000E-002   1.7511290429914150     
   2.3333333333333334E-002   1.4683937824915514     
   2.6666666666666668E-002   1.2403693563450038     
   3.0000000000000002E-002  0.96463932167502942     
   3.3333333333333333E-002  0.89161762789740617     
   3.6666666666666667E-002  0.80536383955201496     
   4.0000000000000001E-002  0.17045489586290580     
   4.3333333333333335E-002   3.2117383398752281E-002
   4.6666666666666669E-002  -8.1442569141795040E-002
   5.0000000000000003E-002 -0.18530259638753990     
   5.3333333333333337E-002 -0.40999659432541496     
   5.6666666666666671E-002 -0.84082285569796822     
   6.0000000000000005E-002 -0.63207466107607513     
   6.3333333333333339E-002 -0.63850497139659412     
   6.6666666666666666E-002 -0.84529331871088731     
   7.0000000000000007E-002 -0.94971820683588037     
   7.3333333333333334E-002  -1.0870308846224328     
   7.6666666666666675E-002 -0.76971292469433461     
   8.0000000000000002E-002 -0.83835701726649225     
   8.3333333333333343E-002  -1.1426149331707227     
   8.6666666666666670E-002  -1.0332055403741500     
   9.0000000000000011E-002  -1.0035571133260517     
   9.3333333333333338E-002 -0.83053360258678688     
   9.6666666666666679E-002 -0.93578017328295604     
  0.10000000000000001       -1.2487461362771388     
  0.10333333333333335      -0.98291515134074292     
  0.10666666666666667      -0.86990781199143341     
  0.11000000000000000      -0.94974108054308204     
  0.11333333333333334       -1.0028378613326963     
  0.11666666666666667       -1.2174159595230891     
  0.12000000000000001      -0.96347073355505919     
  0.12333333333333334      -0.76795678793884592     
  0.12666666666666668       -1.0574953622983014     
  0.13000000000000000       -1.0906959654197228     
  0.13333333333333333       -1.0850166787265523     
  0.13666666666666669      -0.98495327412815370     
  0.14000000000000001      -0.75845712015222111     
  0.14333333333333334       -1.0534973919409469     
  0.14666666666666667       -1.2155063016485639     
  0.15000000000000002      -0.96687169196783651     
  0.15333333333333335      -0.93690541740681188     
  0.15666666666666668      -0.87764281655030796     
  0.16000000000000000      -0.97345265254995927     
  0.16333333333333333       -1.2572242509107117     
  0.16666666666666669       -1.0151082284889328     
  0.17000000000000001      -0.79303979534665836     
  0.17333333333333334      -0.97271759780274192     
  0.17666666666666667       -1.0152993057427009     
  0.18000000000000002       -1.1280065540540656     
  0.18333333333333335       -1.1383311702364542     
  0.18666666666666668      -0.78675664099885123     
  0.19000000000000000      -0.84563613387782532     
  0.19333333333333336       -1.1465495044834468     
  0.19666666666666668       -1.0873160569384619     
  0.20000000000000001       -1.0605632466679609     
  0.20333333333333334      -0.96631618894062354     
  0.20666666666666669      -0.75497147545587928     
  0.21000000000000002       -1.0131794225090578     
  0.21333333333333335       -1.2509841961692680     
  0.21666666666666667       -1.0199487829090890     
  0.22000000000000000      -0.92847566681319127     
  0.22333333333333336      -0.91630773745557659     
  0.22666666666666668      -0.84668764508766792     
  0.23000000000000001       -1.1255992187846842     
  0.23333333333333334       -1.2558446421761631     
  0.23666666666666669      -0.91875458521190490     
  0.24000000000000002      -0.83456460405094191     
  0.24333333333333335      -0.96041889658663371     
  0.24666666666666667      -0.95218043379803974     
  0.25000000000000000       -1.1420875808205802     
  0.25333333333333335       -1.2252809698271432     
  0.25666666666666671      -0.86806945547076819     
  0.26000000000000001      -0.77091769319350734     
  0.26333333333333336       -1.0140421678797786     
  0.26666666666666666       -1.0447262006831091     
  0.27000000000000002       -1.1009392728752911     
  0.27333333333333337       -1.1920000991060165     
  0.27666666666666667      -0.89669417649934080     
  0.28000000000000003      -0.71633745951991434     
  0.28333333333333333       -1.0040880568093671     
  0.28666666666666668       -1.1349525927106947     
  0.29000000000000004       -1.0670192166269468     
  0.29333333333333333       -1.1397230376624172     
  0.29666666666666669      -0.99158604341501266     
  0.30000000000000004      -0.70631648380651479     
  0.30333333333333334      -0.88774400180883606     
  0.30666666666666670       -1.1827176934063499     
  0.31000000000000000       -1.1106203324632731     
  0.31333333333333335       -1.0681643246941706     
  0.31666666666666671       -1.0813404254519055     
  0.32000000000000001      -0.81484974674940802     
  0.32333333333333336      -0.72546542297914285     
  0.32666666666666666       -1.0688141918855489     
  0.33000000000000002       -1.2121676803100423     
  0.33333333333333337       -1.0678253173080663     
  0.33666666666666667       -1.0812787546697937     
  0.34000000000000002       -1.0165992187711341     
  0.34333333333333338      -0.72942023494511610     
  0.34666666666666668      -0.78351955509689275     
  0.35000000000000003       -1.1417752587925079     
  0.35333333333333333       -1.1865136668307905     
  0.35666666666666669       -1.0653741686561433     
  0.36000000000000004       -1.1212491982259167     
  0.36333333333333334       -1.0029621051855924     
  0.36666666666666670      -0.69694922045416641     
  0.37000000000000005      -0.77722156914394558     
  0.37333333333333335       -1.1120876675125322     
  0.37666666666666671       -1.1473571608043165     
  0.38000000000000000       -1.0858695102240128     
  0.38333333333333336       -1.1986396037167257     
  0.38666666666666671       -1.0880254824881281     
  0.39000000000000001      -0.73012272725923832     
  0.39333333333333337      -0.70911750716845212     
  0.39666666666666667      -0.98629873910697685     
  0.40000000000000002       -1.0471946740073148     
  0.40333333333333338       -1.0424956067492608     
  0.40666666666666668       -1.2543204764841911     
  0.41000000000000003       -1.2928831091167348     
  0.41333333333333339      -0.93506400471553552     
  0.41666666666666669      -0.73538344136189349     
  0.42000000000000004      -0.84739062478196847     
  0.42333333333333334      -0.88518578386563118     
  0.42666666666666669      -0.79347845776306614     
  0.43000000000000005       -1.0714879593967188     
  0.43333333333333335       -1.3412461970063045     
  0.43666666666666670       -1.3152766429082008     
  0.44000000000000000      -0.98789627269624458     
  0.44333333333333336       -1.0836328926256078     
  0.44666666666666671      -0.91067333329572331     
  0.45000000000000001      -0.77904903402834025     
  0.45333333333333337      -0.48319121030013334     
  0.45666666666666672      -0.98739062028861990     
  0.46000000000000002      -0.97769937714345567     
  0.46333333333333337       -1.2017622710089535     
  0.46666666666666667       -1.0440844144923755     
  0.47000000000000003       -1.5377461123891736     
  0.47333333333333338       -1.2845427183492280     
  0.47666666666666668       -1.0890280747910057     
  0.48000000000000004      -0.82320226977725697     
  0.48333333333333334      -0.87043696807537474     
  0.48666666666666669      -0.78739341232629534     
  0.49000000000000005      -0.39943529359515773     
  0.49333333333333335      -0.66603000125504619     
  0.49666666666666670      -0.80299555683790647     
  0.50000000000000000       -1.1336766580343662     
  0.50333333333333341      -0.99712246356651446     
  0.50666666666666671       -1.2685928991191699     
  0.51000000000000001       -1.6554874576676775     
  0.51333333333333342       -1.5626469529045657     
  0.51666666666666672       -1.5166140224345133     
  0.52000000000000002       -1.2655574773486256     
  0.52333333333333332       -1.4605936189404474     
  0.52666666666666673       -1.1876721768424272     
  0.53000000000000003      -0.69256094615283037     
  0.53333333333333333      -0.55933180340683231     
  0.53666666666666674      -0.34016588668911840     
  0.54000000000000004      -0.30186354297005080     
  0.54333333333333333       0.21243916320627038     
  0.54666666666666675       0.47662122335273971     
  0.55000000000000004       0.32783634396402012     
  0.55333333333333334       0.53373035607400243     
  0.55666666666666675       0.65538371733037071     
  0.56000000000000005       0.95122240861794050     
  0.56333333333333335       0.88938939795041116     
  0.56666666666666665       0.64624769326239151     
  0.57000000000000006       0.97028773367869436     
  0.57333333333333336        1.0445739796332174     
  0.57666666666666666        1.0274451935375795     
  0.58000000000000007       0.91905791676432569     
  0.58333333333333337       0.77993740543346424     
  0.58666666666666667        1.1521552937721666     
  0.59000000000000008        1.1300604399973393     
  0.59333333333333338       0.88303752475331510     
  0.59666666666666668       0.93137790093547312     
  0.60000000000000009       0.92655016123265421     
  0.60333333333333339        1.1674696226533825     
  0.60666666666666669        1.1154213419565717     
  0.60999999999999999       0.76792406909301514     
  0.61333333333333340       0.95993420303294419     
  0.61666666666666670        1.0948464048045354     
  0.62000000000000000        1.0798152457674757     
  0.62333333333333341        1.0588616198627256     
  0.62666666666666671       0.77952807414088421     
  0.63000000000000000       0.94395914567302464     
  0.63333333333333341        1.2309672364845408     
  0.63666666666666671        1.0155997952849407     
  0.64000000000000001       0.93214427172950087     
  0.64333333333333342       0.89847444702818202     
  0.64666666666666672       0.92724558884792407     
  0.65000000000000002        1.2329645073563502     
  0.65333333333333332        1.0743354460309911     
  0.65666666666666673       0.78453988298948907     
  0.66000000000000003       0.95618380976683170     
  0.66333333333333333        1.0333469271496414     
  0.66666666666666674        1.1040299233105375     
  0.67000000000000004        1.1377608388590725     
  0.67333333333333334       0.80417191030372559     
  0.67666666666666675       0.83399552959007028     
  0.68000000000000005        1.1653684154556945     
  0.68333333333333335        1.0972149872565766     
  0.68666666666666676        1.0197997063205597     
  0.69000000000000006       0.95183239615416304     
  0.69333333333333336       0.78294056913784937     
  0.69666666666666666        1.0467832887781072     
  0.70000000000000007        1.2601646617449525     
  0.70333333333333337       0.97633364374246823     
  0.70666666666666667       0.87932739808340388     
  0.71000000000000008       0.93265923725296329     
  0.71333333333333337       0.91716514671653493     
  0.71666666666666667        1.1681729621852928     
  0.72000000000000008        1.2021819173167696     
  0.72333333333333338       0.83010705313680733     
  0.72666666666666668       0.82777010370143100     
  0.73000000000000009        1.0338422666126443     
  0.73333333333333339        1.0349414216927215     
  0.73666666666666669        1.1514248440550228     
  0.74000000000000010        1.1097248593810358     
  0.74333333333333340       0.76334264288493570     
  0.74666666666666670       0.83105078702213786     
  0.75000000000000000        1.1420875808205804     
  0.75333333333333341        1.1041513230512428     
  0.75666666666666671        1.0651457091724661     
  0.76000000000000001        1.0460779485236007     
  0.76333333333333342       0.78137190903666209     
  0.76666666666666672       0.82382298019966493     
  0.77000000000000002        1.1926962250473292     
  0.77333333333333343        1.1730825577197788     
  0.77666666666666673       0.98289486081811095     
  0.78000000000000003       0.99004371002349434     
  0.78333333333333344       0.85586387753316417     
  0.78666666666666674       0.80113354325795960     
  0.79000000000000004        1.1475394018830409     
  0.79333333333333333        1.2640789602899418     
  0.79666666666666675       0.98156858861316687     
  0.80000000000000004       0.90591789888350338     
  0.80333333333333334       0.92827676996919040     
  0.80666666666666675       0.81910875806075312     
  0.81000000000000005        1.0044240701869369     
  0.81333333333333335        1.3012073900158787     
  0.81666666666666676        1.1224566084317860     
  0.82000000000000006       0.85221160815103536     
  0.82333333333333336       0.90676919913177378     
  0.82666666666666677       0.90026850438653361     
  0.83000000000000007       0.86744663679762679     
  0.83333333333333337        1.1567470121296710     
  0.83666666666666667        1.3051560784308629     
  0.84000000000000008       0.99933037598800500     
  0.84333333333333338       0.82252316850593599     
  0.84666666666666668       0.92094958372107316     
  0.85000000000000009       0.87568244340399148     
  0.85333333333333339       0.89825295403015248     
  0.85666666666666669        1.2203971135689080     
  0.86000000000000010        1.2949363498031929     
  0.86333333333333340       0.97231558402880380     
  0.86666666666666670       0.84289977821215567     
  0.87000000000000011       0.92395838889064585     
  0.87333333333333341       0.83412037935511263     
  0.87666666666666671       0.85645232888043532     
  0.88000000000000000        1.2022140224364244     
  0.88333333333333341        1.3212091584352785     
  0.88666666666666671        1.0451218241883711     
  0.89000000000000001       0.91193973870930800     
  0.89333333333333342       0.95463103713358766     
  0.89666666666666672       0.80174426779433883     
  0.90000000000000002       0.72499869896282931     
  0.90333333333333343        1.0468978790967476     
  0.90666666666666673        1.3068243986507149     
  0.91000000000000003        1.1663797824454445     
  0.91333333333333344        1.0540137581135534     
  0.91666666666666674        1.0980609690991525     
  0.92000000000000004       0.92809152427980091     
  0.92333333333333334       0.62745351502239077     
  0.92666666666666675       0.75102155277385274     
  0.93000000000000005        1.0509184325539058     
  0.93333333333333335        1.1422005715578065     
  0.93666666666666676        1.0643922163543817     
  0.94000000000000006        1.3070440202381073     
  0.94333333333333336        1.2690720309932040     
  0.94666666666666677        1.0344070950443098     
  0.95000000000000007       0.63651528645186040     
  0.95333333333333337       0.87836986451107513     
  0.95666666666666678       0.74283407368359577     
  0.96000000000000008       0.84629073003630850     
  0.96333333333333337       0.73656431814605461     
  0.96666666666666667        1.3763702389829466     
  0.97000000000000008        1.2656677368669760     
  0.97333333333333338        1.3372398978518045     
  0.97666666666666668        1.0812279112398995     
  0.98000000000000009        1.3087738354200464     
  0.98333333333333339        1.0112693149923229     
  0.98666666666666669       0.63712371534654233     
  0.99000000000000010       0.61032508395333684     
  0.99333333333333340       0.64148193515539620     
  0.99666666666666670       0.83715904155260679     
