   0.0000000000000000       -1.1849647627905886     
   3.3333333333333335E-003  -1.1444548236007039     
   6.6666666666666671E-003 -0.82314595105477961     
   1.0000000000000000E-002 -0.82045866376090659     
   1.3333333333333334E-002  -1.1406650091776682     
   1.6666666666666666E-002  -1.2293495307549018     
   2.0000000000000000E-002 -0.93982943233715943     
   2.3333333333333334E-002 -0.73474794065381976     
   2.6666666666666668E-002 -0.92669468522943688     
   3.0000000000000002E-002  -1.2341558386374927     
   3.3333333333333333E-002  -1.2292616860328478     
   3.6666666666666667E-002 -0.92001728363513835     
   4.0000000000000001E-002 -0.69564508652593171     
   4.3333333333333335E-002 -0.82159757742753836     
   4.6666666666666669E-002  -1.1553344381950610     
   5.0000000000000003E-002  -1.3460690186086399     
   5.3333333333333337E-002  -1.2079209929771810     
   5.6666666666666671E-002 -0.86820884858869862     
   6.0000000000000005E-002 -0.61311698723492025     
   6.3333333333333339E-002 -0.63855626884492100     
   6.6666666666666666E-002 -0.92566575732403744     
   7.0000000000000007E-002  -1.2933084572337992     
   7.3333333333333334E-002  -1.5366617223480887     
   7.6666666666666675E-002  -1.5379073535407630     
   8.0000000000000002E-002  -1.2964396781688801     
   8.3333333333333343E-002 -0.89354397895543980     
   8.6666666666666670E-002 -0.43514873876176163     
   9.0000000000000011E-002  -7.7445511143920814E-003
   9.3333333333333338E-002  0.33995262724347119     
   9.6666666666666679E-002  0.59444833333738634     
  0.10000000000000001       0.76511915913641793     
  0.10333333333333335       0.87125089441222447     
  0.10666666666666667       0.93297398872378456     
  0.11000000000000000       0.96676130816304140     
  0.11333333333333334       0.98425745429563993     
  0.11666666666666667       0.99286282854661334     
  0.12000000000000001       0.99689635936312493     
  0.12333333333333334       0.99870315488181838     
  0.12666666666666668       0.99947847907619169     
  0.13000000000000000       0.99979786183472941     
  0.13333333333333333       0.99992438913862236     
  0.13666666666666669       0.99997267286731684     
  0.14000000000000001       0.99999044682410987     
  0.14333333333333334       0.99999676647829772     
  0.14666666666666667       0.99999893934564221     
  0.15000000000000002       0.99999966255177430     
  0.15333333333333335       0.99999989578906412     
  0.15666666666666668       0.99999996873880725     
  0.16000000000000000       0.99999999088461300     
  0.16333333333333333       0.99999999741480461     
  0.16666666666666669       0.99999999928646766     
  0.17000000000000001       0.99999999980823351     
  0.17333333333333334       0.99999999994978983     
  0.17666666666666667       0.99999999998718636     
  0.18000000000000002       0.99999999999681144     
  0.18333333333333335       0.99999999999922606     
  0.18666666666666668       0.99999999999981659     
  0.19000000000000000       0.99999999999995770     
  0.19333333333333336       0.99999999999999056     
  0.19666666666666668       0.99999999999999811     
  0.20000000000000001       0.99999999999999967     
  0.20333333333333334        1.0000000000000000     
  0.20666666666666669        1.0000000000000000     
  0.21000000000000002        1.0000000000000000     
  0.21333333333333335        1.0000000000000000     
  0.21666666666666667        1.0000000000000000     
  0.22000000000000000        1.0000000000000000     
  0.22333333333333336        1.0000000000000000     
  0.22666666666666668        1.0000000000000000     
  0.23000000000000001        1.0000000000000000     
  0.23333333333333334        1.0000000000000000     
  0.23666666666666669        1.0000000000000000     
  0.24000000000000002        1.0000000000000000     
  0.24333333333333335        1.0000000000000000     
  0.24666666666666667        1.0000000000000000     
  0.25000000000000000        1.0000000000000000     
  0.25333333333333335        1.0000000000000000     
  0.25666666666666671        1.0000000000000000     
  0.26000000000000001        1.0000000000000000     
  0.26333333333333336        1.0000000000000000     
  0.26666666666666666        1.0000000000000000     
  0.27000000000000002        1.0000000000000000     
  0.27333333333333337        1.0000000000000000     
  0.27666666666666667        1.0000000000000000     
  0.28000000000000003        1.0000000000000000     
  0.28333333333333333        1.0000000000000000     
  0.28666666666666668        1.0000000000000000     
  0.29000000000000004        1.0000000000000000     
  0.29333333333333333        1.0000000000000000     
  0.29666666666666669        1.0000000000000000     
  0.30000000000000004        1.0000000000000002     
  0.30333333333333334       0.99999999999999878     
  0.30666666666666670        1.0000000000000060     
  0.31000000000000000       0.99999999999997369     
  0.31333333333333335        1.0000000000001139     
  0.31666666666666671       0.99999999999952349     
  0.32000000000000001        1.0000000000019378     
  0.32333333333333336       0.99999999999231326     
  0.32666666666666666        1.0000000000297091     
  0.33000000000000002       0.99999999988815325     
  0.33333333333333337        1.0000000004099188     
  0.33666666666666667       0.99999999853825616     
  0.34000000000000002        1.0000000050684481     
  0.34333333333333338       0.99999998292264225     
  0.34666666666666668        1.0000000558723843     
  0.35000000000000003       0.99999982263509546     
  0.35333333333333333        1.0000005458412269     
  0.35666666666666669       0.99999837297388305     
  0.36000000000000004        1.0000046926280703     
  0.36333333333333334       0.99998691867127720     
  0.36666666666666670        1.0000352023999710     
  0.37000000000000005       0.99990867509607817     
  0.37333333333333335        1.0002280578546148     
  0.37666666666666671       0.99945273366024157     
  0.38000000000000000        1.0012595291789352     
  0.38333333333333336       0.99722599836242332     
  0.38666666666666671        1.0058313726133972     
  0.39000000000000001       0.98833522648079941     
  0.39333333333333337        1.0221225459200565     
  0.39666666666666667       0.96039945160849638     
  0.40000000000000002        1.0665311868843037     
  0.40333333333333338       0.89586036108527267     
  0.40666666666666668        1.1503560671791868     
  0.41000000000000003       0.80265888882132408     
  0.41333333333333339        1.2300630764686944     
  0.41666666666666669       0.77166783627501556     
  0.42000000000000004        1.1745635354884554     
  0.42333333333333334       0.93309586011657142     
  0.42666666666666669       0.93185022892389802     
  0.43000000000000005        1.1752034940381877     
  0.43333333333333335       0.80756079412842674     
  0.43666666666666670        1.0946702826075421     
  0.44000000000000000        1.0692310009975414     
  0.44333333333333336       0.81413913964376339     
  0.44666666666666671        1.1538512840322461     
  0.45000000000000001        1.0157032584007870     
  0.45333333333333337       0.82496867798720785     
  0.45666666666666672        1.1587055387547289     
  0.46000000000000002        1.0327530478531219     
  0.46333333333333337       0.80838085074391730     
  0.46666666666666667        1.1176252531416264     
  0.47000000000000003        1.1127311005369820     
  0.47333333333333338       0.80526994712892519     
  0.47666666666666668       0.99721669170454152     
  0.48000000000000004        1.2022981833878821     
  0.48333333333333334       0.91277808497013846     
  0.48666666666666669       0.82409356339290540     
  0.49000000000000005        1.1442999088096686     
  0.49333333333333335        1.1469871961035414     
  0.49666666666666670       0.82567832355761595     
  0.50000000000000000       0.86618826274750049     
  0.50333333333333341        1.1849647627905886     
  0.50666666666666671        1.1444548236007039     
  0.51000000000000001       0.82314595105477961     
  0.51333333333333342       0.82045866376090659     
  0.51666666666666672        1.1406650091776682     
  0.52000000000000002        1.2293495307549018     
  0.52333333333333332       0.93982943233715943     
  0.52666666666666673       0.73474794065381976     
  0.53000000000000003       0.92669468522943688     
  0.53333333333333333        1.2341558386374927     
  0.53666666666666674        1.2292616860328478     
  0.54000000000000004       0.92001728363513835     
  0.54333333333333333       0.69564508652593171     
  0.54666666666666675       0.82159757742753836     
  0.55000000000000004        1.1553344381950610     
  0.55333333333333334        1.3460690186086399     
  0.55666666666666675        1.2079209929771810     
  0.56000000000000005       0.86820884858869862     
  0.56333333333333335       0.61311698723492025     
  0.56666666666666665       0.63855626884492100     
  0.57000000000000006       0.92566575732403744     
  0.57333333333333336        1.2933084572337992     
  0.57666666666666666        1.5366617223480887     
  0.58000000000000007        1.5379073535407630     
  0.58333333333333337        1.2964396781688801     
  0.58666666666666667       0.89354397895543980     
  0.59000000000000008       0.43514873876176163     
  0.59333333333333338        7.7445511143920814E-003
  0.59666666666666668      -0.33995262724347119     
  0.60000000000000009      -0.59444833333738634     
  0.60333333333333339      -0.76511915913641793     
  0.60666666666666669      -0.87125089441222447     
  0.60999999999999999      -0.93297398872378456     
  0.61333333333333340      -0.96676130816304140     
  0.61666666666666670      -0.98425745429563993     
  0.62000000000000000      -0.99286282854661334     
  0.62333333333333341      -0.99689635936312493     
  0.62666666666666671      -0.99870315488181838     
  0.63000000000000000      -0.99947847907619169     
  0.63333333333333341      -0.99979786183472941     
  0.63666666666666671      -0.99992438913862236     
  0.64000000000000001      -0.99997267286731684     
  0.64333333333333342      -0.99999044682410987     
  0.64666666666666672      -0.99999676647829772     
  0.65000000000000002      -0.99999893934564221     
  0.65333333333333332      -0.99999966255177430     
  0.65666666666666673      -0.99999989578906412     
  0.66000000000000003      -0.99999996873880725     
  0.66333333333333333      -0.99999999088461300     
  0.66666666666666674      -0.99999999741480461     
  0.67000000000000004      -0.99999999928646766     
  0.67333333333333334      -0.99999999980823351     
  0.67666666666666675      -0.99999999994978983     
  0.68000000000000005      -0.99999999998718636     
  0.68333333333333335      -0.99999999999681144     
  0.68666666666666676      -0.99999999999922606     
  0.69000000000000006      -0.99999999999981659     
  0.69333333333333336      -0.99999999999995770     
  0.69666666666666666      -0.99999999999999056     
  0.70000000000000007      -0.99999999999999811     
  0.70333333333333337      -0.99999999999999967     
  0.70666666666666667       -1.0000000000000000     
  0.71000000000000008       -1.0000000000000000     
  0.71333333333333337       -1.0000000000000000     
  0.71666666666666667       -1.0000000000000000     
  0.72000000000000008       -1.0000000000000000     
  0.72333333333333338       -1.0000000000000000     
  0.72666666666666668       -1.0000000000000000     
  0.73000000000000009       -1.0000000000000000     
  0.73333333333333339       -1.0000000000000000     
  0.73666666666666669       -1.0000000000000000     
  0.74000000000000010       -1.0000000000000000     
  0.74333333333333340       -1.0000000000000000     
  0.74666666666666670       -1.0000000000000000     
  0.75000000000000000       -1.0000000000000000     
  0.75333333333333341       -1.0000000000000000     
  0.75666666666666671       -1.0000000000000000     
  0.76000000000000001       -1.0000000000000000     
  0.76333333333333342       -1.0000000000000000     
  0.76666666666666672       -1.0000000000000000     
  0.77000000000000002       -1.0000000000000000     
  0.77333333333333343       -1.0000000000000000     
  0.77666666666666673       -1.0000000000000000     
  0.78000000000000003       -1.0000000000000000     
  0.78333333333333344       -1.0000000000000000     
  0.78666666666666674       -1.0000000000000000     
  0.79000000000000004       -1.0000000000000000     
  0.79333333333333333       -1.0000000000000000     
  0.79666666666666675       -1.0000000000000002     
  0.80000000000000004      -0.99999999999999878     
  0.80333333333333334       -1.0000000000000060     
  0.80666666666666675      -0.99999999999997369     
  0.81000000000000005       -1.0000000000001139     
  0.81333333333333335      -0.99999999999952349     
  0.81666666666666676       -1.0000000000019378     
  0.82000000000000006      -0.99999999999231326     
  0.82333333333333336       -1.0000000000297091     
  0.82666666666666677      -0.99999999988815325     
  0.83000000000000007       -1.0000000004099188     
  0.83333333333333337      -0.99999999853825616     
  0.83666666666666667       -1.0000000050684481     
  0.84000000000000008      -0.99999998292264225     
  0.84333333333333338       -1.0000000558723843     
  0.84666666666666668      -0.99999982263509546     
  0.85000000000000009       -1.0000005458412269     
  0.85333333333333339      -0.99999837297388305     
  0.85666666666666669       -1.0000046926280703     
  0.86000000000000010      -0.99998691867127720     
  0.86333333333333340       -1.0000352023999710     
  0.86666666666666670      -0.99990867509607817     
  0.87000000000000011       -1.0002280578546148     
  0.87333333333333341      -0.99945273366024157     
  0.87666666666666671       -1.0012595291789352     
  0.88000000000000000      -0.99722599836242332     
  0.88333333333333341       -1.0058313726133972     
  0.88666666666666671      -0.98833522648079941     
  0.89000000000000001       -1.0221225459200565     
  0.89333333333333342      -0.96039945160849638     
  0.89666666666666672       -1.0665311868843037     
  0.90000000000000002      -0.89586036108527267     
  0.90333333333333343       -1.1503560671791868     
  0.90666666666666673      -0.80265888882132408     
  0.91000000000000003       -1.2300630764686944     
  0.91333333333333344      -0.77166783627501556     
  0.91666666666666674       -1.1745635354884554     
  0.92000000000000004      -0.93309586011657142     
  0.92333333333333334      -0.93185022892389802     
  0.92666666666666675       -1.1752034940381877     
  0.93000000000000005      -0.80756079412842674     
  0.93333333333333335       -1.0946702826075421     
  0.93666666666666676       -1.0692310009975414     
  0.94000000000000006      -0.81413913964376339     
  0.94333333333333336       -1.1538512840322461     
  0.94666666666666677       -1.0157032584007870     
  0.95000000000000007      -0.82496867798720785     
  0.95333333333333337       -1.1587055387547289     
  0.95666666666666678       -1.0327530478531219     
  0.96000000000000008      -0.80838085074391730     
  0.96333333333333337       -1.1176252531416264     
  0.96666666666666667       -1.1127311005369820     
  0.97000000000000008      -0.80526994712892519     
  0.97333333333333338      -0.99721669170454152     
  0.97666666666666668       -1.2022981833878821     
  0.98000000000000009      -0.91277808497013846     
  0.98333333333333339      -0.82409356339290540     
  0.98666666666666669       -1.1442999088096686     
  0.99000000000000010       -1.1469871961035414     
  0.99333333333333340      -0.82567832355761595     
  0.99666666666666670      -0.86618826274750049     
