   0.0000000000000000      -0.71334016231994579     
   3.3333333333333335E-003 -0.81772656121976051     
   6.6666666666666671E-003  -1.2705082374407950     
   1.0000000000000000E-002  -1.3004299063214801     
   1.3333333333333334E-002 -0.86150541124180646     
   1.6666666666666666E-002 -0.57067641822885917     
   2.0000000000000000E-002 -0.79254571618180369     
   2.3333333333333334E-002  -1.2822920534875815     
   2.6666666666666668E-002  -1.5746806969055591     
   3.0000000000000002E-002  -1.4362390528246616     
   3.3333333333333333E-002 -0.95289514009249687     
   3.6666666666666667E-002 -0.35326965812766742     
   4.0000000000000001E-002  0.17440472479433849     
   4.3333333333333335E-002  0.54999898426819982     
   4.6666666666666669E-002  0.77829465246596696     
   5.0000000000000003E-002  0.90034859466351702     
   5.3333333333333337E-002  0.95882891644755719     
   5.6666666666666671E-002  0.98426828004659150     
   6.0000000000000005E-002  0.99441194513959930     
   6.3333333333333339E-002  0.99814680274782752     
   6.6666666666666666E-002  0.99942408567128072     
   7.0000000000000007E-002  0.99983175403293845     
   7.3333333333333334E-002  0.99995366868658142     
   7.6666666666666675E-002  0.99998794439480421     
   8.0000000000000002E-002  0.99999702968688242     
   8.3333333333333343E-002  0.99999930574189588     
   8.6666666666666670E-002  0.99999984580878665     
   9.0000000000000011E-002  0.99999996741236552     
   9.3333333333333338E-002  0.99999999343755808     
   9.6666666666666679E-002  0.99999999873933110     
  0.10000000000000001       0.99999999976873577     
  0.10333333333333335       0.99999999995945033     
  0.10666666666666667       0.99999999999319866     
  0.11000000000000000       0.99999999999890787     
  0.11333333333333334       0.99999999999983202     
  0.11666666666666667       0.99999999999997535     
  0.12000000000000001       0.99999999999999645     
  0.12333333333333334       0.99999999999999956     
  0.12666666666666668        1.0000000000000000     
  0.13000000000000000        1.0000000000000000     
  0.13333333333333333        1.0000000000000000     
  0.13666666666666669        1.0000000000000000     
  0.14000000000000001        1.0000000000000000     
  0.14333333333333334        1.0000000000000000     
  0.14666666666666667        1.0000000000000000     
  0.15000000000000002        1.0000000000000000     
  0.15333333333333335        1.0000000000000000     
  0.15666666666666668        1.0000000000000000     
  0.16000000000000000        1.0000000000000000     
  0.16333333333333333        1.0000000000000000     
  0.16666666666666669        1.0000000000000000     
  0.17000000000000001        1.0000000000000000     
  0.17333333333333334        1.0000000000000000     
  0.17666666666666667        1.0000000000000000     
  0.18000000000000002        1.0000000000000000     
  0.18333333333333335        1.0000000000000000     
  0.18666666666666668        1.0000000000000000     
  0.19000000000000000        1.0000000000000000     
  0.19333333333333336        1.0000000000000000     
  0.19666666666666668        1.0000000000000000     
  0.20000000000000001        1.0000000000000000     
  0.20333333333333334        1.0000000000000000     
  0.20666666666666669        1.0000000000000000     
  0.21000000000000002        1.0000000000000000     
  0.21333333333333335        1.0000000000000000     
  0.21666666666666667        1.0000000000000000     
  0.22000000000000000        1.0000000000000000     
  0.22333333333333336        1.0000000000000000     
  0.22666666666666668        1.0000000000000000     
  0.23000000000000001        1.0000000000000000     
  0.23333333333333334        1.0000000000000000     
  0.23666666666666669        1.0000000000000000     
  0.24000000000000002        1.0000000000000000     
  0.24333333333333335        1.0000000000000000     
  0.24666666666666667        1.0000000000000000     
  0.25000000000000000        1.0000000000000000     
  0.25333333333333335        1.0000000000000000     
  0.25666666666666671        1.0000000000000000     
  0.26000000000000001        1.0000000000000000     
  0.26333333333333336        1.0000000000000000     
  0.26666666666666666        1.0000000000000000     
  0.27000000000000002        1.0000000000000000     
  0.27333333333333337        1.0000000000000000     
  0.27666666666666667        1.0000000000000000     
  0.28000000000000003        1.0000000000000000     
  0.28333333333333333        1.0000000000000000     
  0.28666666666666668        1.0000000000000000     
  0.29000000000000004        1.0000000000000000     
  0.29333333333333333        1.0000000000000000     
  0.29666666666666669        1.0000000000000000     
  0.30000000000000004        1.0000000000000000     
  0.30333333333333334        1.0000000000000000     
  0.30666666666666670        1.0000000000000000     
  0.31000000000000000        1.0000000000000000     
  0.31333333333333335        1.0000000000000000     
  0.31666666666666671        1.0000000000000000     
  0.32000000000000001        1.0000000000000000     
  0.32333333333333336        1.0000000000000000     
  0.32666666666666666        1.0000000000000000     
  0.33000000000000002        1.0000000000000000     
  0.33333333333333337        1.0000000000000000     
  0.33666666666666667        1.0000000000000000     
  0.34000000000000002        1.0000000000000000     
  0.34333333333333338        1.0000000000000000     
  0.34666666666666668        1.0000000000000000     
  0.35000000000000003        1.0000000000000000     
  0.35333333333333333        1.0000000000000000     
  0.35666666666666669        1.0000000000000000     
  0.36000000000000004        1.0000000000000000     
  0.36333333333333334        1.0000000000000000     
  0.36666666666666670        1.0000000000000000     
  0.37000000000000005        1.0000000000000000     
  0.37333333333333335        1.0000000000000000     
  0.37666666666666671       0.99999999999999967     
  0.38000000000000000        1.0000000000000024     
  0.38333333333333336       0.99999999999998146     
  0.38666666666666671        1.0000000000001246     
  0.39000000000000001       0.99999999999920053     
  0.39333333333333337        1.0000000000049096     
  0.39666666666666667       0.99999999997116140     
  0.40000000000000002        1.0000000001618761     
  0.40333333333333338       0.99999999913247095     
  0.40666666666666668        1.0000000044342447     
  0.41000000000000003       0.99999997840905175     
  0.41333333333333339        1.0000001000126304     
  0.41666666666666669       0.99999955994573986     
  0.42000000000000004        1.0000018360007537     
  0.42333333333333334       0.99999275070867566     
  0.42666666666666669        1.0000270264168989     
  0.43000000000000005       0.99990511176325603     
  0.43333333333333335        1.0003127801249132     
  0.43666666666666670       0.99903549720145957     
  0.44000000000000000        1.0027703548096882     
  0.44333333333333336       0.99262668971668067     
  0.44666666666666671        1.0180660533157149     
  0.45000000000000001       0.95958573153167503     
  0.45333333333333337        1.0816396737292242     
  0.45666666666666672       0.85334400553145717     
  0.46000000000000002        1.2289382650053184     
  0.46333333333333337       0.70126388208331281     
  0.46666666666666667        1.3008893640481420     
  0.47000000000000003       0.81754545131597722     
  0.47333333333333338       0.95598709539687565     
  0.47666666666666668        1.2483757388148520     
  0.48000000000000004       0.75862940150907532     
  0.48333333333333334       0.98049869946201962     
  0.48666666666666669        1.2713276924749670     
  0.49000000000000005       0.83240319739529289     
  0.49333333333333335       0.80248152851460774     
  0.49666666666666670        1.2552632047356411     
  0.50000000000000000        1.1508768058358265     
  0.50333333333333341       0.71334016231994579     
  0.50666666666666671       0.81772656121976051     
  0.51000000000000001        1.2705082374407950     
  0.51333333333333342        1.3004299063214801     
  0.51666666666666672       0.86150541124180646     
  0.52000000000000002       0.57067641822885917     
  0.52333333333333332       0.79254571618180369     
  0.52666666666666673        1.2822920534875815     
  0.53000000000000003        1.5746806969055591     
  0.53333333333333333        1.4362390528246616     
  0.53666666666666674       0.95289514009249687     
  0.54000000000000004       0.35326965812766742     
  0.54333333333333333      -0.17440472479433849     
  0.54666666666666675      -0.54999898426819982     
  0.55000000000000004      -0.77829465246596696     
  0.55333333333333334      -0.90034859466351702     
  0.55666666666666675      -0.95882891644755719     
  0.56000000000000005      -0.98426828004659150     
  0.56333333333333335      -0.99441194513959930     
  0.56666666666666665      -0.99814680274782752     
  0.57000000000000006      -0.99942408567128072     
  0.57333333333333336      -0.99983175403293845     
  0.57666666666666666      -0.99995366868658142     
  0.58000000000000007      -0.99998794439480421     
  0.58333333333333337      -0.99999702968688242     
  0.58666666666666667      -0.99999930574189588     
  0.59000000000000008      -0.99999984580878665     
  0.59333333333333338      -0.99999996741236552     
  0.59666666666666668      -0.99999999343755808     
  0.60000000000000009      -0.99999999873933110     
  0.60333333333333339      -0.99999999976873577     
  0.60666666666666669      -0.99999999995945033     
  0.60999999999999999      -0.99999999999319866     
  0.61333333333333340      -0.99999999999890787     
  0.61666666666666670      -0.99999999999983202     
  0.62000000000000000      -0.99999999999997535     
  0.62333333333333341      -0.99999999999999645     
  0.62666666666666671      -0.99999999999999956     
  0.63000000000000000       -1.0000000000000000     
  0.63333333333333341       -1.0000000000000000     
  0.63666666666666671       -1.0000000000000000     
  0.64000000000000001       -1.0000000000000000     
  0.64333333333333342       -1.0000000000000000     
  0.64666666666666672       -1.0000000000000000     
  0.65000000000000002       -1.0000000000000000     
  0.65333333333333332       -1.0000000000000000     
  0.65666666666666673       -1.0000000000000000     
  0.66000000000000003       -1.0000000000000000     
  0.66333333333333333       -1.0000000000000000     
  0.66666666666666674       -1.0000000000000000     
  0.67000000000000004       -1.0000000000000000     
  0.67333333333333334       -1.0000000000000000     
  0.67666666666666675       -1.0000000000000000     
  0.68000000000000005       -1.0000000000000000     
  0.68333333333333335       -1.0000000000000000     
  0.68666666666666676       -1.0000000000000000     
  0.69000000000000006       -1.0000000000000000     
  0.69333333333333336       -1.0000000000000000     
  0.69666666666666666       -1.0000000000000000     
  0.70000000000000007       -1.0000000000000000     
  0.70333333333333337       -1.0000000000000000     
  0.70666666666666667       -1.0000000000000000     
  0.71000000000000008       -1.0000000000000000     
  0.71333333333333337       -1.0000000000000000     
  0.71666666666666667       -1.0000000000000000     
  0.72000000000000008       -1.0000000000000000     
  0.72333333333333338       -1.0000000000000000     
  0.72666666666666668       -1.0000000000000000     
  0.73000000000000009       -1.0000000000000000     
  0.73333333333333339       -1.0000000000000000     
  0.73666666666666669       -1.0000000000000000     
  0.74000000000000010       -1.0000000000000000     
  0.74333333333333340       -1.0000000000000000     
  0.74666666666666670       -1.0000000000000000     
  0.75000000000000000       -1.0000000000000000     
  0.75333333333333341       -1.0000000000000000     
  0.75666666666666671       -1.0000000000000000     
  0.76000000000000001       -1.0000000000000000     
  0.76333333333333342       -1.0000000000000000     
  0.76666666666666672       -1.0000000000000000     
  0.77000000000000002       -1.0000000000000000     
  0.77333333333333343       -1.0000000000000000     
  0.77666666666666673       -1.0000000000000000     
  0.78000000000000003       -1.0000000000000000     
  0.78333333333333344       -1.0000000000000000     
  0.78666666666666674       -1.0000000000000000     
  0.79000000000000004       -1.0000000000000000     
  0.79333333333333333       -1.0000000000000000     
  0.79666666666666675       -1.0000000000000000     
  0.80000000000000004       -1.0000000000000000     
  0.80333333333333334       -1.0000000000000000     
  0.80666666666666675       -1.0000000000000000     
  0.81000000000000005       -1.0000000000000000     
  0.81333333333333335       -1.0000000000000000     
  0.81666666666666676       -1.0000000000000000     
  0.82000000000000006       -1.0000000000000000     
  0.82333333333333336       -1.0000000000000000     
  0.82666666666666677       -1.0000000000000000     
  0.83000000000000007       -1.0000000000000000     
  0.83333333333333337       -1.0000000000000000     
  0.83666666666666667       -1.0000000000000000     
  0.84000000000000008       -1.0000000000000000     
  0.84333333333333338       -1.0000000000000000     
  0.84666666666666668       -1.0000000000000000     
  0.85000000000000009       -1.0000000000000000     
  0.85333333333333339       -1.0000000000000000     
  0.85666666666666669       -1.0000000000000000     
  0.86000000000000010       -1.0000000000000000     
  0.86333333333333340       -1.0000000000000000     
  0.86666666666666670       -1.0000000000000000     
  0.87000000000000011       -1.0000000000000000     
  0.87333333333333341      -0.99999999999999967     
  0.87666666666666671       -1.0000000000000024     
  0.88000000000000000      -0.99999999999998146     
  0.88333333333333341       -1.0000000000001246     
  0.88666666666666671      -0.99999999999920053     
  0.89000000000000001       -1.0000000000049096     
  0.89333333333333342      -0.99999999997116140     
  0.89666666666666672       -1.0000000001618761     
  0.90000000000000002      -0.99999999913247095     
  0.90333333333333343       -1.0000000044342447     
  0.90666666666666673      -0.99999997840905175     
  0.91000000000000003       -1.0000001000126304     
  0.91333333333333344      -0.99999955994573986     
  0.91666666666666674       -1.0000018360007537     
  0.92000000000000004      -0.99999275070867566     
  0.92333333333333334       -1.0000270264168989     
  0.92666666666666675      -0.99990511176325603     
  0.93000000000000005       -1.0003127801249132     
  0.93333333333333335      -0.99903549720145957     
  0.93666666666666676       -1.0027703548096882     
  0.94000000000000006      -0.99262668971668067     
  0.94333333333333336       -1.0180660533157149     
  0.94666666666666677      -0.95958573153167503     
  0.95000000000000007       -1.0816396737292242     
  0.95333333333333337      -0.85334400553145717     
  0.95666666666666678       -1.2289382650053184     
  0.96000000000000008      -0.70126388208331281     
  0.96333333333333337       -1.3008893640481420     
  0.96666666666666667      -0.81754545131597722     
  0.97000000000000008      -0.95598709539687565     
  0.97333333333333338       -1.2483757388148520     
  0.97666666666666668      -0.75862940150907532     
  0.98000000000000009      -0.98049869946201962     
  0.98333333333333339       -1.2713276924749670     
  0.98666666666666669      -0.83240319739529289     
  0.99000000000000010      -0.80248152851460774     
  0.99333333333333340       -1.2552632047356411     
  0.99666666666666670       -1.1508768058358265     
