   0.0000000000000000        1.1262600110130754     
   3.3333333333333335E-003  0.72691557659533990     
   6.6666666666666671E-003  0.78698741303887332     
   1.0000000000000000E-002   1.0586705538506638     
   1.3333333333333334E-002   1.2445067424406850     
   1.6666666666666666E-002   1.2166182154128760     
   2.0000000000000000E-002  0.82446528918242257     
   2.3333333333333334E-002  0.76108141689997943     
   2.6666666666666668E-002   1.0979397415237322     
   3.0000000000000002E-002  0.98537975965077018     
   3.3333333333333333E-002  0.87095164930807234     
   3.6666666666666667E-002   1.2317271087906174     
   4.0000000000000001E-002   1.2395808030082018     
   4.3333333333333335E-002  0.85846087068746468     
   4.6666666666666669E-002  0.74961822942932321     
   5.0000000000000003E-002  0.83213263361635526     
   5.3333333333333337E-002   1.1126853147111471     
   5.6666666666666671E-002   1.3152909336154956     
   6.0000000000000005E-002   1.0248934594881682     
   6.3333333333333339E-002  0.81244354478220282     
   6.6666666666666666E-002   1.1010425899251655     
   7.0000000000000007E-002  0.94743704493027603     
   7.3333333333333334E-002  0.71975879855663383     
   7.6666666666666675E-002  0.97228602178870882     
   8.0000000000000002E-002   1.3540543621272720     
   8.3333333333333343E-002   1.1360488238395159     
   8.6666666666666670E-002   1.0459919870959744     
   9.0000000000000011E-002  0.69059888654718160     
   9.3333333333333338E-002  0.83484323442966257     
   9.6666666666666679E-002   1.0264838238040643     
  0.10000000000000001        1.2424982735539600     
  0.10333333333333335       0.78971886656456625     
  0.10666666666666667        1.2323057448037671     
  0.11000000000000000        1.1905375362751796     
  0.11333333333333334       0.97364911104927954     
  0.11666666666666667       0.55339632885339762     
  0.12000000000000001       0.94385739864781570     
  0.12333333333333334        1.0217000036845707     
  0.12666666666666668        1.2492899942738829     
  0.13000000000000000        1.2218995284449372     
  0.13333333333333333       0.87230607830956608     
  0.13666666666666669       0.95267572481088503     
  0.14000000000000001        1.0350012489847067     
  0.14333333333333334       0.94413576408570321     
  0.14666666666666667       0.54877315309786767     
  0.15000000000000002        1.1305961357416381     
  0.15333333333333335        1.3346267168888781     
  0.15666666666666668        1.1989376390744875     
  0.16000000000000000        1.0133691751246587     
  0.16333333333333333       0.83059099632982381     
  0.16666666666666669       0.85086952348429523     
  0.17000000000000001       0.87617676734948857     
  0.17333333333333334        1.1185109280701411     
  0.17666666666666667       0.77724262429501867     
  0.18000000000000002        1.0270434801412387     
  0.18333333333333335        1.4608449786131641     
  0.18666666666666668        1.2146324066365315     
  0.19000000000000000       0.83969224293863698     
  0.19333333333333336       0.67095173829377575     
  0.19666666666666668       0.95889115190909735     
  0.20000000000000001       0.86578939644352215     
  0.20333333333333334        1.0203141062749570     
  0.20666666666666669        1.1222156610313594     
  0.21000000000000002       0.93509782849104428     
  0.21333333333333335        1.2910325951150579     
  0.21666666666666667        1.3270032108893710     
  0.22000000000000000       0.97287857119857712     
  0.22333333333333336       0.54732960861973612     
  0.22666666666666668       0.73640049680097264     
  0.23000000000000001        1.1258364947555337     
  0.23333333333333334       0.88199832786449028     
  0.23666666666666669        1.0325267042900843     
  0.24000000000000002        1.1488706914607174     
  0.24333333333333335        1.1203904448649336     
  0.24666666666666667        1.3083526231811584     
  0.25000000000000000        1.1876235447466936     
  0.25333333333333335       0.88560614751176625     
  0.25666666666666671       0.49425623849546002     
  0.26000000000000001       0.76993139565928792     
  0.26333333333333336        1.1737699250855895     
  0.26666666666666666       0.83220051765583536     
  0.27000000000000002       0.89767221852104617     
  0.27333333333333337        1.1751440427709536     
  0.27666666666666667        1.2710975367709159     
  0.28000000000000003        1.3535076317258370     
  0.28333333333333333        1.1892602690146212     
  0.28666666666666668        1.0166169696740943     
  0.29000000000000004       0.64523026937934735     
  0.29333333333333333       0.67111134581213616     
  0.29666666666666669        1.0998903776604216     
  0.30000000000000004       0.77188940448555243     
  0.30333333333333334       0.56746163844674158     
  0.30666666666666670       0.93915345945378059     
  0.31000000000000000        1.2274951831781540     
  0.31333333333333335        1.3999436749113101     
  0.31666666666666671        1.2953574739183327     
  0.32000000000000001        1.2796263109725237     
  0.32333333333333336        1.1866954677991828     
  0.32666666666666666       0.90144088970237790     
  0.33000000000000002        1.1576888006174721     
  0.33333333333333337        1.0785799824346756     
  0.33666666666666667       0.44485379421330018     
  0.34000000000000002       0.39427284072393515     
  0.34333333333333338       0.66087176782690049     
  0.34666666666666668       0.87325637686148216     
  0.35000000000000003       0.87444443449309794     
  0.35333333333333333       0.79573818772057403     
  0.35666666666666669        1.1202325322705280     
  0.36000000000000004        1.2262814620146518     
  0.36333333333333334        1.2955587173216820     
  0.36666666666666670        1.8005093369447882     
  0.37000000000000005        1.7054949084967492     
  0.37333333333333335        1.2548396503943102     
  0.37666666666666671        1.2922259968823218     
  0.38000000000000000        1.4374310349235822     
  0.38333333333333336        1.4373442431521151     
  0.38666666666666671        1.0336797460267007     
  0.39000000000000001       0.58340122379136927     
  0.39333333333333337       0.59887209758753301     
  0.39666666666666667       0.33946068343462671     
  0.40000000000000002        4.1990925072313001E-002
  0.40333333333333338       0.23096806906888653     
  0.40666666666666668       -3.3177246175639385E-002
  0.41000000000000003      -0.59697264968412056     
  0.41333333333333339      -0.69020425690590437     
  0.41666666666666669      -0.55516103137041073     
  0.42000000000000004      -0.41038161997771372     
  0.42333333333333334      -0.64068585049856741     
  0.42666666666666669       -1.0417363482355901     
  0.43000000000000005      -0.89285994831988802     
  0.43333333333333335      -0.85462334415472285     
  0.43666666666666670       -1.0862021822027370     
  0.44000000000000000      -0.80752508919096633     
  0.44333333333333336      -0.67848259612166661     
  0.44666666666666671       -1.0698273969439636     
  0.45000000000000001       -1.2377628460745194     
  0.45333333333333337       -1.1178867391507186     
  0.45666666666666672      -0.82577855404151912     
  0.46000000000000002      -0.70586591711260172     
  0.46333333333333337       -1.0889047961734868     
  0.46666666666666667       -1.1644953011761257     
  0.47000000000000003      -0.91617349567511874     
  0.47333333333333338       -1.1189783079733628     
  0.47666666666666668       -1.1281370135127391     
  0.48000000000000004      -0.73165901227940144     
  0.48333333333333334      -0.79531301016667078     
  0.48666666666666669       -1.1154299458265984     
  0.49000000000000005       -1.2465545979073407     
  0.49333333333333335       -1.1615394086054383     
  0.49666666666666670      -0.79220017819572763     
  0.50000000000000000      -0.75409536830072399     
  0.50333333333333341       -1.1222409222833281     
  0.50666666666666671       -1.0349550857769056     
  0.51000000000000001      -0.90767715704846075     
  0.51333333333333342       -1.2321405264213656     
  0.51666666666666672       -1.1627174846978841     
  0.52000000000000002      -0.75878381659612448     
  0.52333333333333332      -0.75838416196671798     
  0.52666666666666673      -0.97005364165480701     
  0.53000000000000003       -1.2100090043155303     
  0.53333333333333333       -1.2705095894725114     
  0.53666666666666674      -0.90154203912901543     
  0.54000000000000004      -0.79361823174413848     
  0.54333333333333333       -1.0806972903088987     
  0.54666666666666675      -0.93141279124460952     
  0.55000000000000004      -0.78724599404305684     
  0.55333333333333334       -1.1854164594617933     
  0.55666666666666675       -1.3289830340454518     
  0.56000000000000005      -0.98904993922760942     
  0.56333333333333335      -0.80784005917677837     
  0.56666666666666665      -0.74503257374964926     
  0.57000000000000006      -0.96572059211617234     
  0.57333333333333336       -1.2348249821858541     
  0.57666666666666666       -1.1222797139500378     
  0.58000000000000007      -0.86662560185733706     
  0.58333333333333337       -1.1951550816830205     
  0.58666666666666667       -1.0274612715719853     
  0.59000000000000008      -0.70513571261946861     
  0.59333333333333338      -0.70871631104364363     
  0.59666666666666668       -1.2652319836123660     
  0.60000000000000009       -1.1513247963637627     
  0.60333333333333339       -1.2564311812835693     
  0.60666666666666669      -0.85268705744533979     
  0.60999999999999999      -0.87010272991077531     
  0.61333333333333340      -0.84865992000932922     
  0.61666666666666670       -1.1605421075255231     
  0.62000000000000000      -0.71490225136261787     
  0.62333333333333341       -1.0426643506842215     
  0.62666666666666671       -1.3658205683599778     
  0.63000000000000000       -1.2386184511189253     
  0.63333333333333341      -0.78730510259233943     
  0.63666666666666671      -0.73581698148909847     
  0.64000000000000001      -0.93001990722974803     
  0.64333333333333342      -0.90110990844419969     
  0.64666666666666672       -1.2389662455749098     
  0.65000000000000002      -0.98164708719544669     
  0.65333333333333332       -1.0591686117065844     
  0.65666666666666673       -1.2011051050409614     
  0.66000000000000003       -1.1733542579983247     
  0.66333333333333333      -0.64054673193847034     
  0.66666666666666674      -0.57607519682035990     
  0.67000000000000004       -1.1523685903261627     
  0.67333333333333334       -1.0974609403282014     
  0.67666666666666675       -1.1689390715674257     
  0.68000000000000005       -1.0804439613403298     
  0.68333333333333335       -1.0764104243653001     
  0.68666666666666676       -1.0117512644128286     
  0.69000000000000006       -1.0007386884607612     
  0.69333333333333336      -0.85761664878253685     
  0.69666666666666666      -0.48031077384572640     
  0.70000000000000007       -1.0513892326600547     
  0.70333333333333337       -1.3723925312490195     
  0.70666666666666667       -1.1791549450907455     
  0.71000000000000008       -1.0079902397094445     
  0.71333333333333337       -1.0316788192130966     
  0.71666666666666667       -1.1361535514714713     
  0.72000000000000008      -0.81383768092148157     
  0.72333333333333338      -0.86141123352229898     
  0.72666666666666668      -0.74582388656266818     
  0.73000000000000009      -0.70319935064038430     
  0.73333333333333339       -1.2827021536702949     
  0.73666666666666669       -1.3881384780906332     
  0.74000000000000010       -1.1405402607087503     
  0.74333333333333340      -0.89509912423087323     
  0.74666666666666670       -1.1093407389151253     
  0.75000000000000000       -1.1876235447466943     
  0.75333333333333341      -0.68659426324573292     
  0.75666666666666671      -0.71954755912952362     
  0.76000000000000001      -0.76160096490731555     
  0.76333333333333342      -0.81815815128504243     
  0.76666666666666672       -1.2329043434616351     
  0.77000000000000002       -1.3203093626361964     
  0.77333333333333343       -1.1845674325326432     
  0.77666666666666673      -0.95701591186835799     
  0.78000000000000003       -1.1944667414487422     
  0.78333333333333344       -1.3801099284325169     
  0.78666666666666674      -0.75726319377213258     
  0.79000000000000004      -0.57233785816095184     
  0.79333333333333333      -0.72805062987152291     
  0.79666666666666675      -0.74781195268635869     
  0.80000000000000004      -0.95748924070208807     
  0.80333333333333334       -1.0460420165101150     
  0.80666666666666675       -1.1258183699425417     
  0.81000000000000005       -1.0664487376560312     
  0.81333333333333335       -1.1970625326876163     
  0.81666666666666676       -1.6797920281661989     
  0.82000000000000006       -1.3330267921716099     
  0.82333333333333336      -0.79499902052677884     
  0.82666666666666677      -0.88039090196043923     
  0.83000000000000007      -0.88149697764079649     
  0.83333333333333337      -0.80378565577074212     
  0.83666666666666667      -0.63489805860465176     
  0.84000000000000008      -0.55425792359759551     
  0.84333333333333338      -0.65870430186042617     
  0.84666666666666668      -0.59779827167918675     
  0.85000000000000009       -1.0233934830392941     
  0.85333333333333339       -1.4859312801976159     
  0.85666666666666669       -1.1632583879120280     
  0.86000000000000010       -1.1213001202596966     
  0.86333333333333340       -1.5124174606434726     
  0.86666666666666670       -1.7155083612275626     
  0.87000000000000011       -1.6887759858227647     
  0.87333333333333341       -1.3713702244804098     
  0.87666666666666671       -1.2712616498826699     
  0.88000000000000000       -1.2084758876383868     
  0.88333333333333341      -0.83019846447999024     
  0.88666666666666671      -0.90869055498675344     
  0.89000000000000001      -0.90383603015577219     
  0.89333333333333342      -0.21925341022910894     
  0.89666666666666672       0.12725163128437367     
  0.90000000000000002        4.9182552117890813E-002
  0.90333333333333343        7.7800907394147550E-003
  0.90666666666666673       0.15930416956165944     
  0.91000000000000003       0.61150947575640946     
  0.91333333333333344       0.70873497242989114     
  0.91666666666666674       0.61426728921391860     
  0.92000000000000004       0.89781038024764892     
  0.92333333333333334       0.79067954265989338     
  0.92666666666666675       0.52667016460636740     
  0.93000000000000005       0.91114349550578599     
  0.93333333333333335        1.2106333603302424     
  0.93666666666666676        1.0815986965973126     
  0.94000000000000006       0.84336860945152303     
  0.94333333333333336       0.69217469655162434     
  0.94666666666666677       0.99709625219332043     
  0.95000000000000007        1.1928762065012284     
  0.95333333333333337       0.93609217733543260     
  0.95666666666666678        1.0480149736629591     
  0.96000000000000008        1.1518284883766710     
  0.96333333333333337       0.75871972651189024     
  0.96666666666666667       0.76493736101168353     
  0.97000000000000008        1.1408027403398806     
  0.97333333333333338        1.2468644078422884     
  0.97666666666666668        1.1254397585794826     
  0.98000000000000009       0.79734048486570375     
  0.98333333333333339       0.74141227945168098     
  0.98666666666666669        1.1277961618459196     
  0.99000000000000010        1.0955612011051383     
  0.99333333333333340       0.91357173586740748     
  0.99666666666666670        1.1875255238837172     
