   0.0000000000000000       0.97503138291691749     
   3.3333333333333335E-003  0.84507040157077717     
   6.6666666666666671E-003  0.80712356761496451     
   1.0000000000000000E-002  0.54705067907834248     
   1.3333333333333334E-002  0.84098876574073411     
   1.6666666666666666E-002   1.2502889211764938     
   2.0000000000000000E-002   1.1396997888860982     
   2.3333333333333334E-002   1.2328670765939076     
   2.6666666666666668E-002   1.2530941401020419     
   3.0000000000000002E-002   1.3666781930002543     
   3.3333333333333333E-002   1.2295861171866194     
   3.6666666666666667E-002  0.68928098826964113     
   4.0000000000000001E-002  0.73672127064402293     
   4.3333333333333335E-002  0.77534645834339566     
   4.6666666666666669E-002  0.63109780695424966     
   5.0000000000000003E-002  0.62306991804949308     
   5.3333333333333337E-002  0.60190894034533149     
   5.6666666666666671E-002   1.0688093589736105     
   6.0000000000000005E-002   1.3397096832956472     
   6.3333333333333339E-002   1.1705387120514423     
   6.6666666666666666E-002   1.3982051910677769     
   7.0000000000000007E-002   1.5809014927596237     
   7.3333333333333334E-002   1.6485722783608605     
   7.6666666666666675E-002   1.5592713792156350     
   8.0000000000000002E-002   1.1121331368163454     
   8.3333333333333343E-002   1.1165779937052251     
   8.6666666666666670E-002   1.1420822630042782     
   9.0000000000000011E-002  0.66759703793152525     
   9.3333333333333338E-002  0.36224529606301548     
   9.6666666666666679E-002  0.10315444056769138     
  0.10000000000000001       -8.9092430055679878E-003
  0.10333333333333335        1.6806232714229541E-002
  0.10666666666666667      -0.45657525512456509     
  0.11000000000000000      -0.73567091936166673     
  0.11333333333333334      -0.55972917797445398     
  0.11666666666666667      -0.64139614912282461     
  0.12000000000000001      -0.74218992610333223     
  0.12333333333333334      -0.90638358908443206     
  0.12666666666666668       -1.1114043056754610     
  0.13000000000000000      -0.82528104680257319     
  0.13333333333333333      -0.73541902908156775     
  0.13666666666666669       -1.0747340774268359     
  0.14000000000000001       -1.0863824421114394     
  0.14333333333333334       -1.0126434843670042     
  0.14666666666666667      -0.95052772192276291     
  0.15000000000000002      -0.79508370232198899     
  0.15333333333333335       -1.0584285838482144     
  0.15666666666666668       -1.2471107991287627     
  0.16000000000000000      -0.91965607756194345     
  0.16333333333333333      -0.84716253711354983     
  0.16666666666666669      -0.98941191322364486     
  0.17000000000000001       -1.0159593643433811     
  0.17333333333333334       -1.1691053677691818     
  0.17666666666666667       -1.0488505945071187     
  0.18000000000000002      -0.73682742382366151     
  0.18333333333333335      -0.95556970317056067     
  0.18666666666666668       -1.1971843195582801     
  0.19000000000000000       -1.0449371676585104     
  0.19333333333333336      -0.99034117453068604     
  0.19666666666666668      -0.90718418642467880     
  0.20000000000000001      -0.83027004411778782     
  0.20333333333333334       -1.1448409218284177     
  0.20666666666666669       -1.2300893728822186     
  0.21000000000000002      -0.87791471624914286     
  0.21333333333333335      -0.84580878257999337     
  0.21666666666666667      -0.99912915969500349     
  0.22000000000000000       -1.0092691890535039     
  0.22333333333333336       -1.1575031693636428     
  0.22666666666666668       -1.1139313257764480     
  0.23000000000000001      -0.76440464678567210     
  0.23333333333333334      -0.84405802826835796     
  0.23666666666666669       -1.1661163892130413     
  0.24000000000000002       -1.1076233104366120     
  0.24333333333333335       -1.0179310143732236     
  0.24666666666666667      -0.99827647356806803     
  0.25000000000000000      -0.80198226484417268     
  0.25333333333333335      -0.89592009062250932     
  0.25666666666666671       -1.2509999065348563     
  0.26000000000000001       -1.1474628818005106     
  0.26333333333333336      -0.86191932819436756     
  0.26666666666666666      -0.90934076607158632     
  0.27000000000000002      -0.93761873070560531     
  0.27333333333333337      -0.95313363711375687     
  0.27666666666666667       -1.2074561517799876     
  0.28000000000000003       -1.1795645755027833     
  0.28333333333333333      -0.80344114035823622     
  0.28666666666666668      -0.80093775515287224     
  0.29000000000000004       -1.0534085784441813     
  0.29333333333333333       -1.0593385082478257     
  0.29666666666666669       -1.0905808601255544     
  0.30000000000000004       -1.1604848164617698     
  0.30333333333333334      -0.88790238653333053     
  0.30666666666666670      -0.70900849381679332     
  0.31000000000000000       -1.0162403637187829     
  0.31333333333333335       -1.2087130169494735     
  0.31666666666666671       -1.0616057859570813     
  0.32000000000000001       -1.0342581348916988     
  0.32333333333333336       -1.0014112021869268     
  0.32666666666666666      -0.76848768676493517     
  0.33000000000000002      -0.83996252508887692     
  0.33333333333333337       -1.2140309542463523     
  0.33666666666666667       -1.2209992891556007     
  0.34000000000000002      -0.96241281839606008     
  0.34333333333333338      -0.94365921944725806     
  0.34666666666666668      -0.93037536358742601     
  0.35000000000000003      -0.79555138448448559     
  0.35333333333333333      -0.96938386890404926     
  0.35666666666666669       -1.2988531860237884     
  0.36000000000000004       -1.1709288880939319     
  0.36333333333333334      -0.88107629267473642     
  0.36666666666666670      -0.87906193174763669     
  0.37000000000000005      -0.94528652117059231     
  0.37333333333333335      -0.82608663477420241     
  0.37666666666666671       -1.0421868601216000     
  0.38000000000000000       -1.2807776147952574     
  0.38333333333333336       -1.2121668925244684     
  0.38666666666666671      -0.79064744119118868     
  0.39000000000000001      -0.91114902814484322     
  0.39333333333333337      -0.86636968855799834     
  0.39666666666666667      -0.95999388470802216     
  0.40000000000000002      -0.87941256956174241     
  0.40333333333333338       -1.4076967373161673     
  0.40666666666666668       -1.1228234555231567     
  0.41000000000000003       -1.0183482958010943     
  0.41333333333333339      -0.69146017488075917     
  0.41666666666666669       -1.0349302604848871     
  0.42000000000000004      -0.78955061700348195     
  0.42333333333333334      -0.93275854514711787     
  0.42666666666666669       -1.1713886529312787     
  0.43000000000000005       -1.3285877907675634     
  0.43333333333333335       -1.1299859159727101     
  0.43666666666666670      -0.76170882834333808     
  0.44000000000000000       -1.0046214164422298     
  0.44333333333333336      -0.79171014563358633     
  0.44666666666666671      -0.83451001987504514     
  0.45000000000000001      -0.87393628661216727     
  0.45333333333333337       -1.2877904743724706     
  0.45666666666666672       -1.3467086887457635     
  0.46000000000000002      -0.97533953155871378     
  0.46333333333333337       -1.0698181004359968     
  0.46666666666666667      -0.92211145769368941     
  0.47000000000000003      -0.87135613364123243     
  0.47333333333333338      -0.61172020175453956     
  0.47666666666666668      -0.81511940545371753     
  0.48000000000000004       -1.2629568705544101     
  0.48333333333333334       -1.1234380492457994     
  0.48666666666666669       -1.1936740475872147     
  0.49000000000000005       -1.1679479528531374     
  0.49333333333333335       -1.2357624549060549     
  0.49666666666666670      -0.99498417540983153     
  0.50000000000000000      -0.54294873494913765     
  0.50333333333333341      -0.78544889478370472     
  0.50666666666666671      -0.85035693109913557     
  0.51000000000000001      -0.87082646507134487     
  0.51333333333333342      -0.94665084666516497     
  0.51666666666666672       -1.0952216871384324     
  0.52000000000000002       -1.5352561420898569     
  0.52333333333333332       -1.3186160951948291     
  0.52666666666666673       -1.0682550670041475     
  0.53000000000000003       -1.1368998247272128     
  0.53333333333333333      -0.97950393129001900     
  0.53666666666666674      -0.86206108810552473     
  0.54000000000000004      -0.49938986027434995     
  0.54333333333333333      -0.46876585301896523     
  0.54666666666666675      -0.87667617488994809     
  0.55000000000000004      -0.80371733416138080     
  0.55333333333333334      -0.84762644226371897     
  0.55666666666666675       -1.0986648843455391     
  0.56000000000000005       -1.3475859649662951     
  0.56333333333333335       -1.6745522750458468     
  0.56666666666666665       -1.4605577088227926     
  0.57000000000000006       -1.3454882283987506     
  0.57333333333333336       -1.6108019209615692     
  0.57666666666666666       -1.4280637974088630     
  0.58000000000000007       -1.1436309006479113     
  0.58333333333333337      -0.83268283536754373     
  0.58666666666666667      -0.55690841255614054     
  0.59000000000000008      -0.64095729893450870     
  0.59333333333333338      -0.29517667821413707     
  0.59666666666666668       0.22991069824499313     
  0.60000000000000009       0.24445240480939420     
  0.60333333333333339       0.31984500471321808     
  0.60666666666666669       0.42863411119215511     
  0.60999999999999999       0.59079267981976025     
  0.61333333333333340       0.95954405338571291     
  0.61666666666666670       0.82741391657014052     
  0.62000000000000000       0.62028913063140723     
  0.62333333333333341       0.91555185122626892     
  0.62666666666666671        1.0334823738153980     
  0.63000000000000000        1.0161239052881896     
  0.63333333333333341       0.98412703728973527     
  0.63666666666666671       0.76698161835045997     
  0.64000000000000001       0.96272463215225290     
  0.64333333333333342        1.2471518895418987     
  0.64666666666666672       0.98168200969458597     
  0.65000000000000002       0.85014992112423915     
  0.65333333333333332       0.96032718910382353     
  0.65666666666666673       0.98630745916059781     
  0.66000000000000003        1.1670531040265288     
  0.66333333333333333        1.0873113982271934     
  0.66666666666666674       0.74801090360435496     
  0.67000000000000004       0.92796184507964685     
  0.67333333333333334        1.1846041562982141     
  0.67666666666666675        1.0530046871550325     
  0.68000000000000005       0.99946050801914799     
  0.68333333333333335       0.90712608172746878     
  0.68666666666666676       0.83046349330299740     
  0.69000000000000006        1.1511423553801310     
  0.69333333333333336        1.2191235583508551     
  0.69666666666666666       0.86346134071828506     
  0.70000000000000007       0.85476936099421996     
  0.70333333333333337        1.0108489062707573     
  0.70666666666666667        1.0240340300758226     
  0.71000000000000008        1.1612195244749375     
  0.71333333333333337        1.0660090422204103     
  0.71666666666666667       0.74072896084715845     
  0.72000000000000008       0.90420023509565239     
  0.72333333333333338        1.2027073028866946     
  0.72666666666666668        1.0803577122036994     
  0.73000000000000009       0.98537620613533661     
  0.73333333333333339       0.95568878137775837     
  0.73666666666666669       0.80935817361080797     
  0.74000000000000010        1.0010204373572331     
  0.74333333333333340        1.2822583123256877     
  0.74666666666666670        1.0405276346757071     
  0.75000000000000000       0.80198226484417312     
  0.75333333333333341       0.93817125173014637     
  0.75666666666666671       0.98667260858239503     
  0.76000000000000001        1.0408600087211308     
  0.76333333333333342        1.2186775437966026     
  0.76666666666666672        1.0209715191809852     
  0.77000000000000002       0.71664717135594014     
  0.77333333333333343       0.91956002354100852     
  0.77666666666666673        1.1622520182569356     
  0.78000000000000003        1.0744956215449324     
  0.78333333333333344        1.0618413392060810     
  0.78666666666666674        1.0211380147932914     
  0.79000000000000004       0.77010377021838727     
  0.79333333333333333       0.85328316544142702     
  0.79666666666666675        1.2245728756832142     
  0.80000000000000004        1.1849841333382045     
  0.80333333333333334       0.93162523223972526     
  0.80666666666666675       0.93779087763696367     
  0.81000000000000005       0.91003517599716044     
  0.81333333333333335       0.84199219069418907     
  0.81666666666666676        1.1100494074001752     
  0.82000000000000006        1.2968912190871829     
  0.82333333333333336       0.99725710953901370     
  0.82666666666666677       0.78398647529396837     
  0.83000000000000007       0.92796004435261426     
  0.83333333333333337       0.97262994462705987     
  0.83666666666666667       0.98085042804196299     
  0.84000000000000008        1.2098098448606425     
  0.84333333333333338        1.2044625594154226     
  0.84666666666666668       0.83227396884303118     
  0.85000000000000009       0.74048516568223788     
  0.85333333333333339        1.0005381566758718     
  0.85666666666666669        1.0643447808488928     
  0.86000000000000010        1.0472710781347443     
  0.86333333333333340        1.1888287517511165     
  0.86666666666666670        1.1277699399558041     
  0.87000000000000011       0.75444366268497609     
  0.87333333333333341       0.74816470291413939     
  0.87666666666666671        1.0330185979797653     
  0.88000000000000000        1.1588768193233299     
  0.88333333333333341        1.0261491250771531     
  0.88666666666666671        1.1904623166024457     
  0.89000000000000001        1.0560272676867486     
  0.89333333333333342       0.83842854462558902     
  0.89666666666666672       0.62334264728057809     
  0.90000000000000002        1.1149557313655667     
  0.90333333333333343        1.0746315985034791     
  0.90666666666666673        1.1898920733720333     
  0.91000000000000003       0.99170855680407899     
  0.91333333333333344        1.2766340253288955     
  0.91666666666666674       0.75103510214720504     
  0.92000000000000004       0.75805285317191740     
  0.92333333333333334       0.80155096334034615     
  0.92666666666666675        1.2091590103305689     
  0.93000000000000005        1.0931745264066861     
  0.93333333333333335        1.0676333982176920     
  0.93666666666666676        1.2657223913377382     
  0.94000000000000006       0.99674513477158011     
  0.94333333333333336       0.82156567100551481     
  0.94666666666666677       0.58879251795665610     
  0.95000000000000007        1.0545837027240554     
  0.95333333333333337        1.0422121064367709     
  0.95666666666666678        1.0401280834213318     
  0.96000000000000008        1.2126709419283834     
  0.96333333333333337        1.2425982002718801     
  0.96666666666666667        1.1721936435902909     
  0.97000000000000008       0.64157776536819355     
  0.97333333333333338       0.79655927485243816     
  0.97666666666666668       0.90086842405463918     
  0.98000000000000009       0.86740051735065460     
  0.98333333333333339       0.96837081520773460     
  0.98666666666666669        1.0880119666627823     
  0.99000000000000010        1.4917237388461364     
  0.99333333333333340        1.1925290914218865     
  0.99666666666666670       0.93536266862275486     
