   0.0000000000000000        1.0288138035201890     
   3.3333333333333335E-003   1.3900131825899207     
   6.6666666666666671E-003   1.0850656235639875     
   1.0000000000000000E-002   1.0078010645807971     
   1.3333333333333334E-002   1.1070571544529100     
   1.6666666666666666E-002  0.90842474746728052     
   2.0000000000000000E-002  0.79530280325786173     
   2.3333333333333334E-002  0.67378020566020691     
   2.6666666666666668E-002  0.93498799668835875     
   3.0000000000000002E-002   1.3582067485821752     
   3.3333333333333333E-002   1.1390249274980808     
   3.6666666666666667E-002   1.0432388343178698     
   4.0000000000000001E-002   1.1965701132478661     
   4.3333333333333335E-002   1.0298426366347504     
   4.6666666666666669E-002  0.86262228142235708     
   5.0000000000000003E-002  0.63955350742486750     
   5.3333333333333337E-002  0.67653514497795009     
   5.6666666666666671E-002   1.1509774990299162     
   6.0000000000000005E-002   1.1462305686822283     
   6.3333333333333339E-002   1.0036670535953849     
   6.6666666666666666E-002   1.2657977365441613     
   7.0000000000000007E-002   1.2965306617599297     
   7.3333333333333334E-002   1.1500457479541737     
   7.6666666666666675E-002  0.90346297219981053     
   8.0000000000000002E-002  0.57557524929285364     
   8.3333333333333343E-002  0.77780040843573828     
   8.6666666666666670E-002  0.97357328214324090     
   9.0000000000000011E-002  0.73041787275556835     
   9.3333333333333338E-002  0.87003832388327651     
   9.6666666666666679E-002   1.2286921106642548     
  0.10000000000000001        1.3544460596670427     
  0.10333333333333335        1.4244306475220536     
  0.10666666666666667        1.1812801445350622     
  0.11000000000000000       0.96421602919136551     
  0.11333333333333334        1.1661425672436121     
  0.11666666666666667       0.98555087528742580     
  0.12000000000000001       0.52004329477866629     
  0.12333333333333334       0.52444696390933032     
  0.12666666666666668       0.64800587652811259     
  0.13000000000000000       0.76907291514711962     
  0.13333333333333333       0.96580549693716944     
  0.13666666666666669       0.88348633711586666     
  0.14000000000000001        1.0130943370664645     
  0.14333333333333334        1.5613761313122818     
  0.14666666666666667        1.6457034474021750     
  0.15000000000000002        1.4153800567509860     
  0.15333333333333335        1.4622929779589708     
  0.15666666666666668        1.4503963239717719     
  0.16000000000000000        1.3931688291691446     
  0.16333333333333333        1.3309503981975588     
  0.16666666666666669       0.84466425424939362     
  0.17000000000000001       0.45858574046342887     
  0.17333333333333334       0.58389706379277362     
  0.17666666666666667       0.43514636928785988     
  0.18000000000000002       -3.2535479120560790E-002
  0.18333333333333335      -0.24447814126949549     
  0.18666666666666668      -0.41036916544789426     
  0.19000000000000000      -0.50665653273423072     
  0.19333333333333336      -0.38583657654194714     
  0.19666666666666668      -0.62005249901203918     
  0.20000000000000001       -1.0373891940635178     
  0.20333333333333334      -0.90658515134131989     
  0.20666666666666669      -0.68974317923655215     
  0.21000000000000002      -0.85270589734020330     
  0.21333333333333335      -0.95317891710688940     
  0.21666666666666667       -1.0146587197809516     
  0.22000000000000000       -1.1403988546363164     
  0.22333333333333336      -0.91950399510286274     
  0.22666666666666668      -0.71430888796382730     
  0.23000000000000001       -1.0375419536174924     
  0.23333333333333334       -1.2363896280536943     
  0.23666666666666669      -0.99357995541362443     
  0.24000000000000002      -0.90274015227736026     
  0.24333333333333335      -0.94243507269723770     
  0.24666666666666667      -0.90002785496400528     
  0.25000000000000000       -1.0941357654488337     
  0.25333333333333335       -1.2444086476972396     
  0.25666666666666671      -0.91610336524041891     
  0.26000000000000001      -0.72932087667970213     
  0.26333333333333336       -1.0280779019095887     
  0.26666666666666666       -1.1555345931003098     
  0.27000000000000002       -1.0391257440785004     
  0.27333333333333337       -1.0397158650342426     
  0.27666666666666667      -0.94205487469763804     
  0.28000000000000003      -0.76811625288636765     
  0.28333333333333333       -1.0342167187819706     
  0.28666666666666668       -1.2832854772668822     
  0.29000000000000004       -1.0527820128549878     
  0.29333333333333333      -0.77615358145647118     
  0.29666666666666669      -0.95977350826499142     
  0.30000000000000004      -0.97182725305674356     
  0.30333333333333334       -1.0541020655959690     
  0.30666666666666670       -1.1281423769442709     
  0.31000000000000000       -1.1737934627029338     
  0.31333333333333335      -0.67669943070702931     
  0.31666666666666671      -0.88948107160453116     
  0.32000000000000001       -1.0561427668756980     
  0.32333333333333336       -1.2813035329761333     
  0.32666666666666666      -0.87456152044694224     
  0.33000000000000002       -1.1214149545588876     
  0.33333333333333337      -0.81332124633716263     
  0.33666666666666667      -0.88806952316939991     
  0.34000000000000002      -0.94034017889585586     
  0.34333333333333338       -1.3587425788114178     
  0.34666666666666668       -1.0692705773084479     
  0.35000000000000003      -0.78155851468488791     
  0.35333333333333333      -0.93401099703698054     
  0.35666666666666669      -0.93031514910163948     
  0.36000000000000004       -1.0607150382696056     
  0.36333333333333334       -1.0183868078147116     
  0.36666666666666670       -1.3215790308665096     
  0.37000000000000005      -0.88916468246557823     
  0.37333333333333335      -0.71125685889430390     
  0.37666666666666671      -0.93356431347845081     
  0.38000000000000000       -1.1151976865761626     
  0.38333333333333336       -1.1720270314432268     
  0.38666666666666671      -0.95116643011495106     
  0.39000000000000001       -1.1727192280648795     
  0.39333333333333337      -0.86136977012918226     
  0.39666666666666667      -0.70856737639374912     
  0.40000000000000002      -0.99169611935282720     
  0.40333333333333338       -1.2014884205144127     
  0.40666666666666668       -1.2521338897915468     
  0.41000000000000003      -0.85938481063369687     
  0.41333333333333339      -0.99148622738664605     
  0.41666666666666669      -0.95489859351524298     
  0.42000000000000004      -0.74206578102838716     
  0.42333333333333334       -1.0073021724883464     
  0.42666666666666669       -1.1909678321167028     
  0.43000000000000005       -1.3077923180170818     
  0.43333333333333335      -0.91329145699777792     
  0.43666666666666670      -0.76432763634423995     
  0.44000000000000000       -1.0268270626595437     
  0.44333333333333336      -0.84626562618631618     
  0.44666666666666671      -0.94596529183454736     
  0.45000000000000001       -1.1541551841643054     
  0.45333333333333337       -1.2698825663629296     
  0.45666666666666672       -1.1440515409299803     
  0.46000000000000002      -0.67629220130352397     
  0.46333333333333337      -0.85298962762069042     
  0.46666666666666667       -1.0216768068483328     
  0.47000000000000003      -0.88325330105916178     
  0.47333333333333338       -1.0750756059338935     
  0.47666666666666668       -1.1912826712470279     
  0.48000000000000004       -1.2731895002876725     
  0.48333333333333334      -0.99530225787667348     
  0.48666666666666669      -0.61499319683927234     
  0.49000000000000005      -0.91544823126695729     
  0.49333333333333335       -1.0050256206053503     
  0.49666666666666670      -0.90545374532772249     
  0.50000000000000000       -1.1073207275513135     
  0.50333333333333341       -1.2076591422926981     
  0.50666666666666671       -1.2934817558933733     
  0.51000000000000001      -0.99062256646380509     
  0.51333333333333342      -0.61773085829150032     
  0.51666666666666672      -0.89996906954218769     
  0.52000000000000002      -0.97099951228956272     
  0.52333333333333332      -0.84799528183686634     
  0.52666666666666673       -1.0538010969019942     
  0.53000000000000003       -1.2021293674251763     
  0.53333333333333333       -1.3542781339584340     
  0.53666666666666674       -1.1637923968282127     
  0.54000000000000004      -0.71431235250449632     
  0.54333333333333333      -0.85863204023835493     
  0.54666666666666675      -0.95547727584559694     
  0.55000000000000004      -0.72334745813458456     
  0.55333333333333334      -0.84102038988662764     
  0.55666666666666675       -1.0515134078908199     
  0.56000000000000005       -1.2988527077069143     
  0.56333333333333335       -1.4117457760976129     
  0.56666666666666665       -1.0273303374947749     
  0.57000000000000006      -0.95225906878932509     
  0.57333333333333336       -1.1334174038438569     
  0.57666666666666666      -0.82202513270771149     
  0.58000000000000007      -0.60159708834436643     
  0.58333333333333337      -0.68645167641031735     
  0.58666666666666667      -0.83845366590783144     
  0.59000000000000008       -1.1842310509686609     
  0.59333333333333338       -1.2012522659274065     
  0.59666666666666668       -1.0326687758329356     
  0.60000000000000009       -1.3632295999918995     
  0.60333333333333339       -1.4858286704483101     
  0.60666666666666669       -1.1150498062565786     
  0.60999999999999999      -0.90726022794652450     
  0.61333333333333340      -0.75367675260029043     
  0.61666666666666670      -0.70424795791346806     
  0.62000000000000000      -0.81740093371370037     
  0.62333333333333341      -0.56368754491017159     
  0.62666666666666671      -0.44665230045051363     
  0.63000000000000000      -0.93415894914746689     
  0.63333333333333341       -1.1940829118578540     
  0.63666666666666671       -1.1622101437551666     
  0.64000000000000001       -1.3087952940255068     
  0.64333333333333342       -1.3964467607859770     
  0.64666666666666672       -1.5664522591753511     
  0.65000000000000002       -1.7740804851683971     
  0.65333333333333332       -1.4320082209216745     
  0.65666666666666673       -1.0737937028547946     
  0.66000000000000003       -1.2076074889901125     
  0.66333333333333333       -1.1076777311563772     
  0.66666666666666674      -0.70334707680351416     
  0.67000000000000004      -0.43680708785424821     
  0.67333333333333334      -0.12006833155507612     
  0.67666666666666675        4.0270596978706566E-002
  0.68000000000000005       -6.6084578594545362E-002
  0.68333333333333335       0.24451229509739408     
  0.68666666666666676       0.73050517344856569     
  0.69000000000000006       0.66947542987220621     
  0.69333333333333336       0.54915990307831786     
  0.69666666666666666       0.71573013589819467     
  0.70000000000000007       0.79842935905041978     
  0.70333333333333337       0.94934927765841859     
  0.70666666666666667        1.1097697034442857     
  0.71000000000000008       0.84452353166503669     
  0.71333333333333337       0.69389619711217532     
  0.71666666666666667        1.0553047395769490     
  0.72000000000000008        1.1871009012953431     
  0.72333333333333338       0.96549268703740754     
  0.72666666666666668       0.92939741871400605     
  0.73000000000000009       0.91684977301999193     
  0.73333333333333339       0.89362818440929892     
  0.73666666666666669        1.1552150571851107     
  0.74000000000000010        1.2107772709507354     
  0.74333333333333340       0.83062260667262988     
  0.74666666666666670       0.77899633672042290     
  0.75000000000000000        1.0941357654488371     
  0.75333333333333341        1.1233771294536592     
  0.75666666666666671        1.0279158312650296     
  0.76000000000000001        1.0373579953530756     
  0.76333333333333342       0.86644280013810471     
  0.76666666666666672       0.81277314945590784     
  0.77000000000000002        1.1598179246760050     
  0.77333333333333343        1.2548043957844215     
  0.77666666666666673       0.89606618276309247     
  0.78000000000000003       0.81481829954539442     
  0.78333333333333344       0.99357069898597494     
  0.78666666666666674        1.0240027572721684     
  0.79000000000000004        1.0609643785301555     
  0.79333333333333333        1.1961801056642005     
  0.79666666666666675       0.91700938194789261     
  0.80000000000000004       0.73286741804364586     
  0.80333333333333334       0.95842442870981492     
  0.80666666666666675        1.2914657034806398     
  0.81000000000000005        1.0109745655649620     
  0.81333333333333335       0.99683543870770430     
  0.81666666666666676       0.88944691777663398     
  0.82000000000000006       0.95752270916059123     
  0.82333333333333336       0.80588656670956826     
  0.82666666666666677        1.3383902526846427     
  0.83000000000000007        1.0996363019497086     
  0.83333333333333337       0.95463842378304320     
  0.83666666666666667       0.66479685612821926     
  0.84000000000000008        1.1259015190748876     
  0.84333333333333338       0.98213995769443641     
  0.84666666666666668        1.0995553343457487     
  0.85000000000000009        1.1402589431023009     
  0.85333333333333339        1.0132621852638037     
  0.85666666666666669       0.76538577857533063     
  0.86000000000000010       0.76501408131056703     
  0.86333333333333340        1.2971106144540123     
  0.86666666666666670        1.0933016159458215     
  0.87000000000000011        1.0542507164659278     
  0.87333333333333341       0.91261043497190308     
  0.87666666666666671       0.97280489447929352     
  0.88000000000000000       0.81784004764112916     
  0.88333333333333341       0.89072411406927099     
  0.88666666666666671        1.3636322447582696     
  0.89000000000000001        1.1157634268200363     
  0.89333333333333342       0.92760010840766871     
  0.89666666666666672       0.76996539932000552     
  0.90000000000000002       0.98291257902796947     
  0.90333333333333343        1.0054650856830925     
  0.90666666666666673       0.92091994774742103     
  0.91000000000000003        1.3131979888467893     
  0.91333333333333344        1.1266058436220563     
  0.91666666666666674       0.86354986148981938     
  0.92000000000000004       0.71604394197687649     
  0.92333333333333334       0.92586433299624582     
  0.92666666666666675        1.2075961762270193     
  0.93000000000000005       0.96352072504647412     
  0.93333333333333335        1.1517588560471634     
  0.93666666666666676        1.1724063588464695     
  0.94000000000000006       0.87420492363485858     
  0.94333333333333336       0.74680153504722124     
  0.94666666666666677       0.78148004692586848     
  0.95000000000000007        1.2379491348740235     
  0.95333333333333337        1.1770275719396863     
  0.95666666666666678       0.97284094453358660     
  0.96000000000000008        1.1585499620468915     
  0.96333333333333337       0.97354319013103374     
  0.96666666666666667       0.80642360038798511     
  0.97000000000000008       0.72717591990215658     
  0.97333333333333338       0.95626250572025973     
  0.97666666666666668        1.3654977474236865     
  0.98000000000000009        1.0974927912559698     
  0.98333333333333339       0.98684657995157821     
  0.98666666666666669        1.1043194930006854     
  0.99000000000000010       0.89826973314996228     
  0.99333333333333340       0.79660948827596967     
  0.99666666666666670       0.72309970503049781     
