   0.0000000000000000        1.0584084485675873     
   3.3333333333333335E-003  0.91113908480108941     
   6.6666666666666671E-003  0.98286650473610249     
   1.0000000000000000E-002  0.69261146525203043     
   1.3333333333333334E-002  0.52057658449006372     
   1.6666666666666666E-002  0.96709052616092717     
   2.0000000000000000E-002   1.0911372715161065     
   2.3333333333333334E-002   1.1830551251196824     
   2.6666666666666668E-002   1.1774199752087702     
   3.0000000000000002E-002   1.2560972416302818     
   3.3333333333333333E-002   1.5053478200109183     
   3.6666666666666667E-002   1.0835300676931470     
   4.0000000000000001E-002  0.78201447137736235     
   4.3333333333333335E-002  0.81322105489504370     
   4.6666666666666669E-002  0.71354365127188035     
   5.0000000000000003E-002  0.71860657115651250     
   5.3333333333333337E-002  0.49402485341623287     
   5.6666666666666671E-002  0.61805969906540181     
   6.0000000000000005E-002   1.1452715645152503     
   6.3333333333333339E-002   1.1572822008346226     
   6.6666666666666666E-002   1.2029421886175631     
   7.0000000000000007E-002   1.3875575836872149     
   7.3333333333333334E-002   1.5295111056754982     
   7.6666666666666675E-002   1.7633026808503587     
   8.0000000000000002E-002   1.4545414515314479     
   8.3333333333333343E-002   1.1397125949502682     
   8.6666666666666670E-002   1.2798796325377360     
   9.0000000000000011E-002   1.0781513546625521     
   9.3333333333333338E-002  0.74818469350201877     
   9.6666666666666679E-002  0.41997553942297666     
  0.10000000000000001        6.9891174780354851E-002
  0.10333333333333335       0.16316356826485803     
  0.10666666666666667        4.3184993880887868E-003
  0.11000000000000000      -0.51896976155739871     
  0.11333333333333334      -0.59025762635906742     
  0.11666666666666667      -0.58518705968658491     
  0.12000000000000001      -0.63500218006019682     
  0.12333333333333334      -0.65852633497966973     
  0.12666666666666668       -1.0142605485998402     
  0.13000000000000000       -1.0570389733050658     
  0.13333333333333333      -0.72613412812061084     
  0.13666666666666669      -0.85068329575389046     
  0.14000000000000001       -1.0389812591273315     
  0.14333333333333334       -1.0455187710936826     
  0.14666666666666667       -1.0930963664692439     
  0.15000000000000002      -0.85669676067910427     
  0.15333333333333335      -0.79615753284051860     
  0.15666666666666668       -1.1746463057284893     
  0.16000000000000000       -1.1487688221750560     
  0.16333333333333333      -0.90206964598842221     
  0.16666666666666669      -0.92801995451569341     
  0.17000000000000001      -0.90997226743017068     
  0.17333333333333334       -1.0484386840219322     
  0.17666666666666667       -1.2379920903069395     
  0.18000000000000002      -0.93048595222927555     
  0.18333333333333335      -0.75983585682936838     
  0.18666666666666668       -1.0462532133623537     
  0.19000000000000000       -1.1092570950774177     
  0.19333333333333336       -1.0611695571733897     
  0.19666666666666668       -1.0478582975216504     
  0.20000000000000001      -0.80907962877187345     
  0.20333333333333334      -0.86526177235699642     
  0.20666666666666669       -1.2314207474926195     
  0.21000000000000002       -1.1298766637820201     
  0.21333333333333335      -0.87495398364094634     
  0.21666666666666667      -0.92637674976356499     
  0.22000000000000000      -0.92393125097137285     
  0.22333333333333336       -1.0139167178159578     
  0.22666666666666668       -1.2438553195628326     
  0.23000000000000001       -1.0285233568944523     
  0.23333333333333334      -0.73506370305483060     
  0.23666666666666669      -0.94613946637768154     
  0.24000000000000002       -1.1191668540306632     
  0.24333333333333335       -1.0600746487081945     
  0.24666666666666667       -1.1051729140674913     
  0.25000000000000000      -0.96236829936745882     
  0.25333333333333335      -0.73400730461787733     
  0.25666666666666671      -0.98848969274924237     
  0.26000000000000001       -1.2572795023272565     
  0.26333333333333336       -1.0566999366676801     
  0.26666666666666666      -0.91974562628613621     
  0.27000000000000002      -0.94704013227883599     
  0.27333333333333337      -0.84944313838458285     
  0.27666666666666667      -0.98515041798607594     
  0.28000000000000003       -1.2784834811869494     
  0.28333333333333333       -1.0986712576078090     
  0.28666666666666668      -0.78511807810285494     
  0.29000000000000004      -0.88949272041338301     
  0.29333333333333333       -1.0114279251647080     
  0.29666666666666669       -1.0020411901859880     
  0.30000000000000004       -1.1719743509879705     
  0.30333333333333334       -1.1653418367579500     
  0.30666666666666670      -0.80344234755707900     
  0.31000000000000000      -0.75597113225123569     
  0.31333333333333335       -1.0703790711232024     
  0.31666666666666671       -1.1284938994300968     
  0.32000000000000001       -1.0544993570764760     
  0.32333333333333336       -1.1191568793884163     
  0.32666666666666666      -0.96324597356510411     
  0.33000000000000002      -0.70831632857593330     
  0.33333333333333337      -0.90882973006710888     
  0.33666666666666667       -1.2322171147923529     
  0.34000000000000002       -1.1381324353859108     
  0.34333333333333338      -0.98953439309908475     
  0.34666666666666668       -1.0160746813707338     
  0.35000000000000003      -0.87782570765275914     
  0.35333333333333333      -0.74467471778245176     
  0.35666666666666669       -1.0460446822707723     
  0.36000000000000004       -1.2931290857962714     
  0.36333333333333334       -1.1111300339443191     
  0.36666666666666670      -0.89583878644838755     
  0.37000000000000005      -0.97638738250016388     
  0.37333333333333335      -0.85109378050458484     
  0.37666666666666671      -0.82733651613936721     
  0.38000000000000000       -1.0388787517431157     
  0.38333333333333336       -1.3781827284019272     
  0.38666666666666671       -1.0371941867757248     
  0.39000000000000001      -0.94546868454199373     
  0.39333333333333337      -0.82816746070717873     
  0.39666666666666667       -1.0094361213814491     
  0.40000000000000002      -0.68751778331219271     
  0.40333333333333338       -1.1507691166416278     
  0.40666666666666668       -1.2035427733835613     
  0.41000000000000003       -1.3034887900212266     
  0.41333333333333339      -0.78729166507018966     
  0.41666666666666669      -0.96739357196524511     
  0.42000000000000004      -0.88034945750210103     
  0.42333333333333334      -0.80783658675934578     
  0.42666666666666669      -0.90952432288035490     
  0.43000000000000005       -1.1819625244332983     
  0.43333333333333335       -1.4030545709428039     
  0.43666666666666670      -0.93382424586705737     
  0.44000000000000000      -0.99844984189971842     
  0.44333333333333336      -0.88531658075816488     
  0.44666666666666671      -0.87816360308614727     
  0.45000000000000001      -0.71123450055676085     
  0.45333333333333337      -0.91367557176560799     
  0.45666666666666672       -1.3744655743327332     
  0.46000000000000002       -1.1547467187233276     
  0.46333333333333337       -1.1288631822791015     
  0.46666666666666667      -0.99968747095134125     
  0.47000000000000003       -1.0444404950456614     
  0.47333333333333338      -0.79917627114862155     
  0.47666666666666668      -0.54112759441598046     
  0.48000000000000004      -0.97950418260254857     
  0.48333333333333334       -1.0938785323040465     
  0.48666666666666669       -1.1786245708414247     
  0.49000000000000005       -1.1311013185988454     
  0.49333333333333335       -1.2120335644413001     
  0.49666666666666670       -1.3482438457328596     
  0.50000000000000000      -0.82531999903856557     
  0.50333333333333341      -0.69107041265891489     
  0.50666666666666671      -0.77423625730201129     
  0.51000000000000001      -0.81594929365560109     
  0.51333333333333342      -0.89598564109645673     
  0.51666666666666672      -0.79104277242102528     
  0.52000000000000002       -1.2370739448828441     
  0.52333333333333332       -1.4824912558220460     
  0.52666666666666673       -1.2259684097927852     
  0.53000000000000003       -1.1963752736141675     
  0.53333333333333333       -1.0828492869506727     
  0.53666666666666674       -1.0920350582523717     
  0.54000000000000004      -0.85145790171150249     
  0.54333333333333333      -0.40752463223635527     
  0.54666666666666675      -0.63673934734663795     
  0.55000000000000004      -0.78846933921317308     
  0.55333333333333334      -0.74822119753964145     
  0.55666666666666675      -0.87263835070050799     
  0.56000000000000005      -0.97655037853711768     
  0.56333333333333335       -1.4410348371206125     
  0.56666666666666665       -1.6175810780535462     
  0.57000000000000006       -1.3405535696248110     
  0.57333333333333336       -1.4900548995528227     
  0.57666666666666666       -1.5791265820353537     
  0.58000000000000007       -1.4442420160401199     
  0.58333333333333337       -1.2336375313554930     
  0.58666666666666667      -0.76078245888336282     
  0.59000000000000008      -0.70596059222552221     
  0.59333333333333338      -0.72547726709489813     
  0.59666666666666668      -0.20379909584743899     
  0.60000000000000009       0.10101528185542945     
  0.60333333333333339       0.21448866228754149     
  0.60666666666666669       0.32718803890081399     
  0.60999999999999999       0.30575742428603336     
  0.61333333333333340       0.67670993031822746     
  0.61666666666666670       0.95277616235213991     
  0.62000000000000000       0.68573756786066020     
  0.62333333333333341       0.70698161434553786     
  0.62666666666666671       0.90855082295755007     
  0.63000000000000000       0.97311843738390480     
  0.63333333333333341        1.1017810563033339     
  0.63666666666666671       0.89920379144596418     
  0.64000000000000001       0.73355930573506534     
  0.64333333333333342        1.0931815932796998     
  0.64666666666666672        1.1683682430657076     
  0.65000000000000002       0.94207795773104974     
  0.65333333333333332       0.93327690220898618     
  0.65666666666666673       0.88489401222855291     
  0.66000000000000003        1.0111012944182662     
  0.66333333333333333        1.2471304204112219     
  0.66666666666666674       0.96745794832633503     
  0.67000000000000004       0.76050779602864327     
  0.67333333333333334        1.0244728092856248     
  0.67666666666666675        1.0997465321932283     
  0.68000000000000005        1.0682400059009356     
  0.68333333333333335        1.0544242681260736     
  0.68666666666666676       0.80639992067086130     
  0.69000000000000006       0.87277180817896927     
  0.69333333333333336        1.2357718332470464     
  0.69666666666666666        1.1127580804580548     
  0.70000000000000007       0.86827719742332166     
  0.70333333333333337       0.93059024024189241     
  0.70666666666666667       0.93190824820448492     
  0.71000000000000008        1.0444070843463835     
  0.71333333333333337        1.2370906176805330     
  0.71666666666666667       0.96631309526906706     
  0.72000000000000008       0.73357409039975530     
  0.72333333333333338        1.0050803934674124     
  0.72666666666666668        1.1378721741030806     
  0.73000000000000009        1.0519052612523094     
  0.73333333333333339        1.0694558198231883     
  0.73666666666666669       0.89530265090373462     
  0.74000000000000010       0.76842236992414437     
  0.74333333333333340        1.1050161733257520     
  0.74666666666666670        1.2526431654783032     
  0.75000000000000000       0.96236829936746060     
  0.75333333333333341       0.88147755602868716     
  0.75666666666666671       0.94354816813168663     
  0.76000000000000001       0.90653501822073734     
  0.76333333333333342        1.1075367521416291     
  0.76666666666666672        1.2541377430544938     
  0.77000000000000002       0.92365822792097807     
  0.77333333333333343       0.74345999292483100     
  0.77666666666666673       0.99398674233462070     
  0.78000000000000003        1.0881263206153327     
  0.78333333333333344        1.0587349121023062     
  0.78666666666666674        1.1472547121424421     
  0.79000000000000004       0.97496229984902227     
  0.79333333333333333       0.71191542587657264     
  0.79666666666666675       0.93671272230108904     
  0.80000000000000004        1.2311719196394197     
  0.80333333333333334        1.1004420538215465     
  0.80666666666666675       0.97804462363073785     
  0.81000000000000005       0.99245641914968508     
  0.81333333333333335       0.83052577843170683     
  0.81666666666666676       0.83390548813339282     
  0.82000000000000006        1.1922534107481351     
  0.82333333333333336        1.2574024375021273     
  0.82666666666666677       0.93928009882879548     
  0.83000000000000007       0.85778079997746548     
  0.83333333333333337       0.94826772387774716     
  0.83666666666666667       0.88715634036955771     
  0.84000000000000008        1.0004649076291212     
  0.84333333333333338        1.2792866865990227     
  0.84666666666666668        1.1531940507391969     
  0.85000000000000009       0.79244451060081322     
  0.85333333333333339       0.81994659437891615     
  0.85666666666666669       0.99838186008475571     
  0.86000000000000010       0.98770713240400199     
  0.86333333333333340        1.0626095382522471     
  0.86666666666666670        1.2714857146311123     
  0.87000000000000011        1.0603079184213260     
  0.87333333333333341       0.74538405486229375     
  0.87666666666666671       0.77888123677350207     
  0.88000000000000000        1.0896141395435779     
  0.88333333333333341        1.0105936257363723     
  0.88666666666666671        1.1236464907348838     
  0.89000000000000001        1.1586810218133574     
  0.89333333333333342        1.1596739989960794     
  0.89666666666666672       0.63178389082905251     
  0.90000000000000002       0.85842423994797923     
  0.90333333333333343       0.93459267306608840     
  0.90666666666666673        1.2262501997906778     
  0.91000000000000003       0.93129802758419633     
  0.91333333333333344        1.3063888387245628     
  0.91666666666666674        1.0613185083704684     
  0.92000000000000004       0.89064889299342953     
  0.92333333333333334       0.62366048794434115     
  0.92666666666666675       0.94898052900303165     
  0.93000000000000005        1.1349585103708921     
  0.93333333333333335       0.98841568150681858     
  0.93666666666666676        1.2175768821530430     
  0.94000000000000006        1.1671710278778464     
  0.94333333333333336        1.1398952323932701     
  0.94666666666666677       0.62396725896273686     
  0.95000000000000007       0.78109726861342099     
  0.95333333333333337       0.99047987569084994     
  0.95666666666666678       0.96876915167404531     
  0.96000000000000008        1.0853032883891844     
  0.96333333333333337        1.1373681728383238     
  0.96666666666666667        1.4221860040115863     
  0.97000000000000008       0.98471852702954710     
  0.97333333333333338       0.75062783656461129     
  0.97666666666666668       0.84056372511834465     
  0.98000000000000009       0.83356750923581546     
  0.98333333333333339       0.91783077856414419     
  0.98666666666666669       0.80321551423503146     
  0.99000000000000010        1.2544391470024110     
  0.99333333333333340        1.4206638118753931     
  0.99666666666666670        1.1281751735906824     
