   0.0000000000000000        1.1443439163811810     
   3.3333333333333335E-003  0.86576597244774645     
   6.6666666666666671E-003  0.90773691346998564     
   1.0000000000000000E-002   1.0455970970668398     
   1.3333333333333334E-002  0.83674366952090018     
   1.6666666666666666E-002  0.85796494580694560     
   2.0000000000000000E-002   1.3858219259069857     
   2.3333333333333334E-002   1.1670528339218209     
   2.6666666666666668E-002  0.77987046812186822     
   3.0000000000000002E-002  0.71106289253669863     
   3.3333333333333333E-002   1.0436783725834906     
   3.6666666666666667E-002   1.0778552201269516     
   4.0000000000000001E-002   1.2847818575383545     
   4.3333333333333335E-002  0.85352761781245767     
   4.6666666666666669E-002  0.99465369314102636     
   5.0000000000000003E-002  0.98260849551276819     
   5.3333333333333337E-002  0.96832035695576635     
   5.6666666666666671E-002  0.64025379484869938     
   6.0000000000000005E-002   1.3313210942672979     
   6.3333333333333339E-002   1.2889567203965449     
   6.6666666666666666E-002  0.98406076959494548     
   7.0000000000000007E-002  0.70563587628907842     
   7.3333333333333334E-002  0.87052319208477269     
   7.6666666666666675E-002   1.0122088958204740     
   8.0000000000000002E-002   1.1506154806029949     
   8.3333333333333343E-002   1.1633802493972998     
   8.6666666666666670E-002  0.83588619909813155     
   9.0000000000000011E-002   1.1804678511023703     
   9.3333333333333338E-002  0.97876252179061141     
   9.6666666666666679E-002  0.71249580419391734     
  0.10000000000000001       0.76232504223369757     
  0.10333333333333335        1.3497377648889821     
  0.10666666666666667        1.2996373163333619     
  0.11000000000000000       0.90332404664052590     
  0.11333333333333334       0.93566515508762182     
  0.11666666666666667       0.75235639345668026     
  0.12000000000000001        1.0096890345425467     
  0.12333333333333334        1.0609085099953932     
  0.12666666666666668        1.0171171486047725     
  0.13000000000000000       0.99761624780438118     
  0.13333333333333333        1.2544941541901080     
  0.13666666666666669        1.1958914508691685     
  0.14000000000000001       0.51680878761403892     
  0.14333333333333334       0.76878689404819167     
  0.14666666666666667        1.1206862847455161     
  0.15000000000000002        1.2016641712250280     
  0.15333333333333335        1.1302147458645968     
  0.15666666666666668        1.0067539291357925     
  0.16000000000000000        1.0035601581442350     
  0.16333333333333333       0.85893072623457645     
  0.16666666666666669        1.0440520069209400     
  0.17000000000000001       0.79431127449084382     
  0.17333333333333334       0.74629737515275518     
  0.17666666666666667        1.3734941158865559     
  0.18000000000000002        1.3660583237235231     
  0.18333333333333335       0.98843988106195790     
  0.18666666666666668       0.70796290655625771     
  0.19000000000000000       0.90344219510547896     
  0.19333333333333336        1.0005464924730436     
  0.19666666666666668       0.85230101310212991     
  0.20000000000000001        1.1156745916930173     
  0.20333333333333334        1.0268968567181149     
  0.20666666666666669        1.0971734190654805     
  0.21000000000000002        1.3630928513840395     
  0.21333333333333335       0.97466160562375370     
  0.21666666666666667       0.60644633126796610     
  0.22000000000000000       0.66343121406677918     
  0.22333333333333336        1.1489952321223658     
  0.22666666666666668        1.2111569776699125     
  0.23000000000000001       0.89233256879527811     
  0.23333333333333334        1.1712677497857344     
  0.23666666666666669        1.1816275969042358     
  0.24000000000000002        1.0064904509204498     
  0.24333333333333335        1.0368587317080644     
  0.24666666666666667       0.73682466171204553     
  0.25000000000000000       0.63620129559279937     
  0.25333333333333335       0.89449506213321017     
  0.25666666666666671        1.3153222842544692     
  0.26000000000000001        1.3425187257574343     
  0.26333333333333336       0.85463347616325769     
  0.26666666666666666        1.0460344974250559     
  0.27000000000000002        1.2760357215991565     
  0.27333333333333337       0.89026579370026959     
  0.27666666666666667       0.77363541937805236     
  0.28000000000000003       0.73311807447172772     
  0.28333333333333333       0.77715955522537206     
  0.28666666666666668        1.0553565288891826     
  0.29000000000000004        1.2715690681393375     
  0.29333333333333333        1.3708739188621963     
  0.29666666666666669       0.98513704620154674     
  0.30000000000000004       0.85735277374286301     
  0.30333333333333334        1.3025911196336750     
  0.30666666666666670        1.0412467541778525     
  0.31000000000000000       0.57359848219654486     
  0.31333333333333335       0.66853124420296883     
  0.31666666666666671       0.82606880294913543     
  0.32000000000000001        1.0543174951365342     
  0.32333333333333336        1.1886081016071020     
  0.32666666666666666        1.2360282896510479     
  0.33000000000000002        1.2484233780028879     
  0.33333333333333337       0.96959223389034355     
  0.33666666666666667        1.1222093642950997     
  0.34000000000000002        1.3824532999239398     
  0.34333333333333338       0.79813551377297198     
  0.34666666666666668       0.42804621214321581     
  0.35000000000000003       0.69859541681611681     
  0.35333333333333333       0.88495407716279473     
  0.35666666666666669       0.99335982489944685     
  0.36000000000000004       0.98062391904583279     
  0.36333333333333334        1.0620673542420040     
  0.36666666666666670        1.2613844932750187     
  0.37000000000000005        1.1818888956766500     
  0.37333333333333335        1.3832476346809113     
  0.37666666666666671        1.5821382231040464     
  0.38000000000000000       0.96933885888811899     
  0.38333333333333336       0.59822384485014524     
  0.38666666666666671       0.86869480520377451     
  0.39000000000000001       0.89830853540677769     
  0.39333333333333337       0.71863794262062441     
  0.39666666666666667       0.51560995201934512     
  0.40000000000000002       0.50919103574777935     
  0.40333333333333338       0.82053623066476122     
  0.40666666666666668       0.90249727283143732     
  0.41000000000000003        1.0824206127202705     
  0.41333333333333339        1.5356385641636308     
  0.41666666666666669        1.3553469137280403     
  0.42000000000000004        1.0987075350641236     
  0.42333333333333334        1.5543361755087157     
  0.42666666666666669        1.8295157423699693     
  0.43000000000000005        1.6132977736039360     
  0.43333333333333335        1.3076535174094006     
  0.43666666666666670        1.0396283786319929     
  0.44000000000000000        1.0634527336594992     
  0.44333333333333336       0.98912299701416506     
  0.44666666666666671       0.60798599659842911     
  0.45000000000000001       0.57501890522391474     
  0.45333333333333337       0.42676971843718664     
  0.45666666666666672      -0.24514382334318799     
  0.46000000000000002      -0.37527994579398716     
  0.46333333333333337       -3.6588500333517210E-002
  0.46666666666666667      -0.17119501612315402     
  0.47000000000000003      -0.53393777217026739     
  0.47333333333333338      -0.80535078114396907     
  0.47666666666666668      -0.88821341083364469     
  0.48000000000000004      -0.68121274587555170     
  0.48333333333333334      -0.73623439386732392     
  0.48666666666666669      -0.93689883713371302     
  0.49000000000000005      -0.73814453566697735     
  0.49333333333333335      -0.83056279970718028     
  0.49666666666666670       -1.3168384507567623     
  0.50000000000000000       -1.1321232712996263     
  0.50333333333333341      -0.69054499967221605     
  0.50666666666666671      -0.75875284125259324     
  0.51000000000000001       -1.0178265742489139     
  0.51333333333333342       -1.1514903938034515     
  0.51666666666666672       -1.1841041953512526     
  0.52000000000000002      -0.88149773338945014     
  0.52333333333333332      -0.93791454969054255     
  0.52666666666666673       -1.0333330528712685     
  0.53000000000000003      -0.86610954681596952     
  0.53333333333333333      -0.78039093620308797     
  0.53666666666666674       -1.4008790956859754     
  0.54000000000000004       -1.2001052029253343     
  0.54333333333333333      -0.86882906567490170     
  0.54666666666666675      -0.65623587916578574     
  0.55000000000000004       -1.0391280727545023     
  0.55333333333333334      -0.98551609970134479     
  0.55666666666666675       -1.3032243574967346     
  0.56000000000000005      -0.91552821178620603     
  0.56333333333333335       -1.0117661850286646     
  0.56666666666666665       -1.0161058570513741     
  0.57000000000000006      -0.97200512455411203     
  0.57333333333333336      -0.61322361824113392     
  0.57666666666666666       -1.1007938731355527     
  0.58000000000000007       -1.4439285821631411     
  0.58333333333333337       -1.0314247039647226     
  0.58666666666666667      -0.85516924931035954     
  0.59000000000000008      -0.77067705466710945     
  0.59333333333333338      -0.99546297650922311     
  0.59666666666666668      -0.98523585838730432     
  0.60000000000000009       -1.1899988401357200     
  0.60333333333333339      -0.93267664211866919     
  0.60666666666666669       -1.1148522068571884     
  0.60999999999999999       -1.2222933972050691     
  0.61333333333333340      -0.70741160497328825     
  0.61666666666666670      -0.65188410761928128     
  0.62000000000000000       -1.0274746268150132     
  0.62333333333333341       -1.4192480678931978     
  0.62666666666666671       -1.0280283036093232     
  0.63000000000000000      -0.99537848309612309     
  0.63333333333333341      -0.95734748102108236     
  0.63666666666666671      -0.82671461898364818     
  0.64000000000000001       -1.0294288429835716     
  0.64333333333333342      -0.87931836297491361     
  0.64666666666666672      -0.94624907633159727     
  0.65000000000000002       -1.1675457874681714     
  0.65333333333333332       -1.4245283033317417     
  0.65666666666666673      -0.95977320974381675     
  0.66000000000000003      -0.51056146679528025     
  0.66333333333333333      -0.96999267992054838     
  0.66666666666666674       -1.0423451376213575     
  0.67000000000000004       -1.0407878072690360     
  0.67333333333333334       -1.0663901453426472     
  0.67666666666666675       -1.0996130586514494     
  0.68000000000000005       -1.1339879556158436     
  0.68333333333333335       -1.0016550484192734     
  0.68666666666666676      -0.97724343645359280     
  0.69000000000000006      -0.57296418252078052     
  0.69333333333333336      -0.77471965084105765     
  0.69666666666666666       -1.4114018977563487     
  0.70000000000000007       -1.2261102440848750     
  0.70333333333333337      -0.97744770527827418     
  0.70666666666666667      -0.95247399235932606     
  0.71000000000000008       -1.0943713566082631     
  0.71333333333333337      -0.95377737411916808     
  0.71666666666666667      -0.70196866339018271     
  0.72000000000000008      -0.92000019452515203     
  0.72333333333333338      -0.89923758116040120     
  0.72666666666666668       -1.1552336772471534     
  0.73000000000000009       -1.4990979397643167     
  0.73333333333333339       -1.0562801843059084     
  0.73666666666666669      -0.74923596492510547     
  0.74000000000000010      -0.85170231875757629     
  0.74333333333333340       -1.0684729466253917     
  0.74666666666666670      -0.91779674144085677     
  0.75000000000000000      -0.63620129559280159     
  0.75333333333333341       -1.0754671418620230     
  0.75666666666666671       -1.2837080693371379     
  0.76000000000000001       -1.1877305935945632     
  0.76333333333333342       -1.2870251081423874     
  0.76666666666666672      -0.93104693194522659     
  0.77000000000000002      -0.66927035063011875     
  0.77333333333333343      -0.83434249327751375     
  0.77666666666666673       -1.0233930703400191     
  0.78000000000000003      -0.98968705493009945     
  0.78333333333333344      -0.68163722310316044     
  0.78666666666666674       -1.0344722973846054     
  0.79000000000000004       -1.5402905629151138     
  0.79333333333333333       -1.2261744921560414     
  0.79666666666666675       -1.0345861976413975     
  0.80000000000000004      -0.96778842613472005     
  0.80333333333333334      -0.74349023497945577     
  0.80666666666666675      -0.81541991254587132     
  0.81000000000000005      -0.90407649478124041     
  0.81333333333333335      -0.93781177410030059     
  0.81666666666666676      -0.81285363559181878     
  0.82000000000000006      -0.82224712702885439     
  0.82333333333333336       -1.4624891588422082     
  0.82666666666666677       -1.5561210598409392     
  0.83000000000000007       -1.0019468452246905     
  0.83333333333333337      -0.96788536459076480     
  0.83666666666666667       -1.0111474106091278     
  0.84000000000000008      -0.88945460857498571     
  0.84333333333333338      -0.84511623316495177     
  0.84666666666666668      -0.72235976961035675     
  0.85000000000000009      -0.73271380057297364     
  0.85333333333333339      -0.71051686874887665     
  0.85666666666666669      -0.88282835597273279     
  0.86000000000000010       -1.4932439744153689     
  0.86333333333333340       -1.4312441861275214     
  0.86666666666666670      -0.96423782010599846     
  0.87000000000000011       -1.1841266603849099     
  0.87333333333333341       -1.3941587896854633     
  0.87666666666666671       -1.2237986652062460     
  0.88000000000000000      -0.98712445116058356     
  0.88333333333333341      -0.69869613068754044     
  0.88666666666666671      -0.64044125508944127     
  0.89000000000000001      -0.57933918484223379     
  0.89333333333333342      -0.53385283314445120     
  0.89666666666666672      -0.93267107478965461     
  0.90000000000000002      -0.93686483364980322     
  0.90333333333333343      -0.54779617647137135     
  0.90666666666666673      -0.91919772755005069     
  0.91000000000000003       -1.4922114091555303     
  0.91333333333333344       -1.5549216143758606     
  0.91666666666666674       -1.4873024591606203     
  0.92000000000000004       -1.3920206366242753     
  0.92333333333333334       -1.4657511981936364     
  0.92666666666666675       -1.5722161685263305     
  0.93000000000000005       -1.3469285253389021     
  0.93333333333333335       -1.3396986048658328     
  0.93666666666666676       -1.3168189139998780     
  0.94000000000000006      -0.64765985117840752     
  0.94333333333333336      -0.32615243436612784     
  0.94666666666666677      -0.62518173934401111     
  0.95000000000000007      -0.51849932798218357     
  0.95333333333333337       -8.8351904461945158E-002
  0.95666666666666678       0.26044527120563959     
  0.96000000000000008       0.45995660040700426     
  0.96333333333333337       0.35961237589254147     
  0.96666666666666667       0.43448245250355577     
  0.97000000000000008       0.68898442644954239     
  0.97333333333333338       0.55188819639456699     
  0.97666666666666668       0.65907512660236756     
  0.98000000000000009        1.1855369383930845     
  0.98333333333333339        1.0623736434116329     
  0.98666666666666669       0.62215211285115912     
  0.99000000000000010       0.71037401284905344     
  0.99333333333333340       0.97954687192456513     
  0.99666666666666670        1.1416174779812409     
