   0.0000000000000000      -0.80720726586914093     
   3.3333333333333335E-003 -0.96640568570272012     
   6.6666666666666671E-003  -1.1948694787260925     
   1.0000000000000000E-002  -1.0559271592433259     
   1.3333333333333334E-002 -0.80942563675224866     
   1.6666666666666666E-002 -0.90472704452411068     
   2.0000000000000000E-002  -1.1716501412868212     
   2.3333333333333334E-002  -1.1470800841148483     
   2.6666666666666668E-002 -0.87340660120949054     
   3.0000000000000002E-002 -0.80152875347773644     
   3.3333333333333333E-002  -1.0456672614520759     
   3.6666666666666667E-002  -1.2247298476749262     
   4.0000000000000001E-002  -1.0684600563343747     
   4.3333333333333335E-002 -0.80767733419494037     
   4.6666666666666669E-002 -0.81372658007754972     
   5.0000000000000003E-002  -1.0767856142925107     
   5.3333333333333337E-002  -1.2448033980186306     
   5.6666666666666671E-002  -1.1019818016480771     
   6.0000000000000005E-002 -0.82783206034252743     
   6.3333333333333339E-002 -0.75170396396566974     
   6.6666666666666666E-002 -0.96006344652382736     
   7.0000000000000007E-002  -1.2200399705823686     
   7.3333333333333334E-002  -1.2548742540946427     
   7.6666666666666675E-002  -1.0306855337559229     
   8.0000000000000002E-002 -0.76735595308843385     
   8.3333333333333343E-002 -0.70932830492702448     
   8.6666666666666670E-002 -0.90634060223625312     
   9.0000000000000011E-002  -1.1919563947616736     
   9.3333333333333338E-002  -1.3399112442344976     
   9.6666666666666679E-002  -1.2409876971724507     
  0.10000000000000001      -0.96573693114961090     
  0.10333333333333335      -0.69452224831803322     
  0.10666666666666667      -0.59141342480048698     
  0.11000000000000000      -0.71316194441742842     
  0.11333333333333334      -0.99657755658874059     
  0.11666666666666667       -1.3095922504781929     
  0.12000000000000001       -1.5217751090484990     
  0.12333333333333334       -1.5551083731968522     
  0.12666666666666668       -1.3990820128690198     
  0.13000000000000000       -1.0961157767691414     
  0.13333333333333333      -0.71363562473914688     
  0.13666666666666669      -0.31797475510660023     
  0.14000000000000001        4.1720614074850504E-002
  0.14333333333333334       0.33852939792556758     
  0.14666666666666667       0.56494305506405373     
  0.15000000000000002       0.72649540997812567     
  0.15333333333333335       0.83520313337943808     
  0.15666666666666668       0.90460409017155408     
  0.16000000000000000       0.94683680357451783     
  0.16333333333333333       0.97142466757594037     
  0.16666666666666669       0.98516184277987040     
  0.17000000000000001       0.99254561712992284     
  0.17333333333333334       0.99637208409795164     
  0.17666666666666667       0.99828749220917035     
  0.18000000000000002       0.99921511399331064     
  0.18333333333333335       0.99965037119712941     
  0.18666666666666668       0.99984849514843577     
  0.19000000000000000       0.99993608168486514     
  0.19333333333333336       0.99997372537522522     
  0.19666666666666668       0.99998946902642272     
  0.20000000000000001       0.99999588179704790     
  0.20333333333333334       0.99999842775231829     
  0.20666666666666669       0.99999941364953171     
  0.21000000000000002       0.99999978627770325     
  0.21333333333333335       0.99999992382414715     
  0.21666666666666667       0.99999997343772273     
  0.22000000000000000       0.99999999093459258     
  0.22333333333333336       0.99999999697053465     
  0.22666666666666668       0.99999999900831504     
  0.23000000000000001       0.99999999968189224     
  0.23333333333333334       0.99999999989997235     
  0.23666666666666669       0.99999999996915601     
  0.24000000000000002       0.99999999999067379     
  0.24333333333333335       0.99999999999722122     
  0.24666666666666667       0.99999999999923017     
  0.25000000000000000       0.99999999999964040     
  0.25333333333333335        1.0000000000003819     
  0.25666666666666671       0.99999999999846689     
  0.26000000000000001        1.0000000000050404     
  0.26333333333333336       0.99999999998352929     
  0.26666666666666666        1.0000000000527143     
  0.27000000000000002       0.99999999983463539     
  0.27333333333333337        1.0000000005082128     
  0.27666666666666667       0.99999999847043286     
  0.28000000000000003        1.0000000045063748     
  0.28333333333333333       0.99999998700950565     
  0.28666666666666668        1.0000000366230801     
  0.29000000000000004       0.99999989907663700     
  0.29333333333333333        1.0000002717048084     
  0.29666666666666669       0.99999928580759523     
  0.30000000000000004        1.0000018317628647     
  0.30333333333333334       0.99999541899224065     
  0.30666666666666670        1.0000111626434365     
  0.31000000000000000       0.99997351895307707     
  0.31333333333333335        1.0000611054895052     
  0.31666666666666671       0.99986298153820008     
  0.32000000000000001        1.0002982387420192     
  0.32333333333333336       0.99937061695787910     
  0.32666666666666666        1.0012860250690971     
  0.33000000000000002       0.99745955810106857     
  0.33333333333333337        1.0048433324511203     
  0.33666666666666667       0.99110615724718998     
  0.34000000000000002        1.0156940212486127     
  0.34333333333333338       0.97346130784564922     
  0.34666666666666668        1.0428622646377641     
  0.35000000000000003       0.93415454123645281     
  0.35333333333333333        1.0957068961505236     
  0.35666666666666669       0.86929323901203825     
  0.36000000000000004        1.1661020228627546     
  0.36333333333333334       0.80640665368130493     
  0.36666666666666670        1.2020675233138505     
  0.37000000000000005       0.81958737128385517     
  0.37333333333333335        1.1225536073837350     
  0.37666666666666671       0.96652724705590187     
  0.38000000000000000       0.93319398290755040     
  0.38333333333333336        1.1453768414778556     
  0.38666666666666671       0.83236214758840321     
  0.39000000000000001        1.1157777597597149     
  0.39333333333333337       0.99402924014277472     
  0.39666666666666667       0.89092041662522703     
  0.40000000000000002        1.1621350994568043     
  0.40333333333333338       0.88688433343396378     
  0.40666666666666668       0.98580788049601165     
  0.41000000000000003        1.1337627299688340     
  0.41333333333333339       0.84814693744341230     
  0.41666666666666669        1.0451592347526408     
  0.42000000000000004        1.1031868829140488     
  0.42333333333333334       0.83985730224656052     
  0.42666666666666669        1.0640460225852784     
  0.43000000000000005        1.0988803060975523     
  0.43333333333333335       0.83890378203901306     
  0.43666666666666670        1.0472632645971698     
  0.44000000000000000        1.1233913609740285     
  0.44333333333333336       0.84924161966847767     
  0.44666666666666671       0.99206321603903191     
  0.45000000000000001        1.1600809997651527     
  0.45333333333333337       0.89702196555019187     
  0.45666666666666672       0.90307121143280211     
  0.46000000000000002        1.1638539335722364     
  0.46333333333333337        1.0075841422316847     
  0.46666666666666667       0.82852155600883481     
  0.47000000000000003        1.0726600639831756     
  0.47333333333333338        1.1445379117149290     
  0.47666666666666668       0.87086442880956971     
  0.48000000000000004       0.89543448598154329     
  0.48333333333333334        1.1623575827442552     
  0.48666666666666669        1.0670561749723917     
  0.49000000000000005       0.82055465248131487     
  0.49333333333333335       0.95949697196408046     
  0.49666666666666670        1.1879607649874524     
  0.50000000000000000        1.0287623451538730     
  0.50333333333333341       0.80720726586914093     
  0.50666666666666671       0.96640568570272012     
  0.51000000000000001        1.1948694787260925     
  0.51333333333333342        1.0559271592433259     
  0.51666666666666672       0.80942563675224866     
  0.52000000000000002       0.90472704452411068     
  0.52333333333333332        1.1716501412868212     
  0.52666666666666673        1.1470800841148483     
  0.53000000000000003       0.87340660120949054     
  0.53333333333333333       0.80152875347773644     
  0.53666666666666674        1.0456672614520759     
  0.54000000000000004        1.2247298476749262     
  0.54333333333333333        1.0684600563343747     
  0.54666666666666675       0.80767733419494037     
  0.55000000000000004       0.81372658007754972     
  0.55333333333333334        1.0767856142925107     
  0.55666666666666675        1.2448033980186306     
  0.56000000000000005        1.1019818016480771     
  0.56333333333333335       0.82783206034252743     
  0.56666666666666665       0.75170396396566974     
  0.57000000000000006       0.96006344652382736     
  0.57333333333333336        1.2200399705823686     
  0.57666666666666666        1.2548742540946427     
  0.58000000000000007        1.0306855337559229     
  0.58333333333333337       0.76735595308843385     
  0.58666666666666667       0.70932830492702448     
  0.59000000000000008       0.90634060223625312     
  0.59333333333333338        1.1919563947616736     
  0.59666666666666668        1.3399112442344976     
  0.60000000000000009        1.2409876971724507     
  0.60333333333333339       0.96573693114961090     
  0.60666666666666669       0.69452224831803322     
  0.60999999999999999       0.59141342480048698     
  0.61333333333333340       0.71316194441742842     
  0.61666666666666670       0.99657755658874059     
  0.62000000000000000        1.3095922504781929     
  0.62333333333333341        1.5217751090484990     
  0.62666666666666671        1.5551083731968522     
  0.63000000000000000        1.3990820128690198     
  0.63333333333333341        1.0961157767691414     
  0.63666666666666671       0.71363562473914688     
  0.64000000000000001       0.31797475510660023     
  0.64333333333333342       -4.1720614074850504E-002
  0.64666666666666672      -0.33852939792556758     
  0.65000000000000002      -0.56494305506405373     
  0.65333333333333332      -0.72649540997812567     
  0.65666666666666673      -0.83520313337943808     
  0.66000000000000003      -0.90460409017155408     
  0.66333333333333333      -0.94683680357451783     
  0.66666666666666674      -0.97142466757594037     
  0.67000000000000004      -0.98516184277987040     
  0.67333333333333334      -0.99254561712992284     
  0.67666666666666675      -0.99637208409795164     
  0.68000000000000005      -0.99828749220917035     
  0.68333333333333335      -0.99921511399331064     
  0.68666666666666676      -0.99965037119712941     
  0.69000000000000006      -0.99984849514843577     
  0.69333333333333336      -0.99993608168486514     
  0.69666666666666666      -0.99997372537522522     
  0.70000000000000007      -0.99998946902642272     
  0.70333333333333337      -0.99999588179704790     
  0.70666666666666667      -0.99999842775231829     
  0.71000000000000008      -0.99999941364953171     
  0.71333333333333337      -0.99999978627770325     
  0.71666666666666667      -0.99999992382414715     
  0.72000000000000008      -0.99999997343772273     
  0.72333333333333338      -0.99999999093459258     
  0.72666666666666668      -0.99999999697053465     
  0.73000000000000009      -0.99999999900831504     
  0.73333333333333339      -0.99999999968189179     
  0.73666666666666669      -0.99999999989997479     
  0.74000000000000010      -0.99999999996914657     
  0.74333333333333340      -0.99999999999070766     
  0.74666666666666670      -0.99999999999710232     
  0.75000000000000000      -0.99999999999964029     
  0.75333333333333341      -0.99999999999825406     
  0.75666666666666671       -1.0000000000049800     
  0.76000000000000001      -0.99999999998351308     
  0.76333333333333342       -1.0000000000527096     
  0.76666666666666672      -0.99999999983463417     
  0.77000000000000002       -1.0000000005082124     
  0.77333333333333343      -0.99999999847043275     
  0.77666666666666673       -1.0000000045063748     
  0.78000000000000003      -0.99999998700950565     
  0.78333333333333344       -1.0000000366230801     
  0.78666666666666674      -0.99999989907663700     
  0.79000000000000004       -1.0000002717048084     
  0.79333333333333333      -0.99999928580759523     
  0.79666666666666675       -1.0000018317628647     
  0.80000000000000004      -0.99999541899224065     
  0.80333333333333334       -1.0000111626434365     
  0.80666666666666675      -0.99997351895307707     
  0.81000000000000005       -1.0000611054895052     
  0.81333333333333335      -0.99986298153820008     
  0.81666666666666676       -1.0002982387420192     
  0.82000000000000006      -0.99937061695787910     
  0.82333333333333336       -1.0012860250690971     
  0.82666666666666677      -0.99745955810106857     
  0.83000000000000007       -1.0048433324511203     
  0.83333333333333337      -0.99110615724718998     
  0.83666666666666667       -1.0156940212486127     
  0.84000000000000008      -0.97346130784564922     
  0.84333333333333338       -1.0428622646377641     
  0.84666666666666668      -0.93415454123645281     
  0.85000000000000009       -1.0957068961505236     
  0.85333333333333339      -0.86929323901203825     
  0.85666666666666669       -1.1661020228627546     
  0.86000000000000010      -0.80640665368130493     
  0.86333333333333340       -1.2020675233138505     
  0.86666666666666670      -0.81958737128385517     
  0.87000000000000011       -1.1225536073837350     
  0.87333333333333341      -0.96652724705590187     
  0.87666666666666671      -0.93319398290755040     
  0.88000000000000000       -1.1453768414778556     
  0.88333333333333341      -0.83236214758840321     
  0.88666666666666671       -1.1157777597597149     
  0.89000000000000001      -0.99402924014277472     
  0.89333333333333342      -0.89092041662522703     
  0.89666666666666672       -1.1621350994568043     
  0.90000000000000002      -0.88688433343396378     
  0.90333333333333343      -0.98580788049601165     
  0.90666666666666673       -1.1337627299688340     
  0.91000000000000003      -0.84814693744341230     
  0.91333333333333344       -1.0451592347526408     
  0.91666666666666674       -1.1031868829140488     
  0.92000000000000004      -0.83985730224656052     
  0.92333333333333334       -1.0640460225852784     
  0.92666666666666675       -1.0988803060975523     
  0.93000000000000005      -0.83890378203901306     
  0.93333333333333335       -1.0472632645971698     
  0.93666666666666676       -1.1233913609740285     
  0.94000000000000006      -0.84924161966847767     
  0.94333333333333336      -0.99206321603903191     
  0.94666666666666677       -1.1600809997651527     
  0.95000000000000007      -0.89702196555019187     
  0.95333333333333337      -0.90307121143280211     
  0.95666666666666678       -1.1638539335722364     
  0.96000000000000008       -1.0075841422316847     
  0.96333333333333337      -0.82852155600883481     
  0.96666666666666667       -1.0726600639831756     
  0.97000000000000008       -1.1445379117149290     
  0.97333333333333338      -0.87086442880956971     
  0.97666666666666668      -0.89543448598154329     
  0.98000000000000009       -1.1623575827442552     
  0.98333333333333339       -1.0670561749723917     
  0.98666666666666669      -0.82055465248131487     
  0.99000000000000010      -0.95949697196408046     
  0.99333333333333340       -1.1879607649874524     
  0.99666666666666670       -1.0287623451538730     
