   0.0000000000000000      -0.82437522431060328     
   3.3333333333333335E-003  -1.0839451512039893     
   6.6666666666666671E-003  -1.1852392265166780     
   1.0000000000000000E-002 -0.93494735913591343     
   1.3333333333333334E-002 -0.80028188631520936     
   1.6666666666666666E-002  -1.0260850161702166     
   2.0000000000000000E-002  -1.2108268235181994     
   2.3333333333333334E-002  -1.0350891689033683     
   2.6666666666666668E-002 -0.79602360474474798     
   3.0000000000000002E-002 -0.88579058290351542     
   3.3333333333333333E-002  -1.1599852834272095     
   3.6666666666666667E-002  -1.1930175764410977     
   4.0000000000000001E-002 -0.93632301420003416     
   4.3333333333333335E-002 -0.76585621922372049     
   4.6666666666666669E-002 -0.92215789609571241     
   5.0000000000000003E-002  -1.1894910215211125     
   5.3333333333333337E-002  -1.2134625106874271     
   5.6666666666666671E-002 -0.96493720624114265     
   6.0000000000000005E-002 -0.75194239399669316     
   6.3333333333333339E-002 -0.82705591405255341     
   6.6666666666666666E-002  -1.1026078103797528     
   7.0000000000000007E-002  -1.2753028756851692     
   7.3333333333333334E-002  -1.1645355300685629     
   7.6666666666666675E-002 -0.88350423658756949     
   8.0000000000000002E-002 -0.70265299777944157     
   8.3333333333333343E-002 -0.78622066167173565     
   8.6666666666666670E-002  -1.0600476968242483     
   9.0000000000000011E-002  -1.2984955782402994     
   9.3333333333333338E-002  -1.3175176595467064     
   9.6666666666666679E-002  -1.1046698839605287     
  0.10000000000000001      -0.80588795399729496     
  0.10333333333333335      -0.61050615319667156     
  0.10666666666666667      -0.63226149176935742     
  0.11000000000000000      -0.85849202113292600     
  0.11333333333333334       -1.1776789024940513     
  0.11666666666666667       -1.4486391642817895     
  0.12000000000000001       -1.5649766666050346     
  0.12333333333333334       -1.4868337386164805     
  0.12666666666666668       -1.2373619381155698     
  0.13000000000000000      -0.87781757324378262     
  0.13333333333333333      -0.47857981969849017     
  0.13666666666666669       -9.7900235624865328E-002
  0.14000000000000001       0.22770376768367390     
  0.14333333333333334       0.48332882874778099     
  0.14666666666666667       0.67014498150726298     
  0.15000000000000002       0.79845151643943613     
  0.15333333333333335       0.88183584306473572     
  0.15666666666666668       0.93337987607390449     
  0.16000000000000000       0.96381014445590008     
  0.16333333333333333       0.98102500292446715     
  0.16666666666666669       0.99038253959955302     
  0.17000000000000001       0.99528127918211295     
  0.17333333333333334       0.99775603654102252     
  0.17666666666666667       0.99896455590328792     
  0.18000000000000002       0.99953590722587082     
  0.18333333333333335       0.99979776332030457     
  0.18666666666666668       0.99991424326314293     
  0.19000000000000000       0.99996458587448200     
  0.19333333333333336       0.99998574702892717     
  0.19666666666666668       0.99999440561538355     
  0.20000000000000001       0.99999785713926703     
  0.20333333333333334       0.99999919852806096     
  0.20666666666666669       0.99999970712878017     
  0.21000000000000002       0.99999989538712675     
  0.21333333333333335       0.99999996345517406     
  0.21666666666666667       0.99999998750895691     
  0.22000000000000000       0.99999999582081334     
  0.22333333333333336       0.99999999863074984     
  0.22666666666666668       0.99999999956051933     
  0.23000000000000001       0.99999999986176358     
  0.23333333333333334       0.99999999995737365     
  0.23666666666666669       0.99999999998710976     
  0.24000000000000002       0.99999999999617728     
  0.24333333333333335       0.99999999999888323     
  0.24666666666666667       0.99999999999969613     
  0.25000000000000000       0.99999999999986044     
  0.25333333333333335        1.0000000000001537     
  0.25666666666666671       0.99999999999937705     
  0.26000000000000001        1.0000000000020925     
  0.26333333333333336       0.99999999999302702     
  0.26666666666666666        1.0000000000227636     
  0.27000000000000002       0.99999999992715449     
  0.27333333333333337        1.0000000002283986     
  0.27666666666666667       0.99999999929862948     
  0.28000000000000003        1.0000000021085660     
  0.28333333333333333       0.99999999379670979     
  0.28666666666666668        1.0000000178504918     
  0.29000000000000004       0.99999994978244533     
  0.29333333333333333        1.0000001380407917     
  0.29666666666666669       0.99999962944007237     
  0.30000000000000004        1.0000009708288655     
  0.30333333333333334       0.99999751930498304     
  0.30666666666666670        1.0000061778914378     
  0.31000000000000000       0.99998501673699358     
  0.31333333333333335        1.0000353593483318     
  0.31666666666666671       0.99991887940549484     
  0.32000000000000001        1.0001807354999286     
  0.32333333333333336       0.99960938417734568     
  0.32666666666666666        1.0008179035396105     
  0.33000000000000002       0.99834314618070108     
  0.33333333333333337        1.0032418857632603     
  0.33666666666666667       0.99388434908817447     
  0.34000000000000002        1.0110992075567418     
  0.34333333333333338       0.98066893917474618     
  0.34666666666666668        1.0322129721839139     
  0.35000000000000003       0.94882864555861546     
  0.35333333333333333        1.0771351804907874     
  0.35666666666666669       0.89031902773130633     
  0.36000000000000004        1.1459440887954129     
  0.36333333333333334       0.82034008548687443     
  0.36666666666666670        1.2010196695604975     
  0.37000000000000005       0.80178191601520521     
  0.37333333333333335        1.1613262808869937     
  0.37666666666666671       0.91185448038608219     
  0.38000000000000000       0.98999740837463790     
  0.38333333333333336        1.1063349106978817     
  0.38666666666666671       0.83537464891014368     
  0.39000000000000001        1.1545615302712688     
  0.39333333333333337       0.92833100090770104     
  0.39666666666666667       0.95008633948038512     
  0.40000000000000002        1.1454681402810085     
  0.40333333333333338       0.84668621031777436     
  0.40666666666666668        1.0595339859039528     
  0.41000000000000003        1.0785560672103573     
  0.41333333333333339       0.84010818579430557     
  0.41666666666666669        1.1139352209468181     
  0.42000000000000004        1.0303675570545228     
  0.42333333333333334       0.84951631824639529     
  0.42666666666666669        1.1305476117273867     
  0.43000000000000005        1.0197802661107813     
  0.43333333333333335       0.84708520080536631     
  0.43666666666666670        1.1226370971325648     
  0.44000000000000000        1.0475235770767055     
  0.44333333333333336       0.83452876483225502     
  0.44666666666666671        1.0830540692785409     
  0.45000000000000001        1.1070255584448561     
  0.45333333333333337       0.83969243301945617     
  0.45666666666666672       0.99599410989144899     
  0.46000000000000002        1.1664609048677628     
  0.46333333333333337       0.90976634262669920     
  0.46666666666666667       0.87673404961281165     
  0.47000000000000003        1.1509287501365066     
  0.47333333333333338        1.0611617719777378     
  0.47666666666666668       0.82209620781911641     
  0.48000000000000004       0.99783386243394867     
  0.48333333333333334        1.1825756697819318     
  0.48666666666666669       0.95677253992692324     
  0.49000000000000005       0.82210706710621939     
  0.49333333333333335        1.0723989344869829     
  0.49666666666666670        1.1736930097996716     
  0.50000000000000000       0.91412308290628563     
  0.50333333333333341       0.82437522431060328     
  0.50666666666666671        1.0839451512039893     
  0.51000000000000001        1.1852392265166780     
  0.51333333333333342       0.93494735913591343     
  0.51666666666666672       0.80028188631520936     
  0.52000000000000002        1.0260850161702166     
  0.52333333333333332        1.2108268235181994     
  0.52666666666666673        1.0350891689033683     
  0.53000000000000003       0.79602360474474798     
  0.53333333333333333       0.88579058290351542     
  0.53666666666666674        1.1599852834272095     
  0.54000000000000004        1.1930175764410977     
  0.54333333333333333       0.93632301420003416     
  0.54666666666666675       0.76585621922372049     
  0.55000000000000004       0.92215789609571241     
  0.55333333333333334        1.1894910215211125     
  0.55666666666666675        1.2134625106874271     
  0.56000000000000005       0.96493720624114265     
  0.56333333333333335       0.75194239399669316     
  0.56666666666666665       0.82705591405255341     
  0.57000000000000006        1.1026078103797528     
  0.57333333333333336        1.2753028756851692     
  0.57666666666666666        1.1645355300685629     
  0.58000000000000007       0.88350423658756949     
  0.58333333333333337       0.70265299777944157     
  0.58666666666666667       0.78622066167173565     
  0.59000000000000008        1.0600476968242483     
  0.59333333333333338        1.2984955782402994     
  0.59666666666666668        1.3175176595467064     
  0.60000000000000009        1.1046698839605287     
  0.60333333333333339       0.80588795399729496     
  0.60666666666666669       0.61050615319667156     
  0.60999999999999999       0.63226149176935742     
  0.61333333333333340       0.85849202113292600     
  0.61666666666666670        1.1776789024940513     
  0.62000000000000000        1.4486391642817895     
  0.62333333333333341        1.5649766666050346     
  0.62666666666666671        1.4868337386164805     
  0.63000000000000000        1.2373619381155698     
  0.63333333333333341       0.87781757324378262     
  0.63666666666666671       0.47857981969849017     
  0.64000000000000001        9.7900235624865328E-002
  0.64333333333333342      -0.22770376768367390     
  0.64666666666666672      -0.48332882874778099     
  0.65000000000000002      -0.67014498150726298     
  0.65333333333333332      -0.79845151643943613     
  0.65666666666666673      -0.88183584306473572     
  0.66000000000000003      -0.93337987607390449     
  0.66333333333333333      -0.96381014445590008     
  0.66666666666666674      -0.98102500292446715     
  0.67000000000000004      -0.99038253959955302     
  0.67333333333333334      -0.99528127918211295     
  0.67666666666666675      -0.99775603654102252     
  0.68000000000000005      -0.99896455590328792     
  0.68333333333333335      -0.99953590722587082     
  0.68666666666666676      -0.99979776332030457     
  0.69000000000000006      -0.99991424326314293     
  0.69333333333333336      -0.99996458587448200     
  0.69666666666666666      -0.99998574702892717     
  0.70000000000000007      -0.99999440561538355     
  0.70333333333333337      -0.99999785713926703     
  0.70666666666666667      -0.99999919852806096     
  0.71000000000000008      -0.99999970712878017     
  0.71333333333333337      -0.99999989538712675     
  0.71666666666666667      -0.99999996345517406     
  0.72000000000000008      -0.99999998750895691     
  0.72333333333333338      -0.99999999582081334     
  0.72666666666666668      -0.99999999863074984     
  0.73000000000000009      -0.99999999956051933     
  0.73333333333333339      -0.99999999986176358     
  0.73666666666666669      -0.99999999995737454     
  0.74000000000000010      -0.99999999998710631     
  0.74333333333333340      -0.99999999999619027     
  0.74666666666666670      -0.99999999999883671     
  0.75000000000000000      -0.99999999999986033     
  0.75333333333333341      -0.99999999999929423     
  0.75666666666666671       -1.0000000000020695     
  0.76000000000000001      -0.99999999999302136     
  0.76333333333333342       -1.0000000000227618     
  0.76666666666666672      -0.99999999992715405     
  0.77000000000000002       -1.0000000002283986     
  0.77333333333333343      -0.99999999929862948     
  0.77666666666666673       -1.0000000021085660     
  0.78000000000000003      -0.99999999379670979     
  0.78333333333333344       -1.0000000178504918     
  0.78666666666666674      -0.99999994978244533     
  0.79000000000000004       -1.0000001380407917     
  0.79333333333333333      -0.99999962944007237     
  0.79666666666666675       -1.0000009708288655     
  0.80000000000000004      -0.99999751930498304     
  0.80333333333333334       -1.0000061778914378     
  0.80666666666666675      -0.99998501673699358     
  0.81000000000000005       -1.0000353593483318     
  0.81333333333333335      -0.99991887940549484     
  0.81666666666666676       -1.0001807354999286     
  0.82000000000000006      -0.99960938417734568     
  0.82333333333333336       -1.0008179035396105     
  0.82666666666666677      -0.99834314618070108     
  0.83000000000000007       -1.0032418857632603     
  0.83333333333333337      -0.99388434908817447     
  0.83666666666666667       -1.0110992075567418     
  0.84000000000000008      -0.98066893917474618     
  0.84333333333333338       -1.0322129721839139     
  0.84666666666666668      -0.94882864555861546     
  0.85000000000000009       -1.0771351804907874     
  0.85333333333333339      -0.89031902773130633     
  0.85666666666666669       -1.1459440887954129     
  0.86000000000000010      -0.82034008548687443     
  0.86333333333333340       -1.2010196695604975     
  0.86666666666666670      -0.80178191601520521     
  0.87000000000000011       -1.1613262808869937     
  0.87333333333333341      -0.91185448038608219     
  0.87666666666666671      -0.98999740837463790     
  0.88000000000000000       -1.1063349106978817     
  0.88333333333333341      -0.83537464891014368     
  0.88666666666666671       -1.1545615302712688     
  0.89000000000000001      -0.92833100090770104     
  0.89333333333333342      -0.95008633948038512     
  0.89666666666666672       -1.1454681402810085     
  0.90000000000000002      -0.84668621031777436     
  0.90333333333333343       -1.0595339859039528     
  0.90666666666666673       -1.0785560672103573     
  0.91000000000000003      -0.84010818579430557     
  0.91333333333333344       -1.1139352209468181     
  0.91666666666666674       -1.0303675570545228     
  0.92000000000000004      -0.84951631824639529     
  0.92333333333333334       -1.1305476117273867     
  0.92666666666666675       -1.0197802661107813     
  0.93000000000000005      -0.84708520080536631     
  0.93333333333333335       -1.1226370971325648     
  0.93666666666666676       -1.0475235770767055     
  0.94000000000000006      -0.83452876483225502     
  0.94333333333333336       -1.0830540692785409     
  0.94666666666666677       -1.1070255584448561     
  0.95000000000000007      -0.83969243301945617     
  0.95333333333333337      -0.99599410989144899     
  0.95666666666666678       -1.1664609048677628     
  0.96000000000000008      -0.90976634262669920     
  0.96333333333333337      -0.87673404961281165     
  0.96666666666666667       -1.1509287501365066     
  0.97000000000000008       -1.0611617719777378     
  0.97333333333333338      -0.82209620781911641     
  0.97666666666666668      -0.99783386243394867     
  0.98000000000000009       -1.1825756697819318     
  0.98333333333333339      -0.95677253992692324     
  0.98666666666666669      -0.82210706710621939     
  0.99000000000000010       -1.0723989344869829     
  0.99333333333333340       -1.1736930097996716     
  0.99666666666666670      -0.91412308290628563     
