   0.0000000000000000      -0.99932974030272914     
   3.3333333333333335E-003  -1.1902267461905445     
   6.6666666666666671E-003  -1.0121059056192991     
   1.0000000000000000E-002 -0.80715628921512816     
   1.3333333333333334E-002 -0.96052765316992073     
   1.6666666666666666E-002  -1.1896060837298028     
   2.0000000000000000E-002  -1.0822354906369522     
   2.3333333333333334E-002 -0.82802951025431604     
   2.6666666666666668E-002 -0.86412095450392190     
   3.0000000000000002E-002  -1.1290165448342195     
   3.3333333333333333E-002  -1.1881557370117537     
   3.6666666666666667E-002 -0.94791204854314359     
   4.0000000000000001E-002 -0.78358269848748230     
   4.3333333333333335E-002 -0.94399866097939655     
   4.6666666666666669E-002  -1.1907528854008944     
   5.0000000000000003E-002  -1.1691384829492637     
   5.3333333333333337E-002 -0.91082132671653993     
   5.6666666666666671E-002 -0.76714902778885463     
   6.0000000000000005E-002 -0.92623356459300599     
   6.3333333333333339E-002  -1.1835174890932099     
   6.6666666666666666E-002  -1.2211032306478973     
   7.0000000000000007E-002 -0.99566615515886292     
   7.3333333333333334E-002 -0.76866859051949088     
   7.6666666666666675E-002 -0.79229134774230170     
   8.0000000000000002E-002  -1.0394531480359943     
   8.3333333333333343E-002  -1.2541786870074023     
   8.6666666666666670E-002  -1.2245463676861115     
   9.0000000000000011E-002 -0.98040501536698543     
   9.3333333333333338E-002 -0.74443602996421021     
   9.6666666666666679E-002 -0.72054198776813883     
  0.10000000000000001      -0.92687752028715409     
  0.10333333333333335       -1.2006254644183891     
  0.10666666666666667       -1.3388610861453565     
  0.11000000000000000       -1.2460083551869350     
  0.11333333333333334      -0.98438766087853613     
  0.11666666666666667      -0.71551297043255735     
  0.12000000000000001      -0.59302057828079047     
  0.12333333333333334      -0.68095575166649924     
  0.12666666666666668      -0.93566130686675353     
  0.13000000000000000       -1.2436579978613971     
  0.13333333333333333       -1.4816096359646371     
  0.13666666666666669       -1.5648403060995204     
  0.14000000000000001       -1.4675263638418479     
  0.14333333333333334       -1.2159180118435309     
  0.14666666666666667      -0.86645884285033659     
  0.15000000000000002      -0.48193792281443348     
  0.15333333333333335      -0.11427420340021277     
  0.15666666666666668       0.20334227306760139     
  0.16000000000000000       0.45649421538846652     
  0.16333333333333333       0.64508965739574120     
  0.16666666666666669       0.77758230951750429     
  0.17000000000000001       0.86592027720468989     
  0.17333333333333334       0.92209168885852155     
  0.17666666666666667       0.95628685604234809     
  0.18000000000000002       0.97627852322342268     
  0.18333333333333335       0.98753210216074083     
  0.18666666666666668       0.99364487001232316     
  0.19000000000000000       0.99685486291093006     
  0.19333333333333336       0.99848714720397369     
  0.19666666666666668       0.99929203204618444     
  0.20000000000000001       0.99967739342048711     
  0.20333333333333334       0.99985673911006268     
  0.20666666666666669       0.99993795570571187     
  0.21000000000000002       0.99997377613215210     
  0.21333333333333335       0.99998917589954861     
  0.21666666666666667       0.99999563436587935     
  0.22000000000000000       0.99999827850266132     
  0.22333333333333336       0.99999933595673962     
  0.22666666666666668       0.99999974931361524     
  0.23000000000000001       0.99999990733610289     
  0.23333333333333334       0.99999996644784306     
  0.23666666666666669       0.99999998809364610     
  0.24000000000000002       0.99999999586113397     
  0.24333333333333335       0.99999999857881983     
  0.24666666666666667       0.99999999955304486     
  0.25000000000000000       0.99999999976536302     
  0.25333333333333335        1.0000000001881522     
  0.25666666666666671       0.99999999928237326     
  0.26000000000000001        1.0000000020219086     
  0.26333333333333336       0.99999999426126995     
  0.26666666666666666        1.0000000159091811     
  0.27000000000000002       0.99999995679807985     
  0.27333333333333337        1.0000001148207560     
  0.27666666666666667       0.99999970146393646     
  0.28000000000000003        1.0000007589180300     
  0.28333333333333333       0.99999811478125300     
  0.28666666666666668        1.0000045732475848     
  0.29000000000000004       0.99998917348019012     
  0.29333333333333333        1.0000249939066286     
  0.29666666666666669       0.99994377731098072     
  0.30000000000000004        1.0001231230005558     
  0.30333333333333334       0.99973776162625383     
  0.30666666666666670        1.0005426464684632     
  0.31000000000000000       0.99891036217541951     
  0.31333333333333335        1.0021203550740265     
  0.31666666666666671       0.99600758722244487     
  0.32000000000000001        1.0072611661597619     
  0.32333333333333336       0.98726949897868721     
  0.32666666666666666        1.0214646661625140     
  0.33000000000000002       0.96529325450868364     
  0.33333333333333337        1.0536312221958686     
  0.33666666666666667       0.92113857007410704     
  0.34000000000000002        1.1097340120813806     
  0.34333333333333338       0.85658206976051599     
  0.34666666666666668        1.1741985462283295     
  0.35000000000000003       0.80653482681410926     
  0.35333333333333333        1.1910557468500118     
  0.35666666666666669       0.84159657785681752     
  0.36000000000000004        1.0932049298551354     
  0.36333333333333334       0.99589098759746053     
  0.36666666666666670       0.91266031746257914     
  0.37000000000000005        1.1506119555658187     
  0.37333333333333335       0.84261526457117530     
  0.37666666666666671        1.0973208197714288     
  0.38000000000000000        1.0093856463857198     
  0.38333333333333336       0.88689325423395182     
  0.38666666666666671        1.1557679446799318     
  0.39000000000000001       0.89414725037153320     
  0.39333333333333337       0.98699998132995548     
  0.39666666666666667        1.1252356030569224     
  0.40000000000000002       0.85148765892568867     
  0.40333333333333338        1.0578231914447054     
  0.40666666666666668        1.0817172336407750     
  0.41000000000000003       0.84574824823800077     
  0.41333333333333339        1.0898896005571259     
  0.41666666666666669        1.0602572812358355     
  0.42000000000000004       0.84553174226442773     
  0.42333333333333334        1.0926935425581177     
  0.42666666666666669        1.0690707853353074     
  0.43000000000000005       0.84207322069593427     
  0.43333333333333335        1.0675102961849681     
  0.43666666666666670        1.1050960377396548     
  0.44000000000000000       0.84781211323945072     
  0.44333333333333336        1.0068966500436027     
  0.44666666666666671        1.1505689489712883     
  0.45000000000000001       0.89225179273856392     
  0.45333333333333337       0.91386619519019519     
  0.45666666666666672        1.1606204196116936     
  0.46000000000000002        1.0002044571197792     
  0.46333333333333337       0.83587510706411827     
  0.46666666666666667        1.0761187955327307     
  0.47000000000000003        1.1352579877102644     
  0.47333333333333338       0.87036239737996546     
  0.47666666666666668       0.90645384162957421     
  0.48000000000000004        1.1606598220122113     
  0.48333333333333334        1.0532892289193596     
  0.48666666666666669       0.82421079835947764     
  0.49000000000000005       0.97758216231427086     
  0.49333333333333335        1.1825317787184420     
  0.49666666666666670        1.0044109381471986     
  0.50000000000000000       0.81351393225938318     
  0.50333333333333341       0.99932974030272914     
  0.50666666666666671        1.1902267461905445     
  0.51000000000000001        1.0121059056192991     
  0.51333333333333342       0.80715628921512816     
  0.51666666666666672       0.96052765316992073     
  0.52000000000000002        1.1896060837298028     
  0.52333333333333332        1.0822354906369522     
  0.52666666666666673       0.82802951025431604     
  0.53000000000000003       0.86412095450392190     
  0.53333333333333333        1.1290165448342195     
  0.53666666666666674        1.1881557370117537     
  0.54000000000000004       0.94791204854314359     
  0.54333333333333333       0.78358269848748230     
  0.54666666666666675       0.94399866097939655     
  0.55000000000000004        1.1907528854008944     
  0.55333333333333334        1.1691384829492637     
  0.55666666666666675       0.91082132671653993     
  0.56000000000000005       0.76714902778885463     
  0.56333333333333335       0.92623356459300599     
  0.56666666666666665        1.1835174890932099     
  0.57000000000000006        1.2211032306478973     
  0.57333333333333336       0.99566615515886292     
  0.57666666666666666       0.76866859051949088     
  0.58000000000000007       0.79229134774230170     
  0.58333333333333337        1.0394531480359943     
  0.58666666666666667        1.2541786870074023     
  0.59000000000000008        1.2245463676861115     
  0.59333333333333338       0.98040501536698543     
  0.59666666666666668       0.74443602996421021     
  0.60000000000000009       0.72054198776813883     
  0.60333333333333339       0.92687752028715409     
  0.60666666666666669        1.2006254644183891     
  0.60999999999999999        1.3388610861453565     
  0.61333333333333340        1.2460083551869350     
  0.61666666666666670       0.98438766087853613     
  0.62000000000000000       0.71551297043255735     
  0.62333333333333341       0.59302057828079047     
  0.62666666666666671       0.68095575166649924     
  0.63000000000000000       0.93566130686675353     
  0.63333333333333341        1.2436579978613971     
  0.63666666666666671        1.4816096359646371     
  0.64000000000000001        1.5648403060995204     
  0.64333333333333342        1.4675263638418479     
  0.64666666666666672        1.2159180118435309     
  0.65000000000000002       0.86645884285033659     
  0.65333333333333332       0.48193792281443348     
  0.65666666666666673       0.11427420340021277     
  0.66000000000000003      -0.20334227306760139     
  0.66333333333333333      -0.45649421538846652     
  0.66666666666666674      -0.64508965739574120     
  0.67000000000000004      -0.77758230951750429     
  0.67333333333333334      -0.86592027720468989     
  0.67666666666666675      -0.92209168885852155     
  0.68000000000000005      -0.95628685604234809     
  0.68333333333333335      -0.97627852322342268     
  0.68666666666666676      -0.98753210216074083     
  0.69000000000000006      -0.99364487001232316     
  0.69333333333333336      -0.99685486291093006     
  0.69666666666666666      -0.99848714720397369     
  0.70000000000000007      -0.99929203204618444     
  0.70333333333333337      -0.99967739342048711     
  0.70666666666666667      -0.99985673911006268     
  0.71000000000000008      -0.99993795570571209     
  0.71333333333333337      -0.99997377613215177     
  0.71666666666666667      -0.99998917589954994     
  0.72000000000000008      -0.99999563436587391     
  0.72333333333333338      -0.99999827850268064     
  0.72666666666666668      -0.99999933595667267     
  0.73000000000000009      -0.99999974931383950     
  0.73333333333333339      -0.99999990733536748     
  0.73666666666666669      -0.99999996645021327     
  0.74000000000000010      -0.99999998808614565     
  0.74333333333333340      -0.99999999588443178     
  0.74666666666666670      -0.99999999850780741     
  0.75000000000000000      -0.99999999976536247     
  0.75333333333333341      -0.99999999914291460     
  0.75666666666666671       -1.0000000019767610     
  0.76000000000000001      -0.99999999424692043     
  0.76333333333333342       -1.0000000159047020     
  0.76666666666666672      -0.99999995679670606     
  0.77000000000000002       -1.0000001148203423     
  0.77333333333333343      -0.99999970146381378     
  0.77666666666666673       -1.0000007589179942     
  0.78000000000000003      -0.99999811478124290     
  0.78333333333333344       -1.0000045732475822     
  0.78666666666666674      -0.99998917348018945     
  0.79000000000000004       -1.0000249939066286     
  0.79333333333333333      -0.99994377731098072     
  0.79666666666666675       -1.0001231230005558     
  0.80000000000000004      -0.99973776162625383     
  0.80333333333333334       -1.0005426464684632     
  0.80666666666666675      -0.99891036217541951     
  0.81000000000000005       -1.0021203550740265     
  0.81333333333333335      -0.99600758722244487     
  0.81666666666666676       -1.0072611661597619     
  0.82000000000000006      -0.98726949897868721     
  0.82333333333333336       -1.0214646661625140     
  0.82666666666666677      -0.96529325450868364     
  0.83000000000000007       -1.0536312221958686     
  0.83333333333333337      -0.92113857007410704     
  0.83666666666666667       -1.1097340120813806     
  0.84000000000000008      -0.85658206976051599     
  0.84333333333333338       -1.1741985462283295     
  0.84666666666666668      -0.80653482681410926     
  0.85000000000000009       -1.1910557468500118     
  0.85333333333333339      -0.84159657785681752     
  0.85666666666666669       -1.0932049298551354     
  0.86000000000000010      -0.99589098759746053     
  0.86333333333333340      -0.91266031746257914     
  0.86666666666666670       -1.1506119555658187     
  0.87000000000000011      -0.84261526457117530     
  0.87333333333333341       -1.0973208197714288     
  0.87666666666666671       -1.0093856463857198     
  0.88000000000000000      -0.88689325423395182     
  0.88333333333333341       -1.1557679446799318     
  0.88666666666666671      -0.89414725037153320     
  0.89000000000000001      -0.98699998132995548     
  0.89333333333333342       -1.1252356030569224     
  0.89666666666666672      -0.85148765892568867     
  0.90000000000000002       -1.0578231914447054     
  0.90333333333333343       -1.0817172336407750     
  0.90666666666666673      -0.84574824823800077     
  0.91000000000000003       -1.0898896005571259     
  0.91333333333333344       -1.0602572812358355     
  0.91666666666666674      -0.84553174226442773     
  0.92000000000000004       -1.0926935425581177     
  0.92333333333333334       -1.0690707853353074     
  0.92666666666666675      -0.84207322069593427     
  0.93000000000000005       -1.0675102961849681     
  0.93333333333333335       -1.1050960377396548     
  0.93666666666666676      -0.84781211323945072     
  0.94000000000000006       -1.0068966500436027     
  0.94333333333333336       -1.1505689489712883     
  0.94666666666666677      -0.89225179273856392     
  0.95000000000000007      -0.91386619519019519     
  0.95333333333333337       -1.1606204196116936     
  0.95666666666666678       -1.0002044571197792     
  0.96000000000000008      -0.83587510706411827     
  0.96333333333333337       -1.0761187955327307     
  0.96666666666666667       -1.1352579877102644     
  0.97000000000000008      -0.87036239737996546     
  0.97333333333333338      -0.90645384162957421     
  0.97666666666666668       -1.1606598220122113     
  0.98000000000000009       -1.0532892289193596     
  0.98333333333333339      -0.82421079835947764     
  0.98666666666666669      -0.97758216231427086     
  0.99000000000000010       -1.1825317787184420     
  0.99333333333333340       -1.0044109381471986     
  0.99666666666666670      -0.81351393225938318     
