   0.0000000000000000      -0.81064165105178831     
   3.3333333333333335E-003 -0.87970577262195182     
   6.6666666666666671E-003  -1.1843165474303838     
   1.0000000000000000E-002  -1.1523458677713838     
   1.3333333333333334E-002 -0.84241315348637003     
   1.6666666666666666E-002 -0.79899305061181702     
   2.0000000000000000E-002  -1.0948955319670899     
   2.3333333333333334E-002  -1.2460720709085329     
   2.6666666666666668E-002  -1.0155836682964126     
   3.0000000000000002E-002 -0.75289887636909791     
   3.3333333333333333E-002 -0.83851531419507164     
   3.6666666666666667E-002  -1.1520381587520392     
   4.0000000000000001E-002  -1.2769434307652425     
   4.3333333333333335E-002  -1.0565035268319656     
   4.6666666666666669E-002 -0.75744953993824549     
   5.0000000000000003E-002 -0.72088824651219097     
   5.3333333333333337E-002 -0.98464688883343643     
   5.6666666666666671E-002  -1.2793752157247640     
   6.0000000000000005E-002  -1.3243466441281251     
   6.3333333333333339E-002  -1.0809876609007998     
   6.6666666666666666E-002 -0.75183511251287682     
   7.0000000000000007E-002 -0.58828742771926745     
   7.3333333333333334E-002 -0.70387688369759549     
   7.6666666666666675E-002  -1.0241788880208091     
   8.0000000000000002E-002  -1.3659767347874274     
   8.3333333333333343E-002  -1.5565938449056924     
   8.6666666666666670E-002  -1.5123914022431646     
   9.0000000000000011E-002  -1.2498112064534235     
   9.3333333333333338E-002 -0.84903978513115042     
   9.6666666666666679E-002 -0.40559241251713707     
  0.10000000000000001        4.7282300763727553E-003
  0.10333333333333335       0.33957950225606420     
  0.10666666666666667       0.58721683609193454     
  0.11000000000000000       0.75592043984658641     
  0.11333333333333334       0.86295767765413811     
  0.11666666666666667       0.92670569217618515     
  0.12000000000000001       0.96255696154766257     
  0.12333333333333334       0.98168535884793140     
  0.12666666666666668       0.99140456194966742     
  0.13000000000000000       0.99612214829857226     
  0.13333333333333333       0.99831542054025768     
  0.13666666666666669       0.99929430326310908     
  0.14000000000000001       0.99971453248235176     
  0.14333333333333334       0.99988835525068431     
  0.14666666666666667       0.99995773833469559     
  0.15000000000000002       0.99998450027504993     
  0.15333333333333335       0.99999448714467098     
  0.15666666666666668       0.99999809682569685     
  0.16000000000000000       0.99999936177228277     
  0.16333333333333333       0.99999979194012534     
  0.16666666666666669       0.99999993401968934     
  0.17000000000000001       0.99999997963281018     
  0.17333333333333334       0.99999999387653060     
  0.17666666666666667       0.99999999820586172     
  0.18000000000000002       0.99999999948745366     
  0.18333333333333335       0.99999999985716270     
  0.18666666666666668       0.99999999996115096     
  0.19000000000000000       0.99999999998968336     
  0.19333333333333336       0.99999999999732425     
  0.19666666666666668       0.99999999999932165     
  0.20000000000000001       0.99999999999983213     
  0.20333333333333334       0.99999999999995948     
  0.20666666666666669       0.99999999999999056     
  0.21000000000000002       0.99999999999999789     
  0.21333333333333335       0.99999999999999967     
  0.21666666666666667        1.0000000000000000     
  0.22000000000000000        1.0000000000000000     
  0.22333333333333336        1.0000000000000000     
  0.22666666666666668        1.0000000000000000     
  0.23000000000000001        1.0000000000000000     
  0.23333333333333334        1.0000000000000000     
  0.23666666666666669        1.0000000000000000     
  0.24000000000000002        1.0000000000000000     
  0.24333333333333335        1.0000000000000000     
  0.24666666666666667        1.0000000000000000     
  0.25000000000000000        1.0000000000000000     
  0.25333333333333335        1.0000000000000000     
  0.25666666666666671        1.0000000000000000     
  0.26000000000000001        1.0000000000000000     
  0.26333333333333336        1.0000000000000000     
  0.26666666666666666        1.0000000000000000     
  0.27000000000000002        1.0000000000000000     
  0.27333333333333337        1.0000000000000000     
  0.27666666666666667        1.0000000000000000     
  0.28000000000000003        1.0000000000000000     
  0.28333333333333333        1.0000000000000000     
  0.28666666666666668        1.0000000000000002     
  0.29000000000000004       0.99999999999999878     
  0.29333333333333333        1.0000000000000060     
  0.29666666666666669       0.99999999999997513     
  0.30000000000000004        1.0000000000001021     
  0.30333333333333334       0.99999999999959244     
  0.30666666666666670        1.0000000000015896     
  0.31000000000000000       0.99999999999394951     
  0.31333333333333335        1.0000000000224816     
  0.31666666666666671       0.99999999991849375     
  0.32000000000000001        1.0000000002882019     
  0.32333333333333336       0.99999999900661019     
  0.32666666666666666        1.0000000033359415     
  0.33000000000000002       0.99999998909222099     
  0.33333333333333337        1.0000000347053417     
  0.33666666666666667       0.99999989262577771     
  0.34000000000000002        1.0000003227936198     
  0.34333333333333338       0.99999905784703524     
  0.34666666666666668        1.0000026675280602     
  0.35000000000000003       0.99999268065843971     
  0.35333333333333333        1.0000194425987938     
  0.35666666666666669       0.99995005951478255     
  0.36000000000000004        1.0001238822831147     
  0.36333333333333334       0.99970365306387277     
  0.36666666666666670        1.0006825357867235     
  0.37000000000000005       0.99848926354503797     
  0.37333333333333335        1.0032068498939428     
  0.37666666666666671       0.99348764679220547     
  0.38000000000000000        1.0126160440924736     
  0.38333333333333336       0.97676477472099654     
  0.38666666666666671        1.0405127892430426     
  0.39000000000000001       0.93347555143549044     
  0.39333333333333337        1.1021791551901425     
  0.39666666666666667       0.85454182135427348     
  0.40000000000000002        1.1893930935339645     
  0.40333333333333338       0.77907245094045530     
  0.40666666666666668        1.2225198235544701     
  0.41000000000000003       0.82174840223219647     
  0.41333333333333339        1.0843285980219377     
  0.41666666666666669        1.0401261553594094     
  0.42000000000000004       0.84950904524114546     
  0.42333333333333334        1.1913068920077630     
  0.42666666666666669       0.87100488768454909     
  0.43000000000000005       0.98659434366287524     
  0.43333333333333335        1.1501420284564849     
  0.43666666666666670       0.82098948006856276     
  0.44000000000000000        1.0643484632958886     
  0.44333333333333336        1.1093198916992488     
  0.44666666666666671       0.81459156480792216     
  0.45000000000000001        1.0783502071291675     
  0.45333333333333337        1.1149115005552217     
  0.45666666666666672       0.81585751366150283     
  0.46000000000000002        1.0362974175947788     
  0.46333333333333337        1.1612026896079808     
  0.46666666666666667       0.84767984505101279     
  0.47000000000000003       0.93329628287698596     
  0.47333333333333338        1.1959810748043020     
  0.47666666666666668       0.96549267219218060     
  0.48000000000000004       0.81431613325073671     
  0.48333333333333334        1.1102186146060096     
  0.48666666666666669        1.1536387174805622     
  0.49000000000000005       0.84370600319554723     
  0.49333333333333335       0.87567668285454803     
  0.49666666666666670        1.1802874576629814     
  0.50000000000000000        1.1112233360928174     
  0.50333333333333341       0.81064165105178831     
  0.50666666666666671       0.87970577262195182     
  0.51000000000000001        1.1843165474303838     
  0.51333333333333342        1.1523458677713838     
  0.51666666666666672       0.84241315348637003     
  0.52000000000000002       0.79899305061181702     
  0.52333333333333332        1.0948955319670899     
  0.52666666666666673        1.2460720709085329     
  0.53000000000000003        1.0155836682964126     
  0.53333333333333333       0.75289887636909791     
  0.53666666666666674       0.83851531419507164     
  0.54000000000000004        1.1520381587520392     
  0.54333333333333333        1.2769434307652425     
  0.54666666666666675        1.0565035268319656     
  0.55000000000000004       0.75744953993824549     
  0.55333333333333334       0.72088824651219097     
  0.55666666666666675       0.98464688883343643     
  0.56000000000000005        1.2793752157247640     
  0.56333333333333335        1.3243466441281251     
  0.56666666666666665        1.0809876609007998     
  0.57000000000000006       0.75183511251287682     
  0.57333333333333336       0.58828742771926745     
  0.57666666666666666       0.70387688369759549     
  0.58000000000000007        1.0241788880208091     
  0.58333333333333337        1.3659767347874274     
  0.58666666666666667        1.5565938449056924     
  0.59000000000000008        1.5123914022431646     
  0.59333333333333338        1.2498112064534235     
  0.59666666666666668       0.84903978513115042     
  0.60000000000000009       0.40559241251713707     
  0.60333333333333339       -4.7282300763727553E-003
  0.60666666666666669      -0.33957950225606420     
  0.60999999999999999      -0.58721683609193454     
  0.61333333333333340      -0.75592043984658641     
  0.61666666666666670      -0.86295767765413811     
  0.62000000000000000      -0.92670569217618515     
  0.62333333333333341      -0.96255696154766257     
  0.62666666666666671      -0.98168535884793140     
  0.63000000000000000      -0.99140456194966742     
  0.63333333333333341      -0.99612214829857226     
  0.63666666666666671      -0.99831542054025768     
  0.64000000000000001      -0.99929430326310908     
  0.64333333333333342      -0.99971453248235176     
  0.64666666666666672      -0.99988835525068431     
  0.65000000000000002      -0.99995773833469559     
  0.65333333333333332      -0.99998450027504993     
  0.65666666666666673      -0.99999448714467098     
  0.66000000000000003      -0.99999809682569685     
  0.66333333333333333      -0.99999936177228277     
  0.66666666666666674      -0.99999979194012534     
  0.67000000000000004      -0.99999993401968934     
  0.67333333333333334      -0.99999997963281018     
  0.67666666666666675      -0.99999999387653060     
  0.68000000000000005      -0.99999999820586172     
  0.68333333333333335      -0.99999999948745366     
  0.68666666666666676      -0.99999999985716270     
  0.69000000000000006      -0.99999999996115096     
  0.69333333333333336      -0.99999999998968336     
  0.69666666666666666      -0.99999999999732425     
  0.70000000000000007      -0.99999999999932165     
  0.70333333333333337      -0.99999999999983213     
  0.70666666666666667      -0.99999999999995948     
  0.71000000000000008      -0.99999999999999056     
  0.71333333333333337      -0.99999999999999789     
  0.71666666666666667      -0.99999999999999967     
  0.72000000000000008       -1.0000000000000000     
  0.72333333333333338       -1.0000000000000000     
  0.72666666666666668       -1.0000000000000000     
  0.73000000000000009       -1.0000000000000000     
  0.73333333333333339       -1.0000000000000000     
  0.73666666666666669       -1.0000000000000000     
  0.74000000000000010       -1.0000000000000000     
  0.74333333333333340       -1.0000000000000000     
  0.74666666666666670       -1.0000000000000000     
  0.75000000000000000       -1.0000000000000000     
  0.75333333333333341       -1.0000000000000000     
  0.75666666666666671       -1.0000000000000000     
  0.76000000000000001       -1.0000000000000000     
  0.76333333333333342       -1.0000000000000000     
  0.76666666666666672       -1.0000000000000000     
  0.77000000000000002       -1.0000000000000000     
  0.77333333333333343       -1.0000000000000000     
  0.77666666666666673       -1.0000000000000000     
  0.78000000000000003       -1.0000000000000000     
  0.78333333333333344       -1.0000000000000002     
  0.78666666666666674      -0.99999999999999878     
  0.79000000000000004       -1.0000000000000060     
  0.79333333333333333      -0.99999999999997513     
  0.79666666666666675       -1.0000000000001021     
  0.80000000000000004      -0.99999999999959244     
  0.80333333333333334       -1.0000000000015896     
  0.80666666666666675      -0.99999999999394951     
  0.81000000000000005       -1.0000000000224816     
  0.81333333333333335      -0.99999999991849375     
  0.81666666666666676       -1.0000000002882019     
  0.82000000000000006      -0.99999999900661019     
  0.82333333333333336       -1.0000000033359415     
  0.82666666666666677      -0.99999998909222099     
  0.83000000000000007       -1.0000000347053417     
  0.83333333333333337      -0.99999989262577771     
  0.83666666666666667       -1.0000003227936198     
  0.84000000000000008      -0.99999905784703524     
  0.84333333333333338       -1.0000026675280602     
  0.84666666666666668      -0.99999268065843971     
  0.85000000000000009       -1.0000194425987938     
  0.85333333333333339      -0.99995005951478255     
  0.85666666666666669       -1.0001238822831147     
  0.86000000000000010      -0.99970365306387277     
  0.86333333333333340       -1.0006825357867235     
  0.86666666666666670      -0.99848926354503797     
  0.87000000000000011       -1.0032068498939428     
  0.87333333333333341      -0.99348764679220547     
  0.87666666666666671       -1.0126160440924736     
  0.88000000000000000      -0.97676477472099654     
  0.88333333333333341       -1.0405127892430426     
  0.88666666666666671      -0.93347555143549044     
  0.89000000000000001       -1.1021791551901425     
  0.89333333333333342      -0.85454182135427348     
  0.89666666666666672       -1.1893930935339645     
  0.90000000000000002      -0.77907245094045530     
  0.90333333333333343       -1.2225198235544701     
  0.90666666666666673      -0.82174840223219647     
  0.91000000000000003       -1.0843285980219377     
  0.91333333333333344       -1.0401261553594094     
  0.91666666666666674      -0.84950904524114546     
  0.92000000000000004       -1.1913068920077630     
  0.92333333333333334      -0.87100488768454909     
  0.92666666666666675      -0.98659434366287524     
  0.93000000000000005       -1.1501420284564849     
  0.93333333333333335      -0.82098948006856276     
  0.93666666666666676       -1.0643484632958886     
  0.94000000000000006       -1.1093198916992488     
  0.94333333333333336      -0.81459156480792216     
  0.94666666666666677       -1.0783502071291675     
  0.95000000000000007       -1.1149115005552217     
  0.95333333333333337      -0.81585751366150283     
  0.95666666666666678       -1.0362974175947788     
  0.96000000000000008       -1.1612026896079808     
  0.96333333333333337      -0.84767984505101279     
  0.96666666666666667      -0.93329628287698596     
  0.97000000000000008       -1.1959810748043020     
  0.97333333333333338      -0.96549267219218060     
  0.97666666666666668      -0.81431613325073671     
  0.98000000000000009       -1.1102186146060096     
  0.98333333333333339       -1.1536387174805622     
  0.98666666666666669      -0.84370600319554723     
  0.99000000000000010      -0.87567668285454803     
  0.99333333333333340       -1.1802874576629814     
  0.99666666666666670       -1.1112233360928174     
