   0.0000000000000000        1.1750828350806144     
   3.3333333333333335E-003   1.0489033757262458     
   6.6666666666666671E-003   1.0070699968269266     
   1.0000000000000000E-002   1.1187275331794715     
   1.3333333333333334E-002  0.74902790268292896     
   1.6666666666666666E-002  0.63920031496637320     
   2.0000000000000000E-002   1.1063093440022249     
   2.3333333333333334E-002   1.2322069190541618     
   2.6666666666666668E-002   1.1627060595042542     
   3.0000000000000002E-002   1.0639884867673175     
   3.3333333333333333E-002  0.92846523943307013     
   3.6666666666666667E-002   1.0414499062556579     
   4.0000000000000001E-002  0.85592804658668864     
   4.3333333333333335E-002  0.59825631571609716     
   4.6666666666666669E-002   1.0184870787932001     
   5.0000000000000003E-002   1.3178844100580864     
   5.3333333333333337E-002   1.1713457260213842     
   5.6666666666666671E-002   1.0989978408453756     
   6.0000000000000005E-002  0.96956654423646660     
   6.3333333333333339E-002  0.95776120106184204     
   6.6666666666666666E-002  0.97543852184874269     
   7.0000000000000007E-002  0.64299216663342185     
   7.3333333333333334E-002  0.72484482818823548     
   7.6666666666666675E-002   1.2483837426711835     
   8.0000000000000002E-002   1.2727749518765104     
   8.3333333333333343E-002   1.1169466034278974     
   8.6666666666666670E-002   1.1148950475076280     
   9.0000000000000011E-002   1.0138361739711961     
   9.3333333333333338E-002   1.0216596244233400     
   9.6666666666666679E-002  0.87653731927733791     
  0.10000000000000001       0.52667529717159867     
  0.10333333333333335       0.77536916626952346     
  0.10666666666666667        1.2270153702909439     
  0.11000000000000000        1.1484264895354341     
  0.11333333333333334        1.1031804851062803     
  0.11666666666666667        1.2221555247181231     
  0.12000000000000001        1.1864085379212344     
  0.12333333333333334        1.1837249456333563     
  0.12666666666666668       0.94159654940086857     
  0.13000000000000000       0.51389655055030470     
  0.13333333333333333       0.67541086941067985     
  0.13666666666666669        1.0076695648412115     
  0.14000000000000001       0.86985394381456649     
  0.14333333333333334       0.87369703398919507     
  0.14666666666666667        1.1549563882705027     
  0.15000000000000002        1.3010926442213628     
  0.15333333333333335        1.4504913467279705     
  0.15666666666666668        1.3692535025408976     
  0.16000000000000000       0.93653810804419413     
  0.16333333333333333       0.89333140998458482     
  0.16666666666666669        1.0841184636318608     
  0.17000000000000001       0.77251245563444870     
  0.17333333333333334       0.45275412813197102     
  0.17666666666666667       0.55590841926934076     
  0.18000000000000002       0.67966656427497762     
  0.18333333333333335       0.88249489411456583     
  0.18666666666666668        1.1348584809122382     
  0.19000000000000000        1.0418748877532220     
  0.19333333333333336        1.0921173913382178     
  0.19666666666666668        1.6022397695591846     
  0.20000000000000001        1.7585230301134889     
  0.20333333333333334        1.4594291672433390     
  0.20666666666666669        1.3834195526417463     
  0.21000000000000002        1.3739168913468021     
  0.21333333333333335        1.2299789243879882     
  0.21666666666666667        1.1840154956721056     
  0.22000000000000000       0.91979565689814224     
  0.22333333333333336       0.34385023736418863     
  0.22666666666666668       0.21460260145439536     
  0.23000000000000001       0.35909078026864139     
  0.23333333333333334        8.0366959182357631E-002
  0.23666666666666669      -0.37004439489183483     
  0.24000000000000002      -0.44799503238855343     
  0.24333333333333335      -0.60052017139065617     
  0.24666666666666667      -0.61448563568442405     
  0.25000000000000000      -0.55886143433958035     
  0.25333333333333335      -0.65413870426572984     
  0.25666666666666671       -1.1715378674392418     
  0.26000000000000001      -0.94815709858793640     
  0.26333333333333336      -0.79029445259458209     
  0.26666666666666666      -0.73013863148614300     
  0.27000000000000002       -1.1310408125252651     
  0.27333333333333337      -0.90062597958371648     
  0.27666666666666667       -1.1996348250363886     
  0.28000000000000003      -0.94793726842260251     
  0.28333333333333333      -0.88503304119425918     
  0.28666666666666668      -0.72427143477946210     
  0.29000000000000004       -1.2784205203390691     
  0.29333333333333333       -1.1660882968984307     
  0.29666666666666669      -0.89295922786452209     
  0.30000000000000004      -0.89088594379898911     
  0.30333333333333334      -0.93095482521936623     
  0.30666666666666670       -1.0415064179693680     
  0.31000000000000000       -1.0005679884177536     
  0.31333333333333335       -1.3056128575727104     
  0.31666666666666671      -0.84662489506559668     
  0.32000000000000001      -0.75031364002436574     
  0.32333333333333336      -0.97791676546781525     
  0.32666666666666666       -1.2166534331008509     
  0.33000000000000002       -1.1206006975764902     
  0.33333333333333337      -0.86109034698730968     
  0.33666666666666667       -1.0651824548062894     
  0.34000000000000002      -0.79766905168646174     
  0.34333333333333338      -0.92922513195209211     
  0.34666666666666668       -1.1992826273562183     
  0.35000000000000003       -1.2087685460817030     
  0.35333333333333333      -0.93830827368244707     
  0.35666666666666669      -0.66059533816278404     
  0.36000000000000004       -1.0815885597577082     
  0.36333333333333334       -1.0597486681680732     
  0.36666666666666670       -1.0313708687705452     
  0.37000000000000005       -1.1588385752593515     
  0.37333333333333335      -0.99273161877169769     
  0.37666666666666671      -0.85595436395334967     
  0.38000000000000000      -0.71585961721637215     
  0.38333333333333336       -1.1762020725500066     
  0.38666666666666671       -1.3001962364251813     
  0.39000000000000001      -0.91775135851114331     
  0.39333333333333337      -0.96054360017401552     
  0.39666666666666667      -0.90326139923147175     
  0.40000000000000002      -0.92047456815098250     
  0.40333333333333338      -0.93704287866771752     
  0.40666666666666668       -1.1110292801233657     
  0.41000000000000003       -1.3571134369904072     
  0.41333333333333339      -0.87422604292452633     
  0.41666666666666669      -0.71120544183603085     
  0.42000000000000004      -0.97554563926917115     
  0.42333333333333334       -1.0254255210246881     
  0.42666666666666669       -1.1122389155482475     
  0.43000000000000005       -1.0431667101266919     
  0.43333333333333335       -1.1460302741003232     
  0.43666666666666670       -1.0361673085058576     
  0.44000000000000000      -0.60412887085795119     
  0.44333333333333336      -0.89525120884295872     
  0.44666666666666671       -1.2186808513579228     
  0.45000000000000001       -1.1448314070765861     
  0.45333333333333337       -1.0783786012067120     
  0.45666666666666672      -0.92651814758220485     
  0.46000000000000002       -1.0026401127177003     
  0.46333333333333337      -0.88176231294831586     
  0.46666666666666667      -0.69242685693244943     
  0.47000000000000003       -1.1635651861489824     
  0.47333333333333338       -1.3383752349580489     
  0.47666666666666668       -1.0505803303174306     
  0.48000000000000004      -0.92751035611883237     
  0.48333333333333334      -0.83308283626364554     
  0.48666666666666669      -0.95298866257565296     
  0.49000000000000005      -0.93984407761367139     
  0.49333333333333335      -0.83495016383464205     
  0.49666666666666670       -1.2653850262670669     
  0.50000000000000000       -1.3490641307788682     
  0.50333333333333341      -0.91769853699345805     
  0.50666666666666671      -0.81615106634713319     
  0.51000000000000001      -0.83217428534640148     
  0.51333333333333342      -0.94548912970991283     
  0.51666666666666672       -1.0348352964261758     
  0.52000000000000002      -0.92138238983856491     
  0.52333333333333332       -1.2168701669742501     
  0.52666666666666673       -1.3794001796355848     
  0.53000000000000003      -0.89742150926493103     
  0.53333333333333333      -0.72248230389528900     
  0.53666666666666674      -0.85796781488663831     
  0.54000000000000004      -0.91835299343831678     
  0.54333333333333333       -1.0511987720699398     
  0.54666666666666675       -1.0007741867644073     
  0.55000000000000004       -1.0986147216130293     
  0.55333333333333334       -1.4070806688498831     
  0.55666666666666675       -1.0866097873939080     
  0.56000000000000005      -0.66679913313715278     
  0.56333333333333335      -0.81141479701588415     
  0.56666666666666665      -0.90673994863167950     
  0.57000000000000006      -0.93610955971608634     
  0.57333333333333336       -1.0236307546248649     
  0.57666666666666666       -1.0172766464163983     
  0.58000000000000007       -1.2898953308883541     
  0.58333333333333337       -1.4075153989528895     
  0.58666666666666667      -0.90545799221085344     
  0.59000000000000008      -0.70379156049902281     
  0.59333333333333338      -0.90913786891856763     
  0.59666666666666668      -0.85287650626692735     
  0.60000000000000009      -0.82627567197481844     
  0.60333333333333339      -0.91409301866229464     
  0.60666666666666669       -1.0119350492051857     
  0.60999999999999999       -1.3777164874870678     
  0.61333333333333340       -1.4385105280213850     
  0.61666666666666670      -0.97662036578452782     
  0.62000000000000000      -0.90272163414043205     
  0.62333333333333341       -1.0623437977017325     
  0.62666666666666671      -0.83414589725717680     
  0.63000000000000000      -0.66171637791754567     
  0.63333333333333341      -0.68286030475259074     
  0.63666666666666671      -0.76936345270867890     
  0.64000000000000001       -1.1620998560074824     
  0.64333333333333342       -1.3617582445998306     
  0.64666666666666672       -1.0910211706654864     
  0.65000000000000002       -1.1627507719368690     
  0.65333333333333332       -1.4654588617204478     
  0.65666666666666673       -1.2627654349553297     
  0.66000000000000003      -0.93175771457001155     
  0.66333333333333333      -0.77452553036862548     
  0.66666666666666674      -0.60112070360543668     
  0.67000000000000004      -0.68670748834949991     
  0.67333333333333334      -0.83160513903059108     
  0.67666666666666675      -0.57177711729826608     
  0.68000000000000005      -0.55724446644961367     
  0.68333333333333335       -1.0886008763265504     
  0.68666666666666676       -1.3442013067649285     
  0.69000000000000006       -1.2864795854785169     
  0.69333333333333336       -1.3978023398070116     
  0.69666666666666666       -1.4605615663906693     
  0.70000000000000007       -1.5097633856583068     
  0.70333333333333337       -1.7064991838618047     
  0.70666666666666667       -1.4970714520917099     
  0.71000000000000008      -0.97345858401474539     
  0.71333333333333337      -0.92151084752225199     
  0.71666666666666667       -1.0259586010498394     
  0.72000000000000008      -0.66953620182542450     
  0.72333333333333338      -0.29184592814304111     
  0.72666666666666668       -8.6758669619302523E-002
  0.73000000000000009       0.16817372667195801     
  0.73333333333333339       0.23600580838538082     
  0.73666666666666669       0.13496062416064020     
  0.74000000000000010       0.51804134457022089     
  0.74333333333333340       0.90163030004889722     
  0.74666666666666670       0.79075174948880322     
  0.75000000000000000       0.55886143433958013     
  0.75333333333333341       0.83040481807011202     
  0.75666666666666671       0.87042773878100499     
  0.76000000000000001        1.0182034107696027     
  0.76333333333333342        1.0253782233257767     
  0.76666666666666672        1.0465113990538788     
  0.77000000000000002       0.60377630558466544     
  0.77333333333333343        1.0284699114188125     
  0.77666666666666673        1.1476305158152453     
  0.78000000000000003        1.1981967234953246     
  0.78333333333333344       0.72697614657199428     
  0.78666666666666674        1.0327395116452005     
  0.79000000000000004       0.87796221300701449     
  0.79333333333333333        1.0524363974484747     
  0.79666666666666675        1.1400292444829889     
  0.80000000000000004        1.1396455882541747     
  0.80333333333333334       0.78927662205085114     
  0.80666666666666675       0.73582146950057969     
  0.81000000000000005        1.2451726861430479     
  0.81333333333333335        1.0962700317200176     
  0.81666666666666676        1.0527308772775825     
  0.82000000000000006       0.87273573784973113     
  0.82333333333333336       0.99378546349674224     
  0.82666666666666677       0.83780242220222878     
  0.83000000000000007        1.0347957302915454     
  0.83333333333333337        1.3440881070137334     
  0.83666666666666667       0.94637657519032758     
  0.84000000000000008       0.80244944516064542     
  0.84333333333333338       0.82273706436652505     
  0.84666666666666668        1.1843151123637368     
  0.85000000000000009        1.0704266737972070     
  0.85333333333333339        1.0022434912874698     
  0.85666666666666669        1.1486565487734202     
  0.86000000000000010       0.78934264756479244     
  0.86333333333333340       0.82144255603553895     
  0.86666666666666670        1.0239214334286399     
  0.87000000000000011        1.3066584026265922     
  0.87333333333333341        1.1001822709153939     
  0.87666666666666671       0.73457321602172687     
  0.88000000000000000       0.99954652099717511     
  0.88333333333333341       0.93066691361641218     
  0.88666666666666671       0.96486619351007896     
  0.89000000000000001        1.1470413564627788     
  0.89333333333333342        1.1756239212597708     
  0.89666666666666672        1.0419852516242456     
  0.90000000000000002       0.62087419334776339     
  0.90333333333333343       0.91338206565730939     
  0.90666666666666673        1.2235510356281327     
  0.91000000000000003        1.0470688235182330     
  0.91333333333333344        1.0836630982213018     
  0.91666666666666674        1.0017742373610221     
  0.92000000000000004       0.95842526025733021     
  0.92333333333333334       0.79431842476989944     
  0.92666666666666675       0.81345298911162356     
  0.93000000000000005        1.3362841032093555     
  0.93333333333333335        1.2147288473173870     
  0.93666666666666676       0.88982090445989770     
  0.94000000000000006       0.90689628195726435     
  0.94333333333333336       0.88286315539148807     
  0.94666666666666677       0.98294590852942998     
  0.95000000000000007       0.92556171863152537     
  0.95333333333333337        1.0960914932355053     
  0.95666666666666678        1.3794606039360517     
  0.96000000000000008       0.94021516586607112     
  0.96333333333333337       0.69828022157929770     
  0.96666666666666667       0.89840979247023145     
  0.97000000000000008       0.99699820864659350     
  0.97333333333333338        1.1216811148267172     
  0.97666666666666668        1.0352435782375156     
  0.98000000000000009        1.1124373102824936     
  0.98333333333333339        1.2287178177234479     
  0.98666666666666669       0.75652743554866952     
  0.99000000000000010       0.65329082978060293     
  0.99333333333333340        1.0258690943144357     
  0.99666666666666670        1.1341801875342774     
