   0.0000000000000000       0.61382082256552351     
   3.3333333333333335E-003  0.80286082988306273     
   6.6666666666666671E-003   1.2434003570496637     
   1.0000000000000000E-002   1.1706557465913972     
   1.3333333333333334E-002   1.0789084591996116     
   1.6666666666666666E-002  0.99478285504898145     
   2.0000000000000000E-002  0.93434447942940135     
   2.3333333333333334E-002  0.98362408556824388     
   2.6666666666666668E-002  0.74653342639155384     
   3.0000000000000002E-002  0.81062582196789967     
   3.3333333333333333E-002   1.3389529138224292     
   3.6666666666666667E-002   1.2918883594615045     
   4.0000000000000001E-002  0.95185717719402863     
   4.3333333333333335E-002  0.92250048729842549     
   4.6666666666666669E-002  0.87727445021629225     
   5.0000000000000003E-002  0.91173041409822231     
   5.3333333333333337E-002  0.92805342764315057     
   5.6666666666666671E-002  0.83990167476452726     
   6.0000000000000005E-002   1.1968616329537605     
   6.3333333333333339E-002   1.4425388999879569     
   6.6666666666666666E-002   1.0004823823210083     
   7.0000000000000007E-002  0.77006737181886309     
   7.3333333333333334E-002  0.90083688922570859     
   7.6666666666666675E-002  0.88056822535178436     
   8.0000000000000002E-002  0.92911097397631193     
   8.3333333333333343E-002  0.96291042387093373     
   8.6666666666666670E-002   1.0052451010611776     
   9.0000000000000011E-002   1.3594871873265806     
   9.3333333333333338E-002   1.3324516332474328     
   9.6666666666666679E-002  0.80108497999056894     
  0.10000000000000001       0.74155015036155991     
  0.10333333333333335       0.94745089269355764     
  0.10666666666666667       0.87041479688466183     
  0.11000000000000000       0.89174933866011608     
  0.11333333333333334       0.99231237204817402     
  0.11666666666666667        1.0958829048175798     
  0.12000000000000001        1.3968873649554574     
  0.12333333333333334        1.3095476308122025     
  0.12666666666666668       0.79229490041450312     
  0.13000000000000000       0.76833556138288361     
  0.13333333333333333       0.98702133345769083     
  0.13666666666666669       0.82214942578291983     
  0.14000000000000001       0.75295449257088842     
  0.14333333333333334       0.92190257553008759     
  0.14666666666666667        1.0701773692519123     
  0.15000000000000002        1.3610196468238485     
  0.15333333333333335        1.4223109983952091     
  0.15666666666666668       0.99367904022536746     
  0.16000000000000000       0.87850705822847974     
  0.16333333333333333        1.1084096647146093     
  0.16666666666666669       0.90310460606055387     
  0.17000000000000001       0.58922505221536048     
  0.17333333333333334       0.66994262804823357     
  0.17666666666666667       0.81300030714601179     
  0.18000000000000002        1.0436995000265161     
  0.18333333333333335        1.3299158330103031     
  0.18666666666666668        1.2177336953710667     
  0.19000000000000000        1.0504263583756477     
  0.19333333333333336        1.3828925394805787     
  0.19666666666666668        1.4408704509159178     
  0.20000000000000001        1.0151682564282387     
  0.20333333333333334       0.71603431569978937     
  0.20666666666666669       0.75076136694845885     
  0.21000000000000002       0.60274682432314097     
  0.21333333333333335       0.76060381691788059     
  0.21666666666666667       0.71500429873782634     
  0.22000000000000000       0.62719554895585705     
  0.22333333333333336       0.62799464616715062     
  0.22666666666666668        1.3743037250310686     
  0.23000000000000001        1.3481769127486951     
  0.23333333333333334        1.3779258623653998     
  0.23666666666666669        1.2759842084497148     
  0.24000000000000002        1.6762164656234597     
  0.24333333333333335        1.4394407078561067     
  0.24666666666666667        1.6869064559180655     
  0.25000000000000000        1.3494940321878124     
  0.25333333333333335       0.98476443791545609     
  0.25666666666666671       0.74823376584379608     
  0.26000000000000001       0.94156507613801177     
  0.26333333333333336       0.72035588190120303     
  0.26666666666666666        7.6105148858392910E-002
  0.27000000000000002        3.6070642238111905E-002
  0.27333333333333337      -0.21413037618936254     
  0.27666666666666667      -0.21278230028270262     
  0.28000000000000003      -0.37767905887326236     
  0.28333333333333333      -0.36899235567729260     
  0.28666666666666668      -0.83899715815710196     
  0.29000000000000004       -1.0191893939491026     
  0.29333333333333333      -0.59304520434692343     
  0.29666666666666669      -0.69700782659974292     
  0.30000000000000004      -0.86703264740701447     
  0.30333333333333334       -1.1164017646658737     
  0.30666666666666670      -0.94140828858037762     
  0.31000000000000000       -1.0127762278656542     
  0.31333333333333335      -0.96862659224448111     
  0.31666666666666671      -0.67653614878896173     
  0.32000000000000001       -1.0690587746055888     
  0.32333333333333336       -1.2266149685988710     
  0.32666666666666666       -1.1103753144914836     
  0.33000000000000002      -0.76752954053873201     
  0.33333333333333337      -0.83685426645977845     
  0.33666666666666667       -1.1505937357861469     
  0.34000000000000002      -0.95496698351271536     
  0.34333333333333338       -1.1364746484743251     
  0.34666666666666668       -1.1109537000773098     
  0.35000000000000003      -0.82761341425762902     
  0.35333333333333333      -0.79870353085726409     
  0.35666666666666669      -0.99287820859553322     
  0.36000000000000004       -1.3587686897789721     
  0.36333333333333334       -1.0142612656016941     
  0.36666666666666670      -0.79529357316910565     
  0.37000000000000005       -1.0103986629956336     
  0.37333333333333335      -0.89746492476126694     
  0.37666666666666671       -1.0079175433024772     
  0.38000000000000000       -1.1375713012751321     
  0.38333333333333336       -1.1785874075461744     
  0.38666666666666671      -0.96271828858151809     
  0.39000000000000001      -0.61124035585252001     
  0.39333333333333337       -1.0235379230771793     
  0.39666666666666667       -1.2458255953687321     
  0.40000000000000002       -1.0211368895942097     
  0.40333333333333338       -1.0451300117082694     
  0.40666666666666668      -0.95445815147047264     
  0.41000000000000003      -0.91168314032917330     
  0.41333333333333339      -0.84010868545247797     
  0.41666666666666669      -0.96262806578324767     
  0.42000000000000004       -1.3880082846088571     
  0.42333333333333334       -1.0934418142969202     
  0.42666666666666669      -0.72933899016744863     
  0.43000000000000005      -0.91039027364093850     
  0.43333333333333335      -0.96800582969669680     
  0.43666666666666670       -1.0476975738255021     
  0.44000000000000000       -1.0645146763567048     
  0.44333333333333336       -1.1064721753300577     
  0.44666666666666671       -1.1884031675378650     
  0.45000000000000001      -0.74863556708017143     
  0.45333333333333337      -0.66857805843440543     
  0.45666666666666672       -1.1520549774017077     
  0.46000000000000002       -1.1868079192155183     
  0.46333333333333337       -1.0811377819125849     
  0.46666666666666667       -1.0139594224542658     
  0.47000000000000003      -0.93365793721470980     
  0.47333333333333338      -0.98096932844020257     
  0.47666666666666668      -0.77086634020548805     
  0.48000000000000004      -0.86641441563929222     
  0.48333333333333334       -1.3716985765304173     
  0.48666666666666669       -1.2192895192028814     
  0.49000000000000005      -0.86877567408420109     
  0.49333333333333335      -0.87891333640892710     
  0.49666666666666670      -0.87872285370077929     
  0.50000000000000000      -0.97761048827689068     
  0.50333333333333341      -0.97814964844972330     
  0.50666666666666671      -0.99192236075366647     
  0.51000000000000001       -1.3414801618463390     
  0.51333333333333342       -1.1817716947157633     
  0.51666666666666672      -0.67777986020518022     
  0.52000000000000002      -0.78433542757994901     
  0.52333333333333332      -0.99326448474473805     
  0.52666666666666673       -1.0258321434981745     
  0.53000000000000003       -1.1065496083395157     
  0.53333333333333333       -1.0578186536053227     
  0.53666666666666674       -1.1646509344305374     
  0.54000000000000004       -1.1774059629383336     
  0.54333333333333333      -0.69020382512841394     
  0.54666666666666675      -0.63534823689178999     
  0.55000000000000004       -1.0825189848356851     
  0.55333333333333334       -1.1366653407641221     
  0.55666666666666675       -1.0824442769156835     
  0.56000000000000005       -1.1286500891551690     
  0.56333333333333335       -1.0672346868385869     
  0.56666666666666665       -1.0952650418668903     
  0.57000000000000006      -0.88894177206449210     
  0.57333333333333336      -0.55274074478384128     
  0.57666666666666666      -0.88020575469223850     
  0.58000000000000007       -1.2817126691801295     
  0.58333333333333337       -1.1186084567661683     
  0.58666666666666667       -1.0641518879950271     
  0.59000000000000008       -1.1544486452866074     
  0.59333333333333338       -1.0563376591103280     
  0.59666666666666668      -0.97966840062856941     
  0.60000000000000009      -0.74992702239777032     
  0.60333333333333339      -0.58249428459007635     
  0.60666666666666669       -1.0146050631433932     
  0.60999999999999999       -1.3132513344432517     
  0.61333333333333340       -1.0616205286210225     
  0.61666666666666670       -1.0661572558839685     
  0.62000000000000000       -1.2470340936656963     
  0.62333333333333341       -1.1041917024007055     
  0.62666666666666671      -0.92724841770975552     
  0.63000000000000000      -0.72563870290564947     
  0.63333333333333341      -0.57820610245334347     
  0.63666666666666671      -0.93275777888663003     
  0.64000000000000001       -1.2272249533368620     
  0.64333333333333342      -0.99742383263398549     
  0.64666666666666672       -1.0299188306076499     
  0.65000000000000002       -1.3734593850332180     
  0.65333333333333332       -1.3062590122359359     
  0.65666666666666673       -1.0468947216325324     
  0.66000000000000003      -0.86247714385246743     
  0.66333333333333333      -0.63612272134461667     
  0.66666666666666674      -0.72660998676232180     
  0.67000000000000004      -0.99260886699128992     
  0.67333333333333334      -0.81441573960337232     
  0.67666666666666675      -0.71992313998704227     
  0.68000000000000005       -1.1889412859898301     
  0.68333333333333335       -1.4730231323348670     
  0.68666666666666676       -1.3141414996101455     
  0.69000000000000006       -1.2425543299726012     
  0.69333333333333336       -1.1224676969603971     
  0.69666666666666666      -0.98684910128223158     
  0.70000000000000007       -1.0387802350820563     
  0.70333333333333337      -0.91599591096557487     
  0.70666666666666667      -0.39433716408396335     
  0.71000000000000008      -0.45251437923607751     
  0.71333333333333337      -0.80378184487438453     
  0.71666666666666667      -0.93324543577475993     
  0.72000000000000008      -0.75829120334575340     
  0.72333333333333338       -1.0838720542420752     
  0.72666666666666668       -1.1138603266249938     
  0.73000000000000009       -1.4811980496018302     
  0.73333333333333339       -1.6141886738104707     
  0.73666666666666669       -1.7385919333974358     
  0.74000000000000010       -1.1504422058873975     
  0.74333333333333340       -1.4666304695878263     
  0.74666666666666670       -1.4585668311223099     
  0.75000000000000000       -1.3494940321878128     
  0.75333333333333341      -0.75642481311969889     
  0.75666666666666671      -0.72104400411207992     
  0.76000000000000001      -0.41579081640194970     
  0.76333333333333342      -0.25774815695348607     
  0.76666666666666672      -0.31236796030346026     
  0.77000000000000002        9.6950494615024030E-002
  0.77333333333333343       0.47457377459543948     
  0.77666666666666673       0.66865970835762578     
  0.78000000000000003       0.24658340448336560     
  0.78333333333333344       0.58723349271422853     
  0.78666666666666674       0.79581913020059913     
  0.79000000000000004       0.86895694886204455     
  0.79333333333333333       0.94946940721141826     
  0.79666666666666675       0.89696942186552509     
  0.80000000000000004       0.84342066875319410     
  0.80333333333333334       0.66238041503218925     
  0.80666666666666675        1.2018331311005628     
  0.81000000000000005        1.2049041994626075     
  0.81333333333333335       0.87221878800540376     
  0.81666666666666676       0.81964344811352940     
  0.82000000000000006       0.92381698864227935     
  0.82333333333333336        1.1335378014399009     
  0.82666666666666677       0.96590220293635143     
  0.83000000000000007        1.1709133553146647     
  0.83333333333333337        1.0133488857580151     
  0.83666666666666667       0.67830679241615588     
  0.84000000000000008       0.97099689788873422     
  0.84333333333333338        1.1896903298814898     
  0.84666666666666668        1.2270056862365810     
  0.85000000000000009       0.84005315246700263     
  0.85333333333333339       0.83896206950152685     
  0.85666666666666669        1.0683994656994327     
  0.86000000000000010       0.88449822901299591     
  0.86333333333333340        1.1248696187054101     
  0.86666666666666670        1.2041088041734540     
  0.87000000000000011       0.96770180451840038     
  0.87333333333333341       0.76251140746601365     
  0.87666666666666671       0.80256161489097899     
  0.88000000000000000        1.2874245725648934     
  0.88333333333333341        1.1488617586125609     
  0.88666666666666671       0.89341013200867447     
  0.89000000000000001        1.0327423516356500     
  0.89333333333333342       0.87934765681844984     
  0.89666666666666672       0.88086898726525142     
  0.90000000000000002        1.0127600175580034     
  0.90333333333333343        1.2237134323462695     
  0.90666666666666673        1.2305721256075790     
  0.91000000000000003       0.70664459828920112     
  0.91333333333333344       0.78120189851863586     
  0.91666666666666674        1.1183260986784818     
  0.92000000000000004        1.0354065894050386     
  0.92333333333333334        1.0930793436373778     
  0.92666666666666675        1.0774351346093154     
  0.93000000000000005        1.0292646738865709     
  0.93333333333333335       0.87322317015081741     
  0.93666666666666676       0.67239336067612809     
  0.94000000000000006        1.1327262201552974     
  0.94333333333333336        1.3490147774812140     
  0.94666666666666677       0.97979125441689208     
  0.95000000000000007       0.91942413781763210     
  0.95333333333333337       0.91050427175890847     
  0.95666666666666678       0.91975831523169771     
  0.96000000000000008       0.96125913347121417     
  0.96333333333333337       0.95390035688161778     
  0.96666666666666667        1.2950936826713739     
  0.97000000000000008        1.2295817235863240     
  0.97333333333333338       0.70167061133358133     
  0.97666666666666668       0.78050673938198234     
  0.98000000000000009        1.0164234674887433     
  0.98333333333333339        1.0546955816866164     
  0.98666666666666669        1.1164262836867309     
  0.99000000000000010        1.0396000893391413     
  0.99333333333333340        1.1303913327049275     
  0.99666666666666670        1.0540116722674406     
