   0.0000000000000000      -0.92005990121984826     
   3.3333333333333335E-003  -1.1937745326719855     
   6.6666666666666671E-003  -1.0976177974655381     
   1.0000000000000000E-002 -0.81395770212114171     
   1.3333333333333334E-002 -0.86472106348910538     
   1.6666666666666666E-002  -1.1586014274634726     
   2.0000000000000000E-002  -1.1860911292742200     
   2.3333333333333334E-002 -0.90185859446143690     
   2.6666666666666668E-002 -0.76865290044216195     
   3.0000000000000002E-002 -0.99509891829398278     
   3.3333333333333333E-002  -1.2361741707752587     
   3.6666666666666667E-002  -1.1391076421985937     
   4.0000000000000001E-002 -0.84238505183054246     
   4.3333333333333335E-002 -0.74921643138843597     
   4.6666666666666669E-002 -0.97969289009851290     
   5.0000000000000003E-002  -1.2444574935434110     
   5.3333333333333337E-002  -1.2274307851829658     
   5.6666666666666671E-002 -0.94976212300304574     
   6.0000000000000005E-002 -0.71418438363612202     
   6.3333333333333339E-002 -0.76301099570869946     
   6.6666666666666666E-002  -1.0468185342133693     
   7.0000000000000007E-002  -1.3029906542039431     
   7.3333333333333334E-002  -1.3101054053031780     
   7.6666666666666675E-002  -1.0638795488241555     
   8.0000000000000002E-002 -0.75143251037129732     
   8.3333333333333343E-002 -0.59131433493931029     
   8.6666666666666670E-002 -0.68565014839276128     
   9.0000000000000011E-002 -0.97811989484276618     
   9.3333333333333338E-002  -1.3132717711137007     
   9.6666666666666679E-002  -1.5327556217210641     
  0.10000000000000001       -1.5457345983155821     
  0.10333333333333335       -1.3476649109860728     
  0.10666666666666667      -0.99747042701517274     
  0.11000000000000000      -0.57867952434399272     
  0.11333333333333334      -0.16643775586445222     
  0.11666666666666667       0.18973706424422859     
  0.12000000000000001       0.46828320416695596     
  0.12333333333333334       0.66901381602582044     
  0.12666666666666668       0.80387121018488683     
  0.13000000000000000       0.88903421426817308     
  0.13333333333333333       0.93989746827241838     
  0.13666666666666669       0.96876451641034145     
  0.14000000000000001       0.98439254124982212     
  0.14333333333333334       0.99248858298866371     
  0.14666666666666667       0.99651252748749208     
  0.15000000000000002       0.99843569471525229     
  0.15333333333333335       0.99932124045138482     
  0.15666666666666668       0.99971476431943584     
  0.16000000000000000       0.99988378833230585     
  0.16333333333333333       0.99995405072164956     
  0.16666666666666669       0.99998235257920498     
  0.17000000000000001       0.99999341103252593     
  0.17333333333333334       0.99999760657406800     
  0.17666666666666667       0.99999915355656366     
  0.18000000000000002       0.99999970836580965     
  0.18333333333333335       0.99999990204890388     
  0.18666666666666668       0.99999996791065693     
  0.19000000000000000       0.99999998974047066     
  0.19333333333333336       0.99999999679720519     
  0.19666666666666668       0.99999999902327430     
  0.20000000000000001       0.99999999970889331     
  0.20333333333333334       0.99999999991516941     
  0.20666666666666669       0.99999999997582067     
  0.21000000000000002       0.99999999999325617     
  0.21333333333333335       0.99999999999815903     
  0.21666666666666667       0.99999999999950806     
  0.22000000000000000       0.99999999999987121     
  0.22333333333333336       0.99999999999996703     
  0.22666666666666668       0.99999999999999190     
  0.23000000000000001       0.99999999999999800     
  0.23333333333333334       0.99999999999999967     
  0.23666666666666669        1.0000000000000000     
  0.24000000000000002        1.0000000000000000     
  0.24333333333333335        1.0000000000000000     
  0.24666666666666667        1.0000000000000000     
  0.25000000000000000        1.0000000000000000     
  0.25333333333333335        1.0000000000000000     
  0.25666666666666671        1.0000000000000000     
  0.26000000000000001        1.0000000000000000     
  0.26333333333333336        1.0000000000000000     
  0.26666666666666666        1.0000000000000002     
  0.27000000000000002       0.99999999999999889     
  0.27333333333333337        1.0000000000000049     
  0.27666666666666667       0.99999999999998035     
  0.28000000000000003        1.0000000000000762     
  0.28333333333333333       0.99999999999971323     
  0.28666666666666668        1.0000000000010612     
  0.29000000000000004       0.99999999999615918     
  0.29333333333333333        1.0000000000135949     
  0.29666666666666669       0.99999999995294409     
  0.30000000000000004        1.0000000001592197     
  0.30333333333333334       0.99999999947360152     
  0.30666666666666670        1.0000000016996697     
  0.31000000000000000       0.99999999464293610     
  0.31333333333333335        1.0000000164727494     
  0.31666666666666671       0.99999995061099622     
  0.32000000000000001        1.0000001442940905     
  0.32333333333333336       0.99999958948484557     
  0.32666666666666666        1.0000011364673402     
  0.33000000000000002       0.99999694092579927     
  0.33333333333333337        1.0000079993791187     
  0.33666666666666667       0.99997969752156446     
  0.34000000000000002        1.0000499599109081     
  0.34333333333333338       0.99988093589803784     
  0.34666666666666668        1.0002744597660886     
  0.35000000000000003       0.99938891402995644     
  0.35333333333333333        1.0013120812577163     
  0.35666666666666669       0.99728813675888783     
  0.36000000000000004        1.0053841784977304     
  0.36333333333333334       0.98975615365824943     
  0.36666666666666670        1.0186232017961718     
  0.37000000000000005       0.96775994779192753     
  0.37333333333333335        1.0529229518752130     
  0.37666666666666671       0.91806555771614717     
  0.38000000000000000        1.1187961695750115     
  0.38333333333333336       0.84025002965228379     
  0.38666666666666671        1.1964248497609633     
  0.39000000000000001       0.78418308128142267     
  0.39333333333333337        1.2029739839526028     
  0.39666666666666667       0.85277949998170077     
  0.40000000000000002        1.0508491873112105     
  0.40333333333333338        1.0638281639057283     
  0.40666666666666668       0.84434431329836590     
  0.41000000000000003        1.1794961895692990     
  0.41333333333333339       0.88702644311929524     
  0.41666666666666669       0.98136225657274689     
  0.42000000000000004        1.1414804320047340     
  0.42333333333333334       0.82903339355187500     
  0.42666666666666669        1.0752592500308975     
  0.43000000000000005        1.0823740011301324     
  0.43333333333333335       0.82620188113955972     
  0.43666666666666670        1.1100094196442287     
  0.44000000000000000        1.0611828075716505     
  0.44333333333333336       0.82560506820472801     
  0.44666666666666671        1.1032737303846476     
  0.45000000000000001        1.0862470220242033     
  0.45333333333333337       0.82148241857930582     
  0.45666666666666672        1.0519588772893818     
  0.46000000000000002        1.1451274977314887     
  0.46333333333333337       0.84840490736343699     
  0.46666666666666667       0.94547143594010352     
  0.47000000000000003        1.1865466884213791     
  0.47333333333333338       0.96010067056955717     
  0.47666666666666668       0.82689497655028077     
  0.48000000000000004        1.1111275113630650     
  0.48333333333333334        1.1386172131738130     
  0.48666666666666669       0.84473684919944503     
  0.49000000000000005       0.89550021056740925     
  0.49333333333333335        1.1791603059118052     
  0.49666666666666670        1.0830035707053565     
  0.50000000000000000       0.80928893925321888     
  0.50333333333333341       0.92005990121984826     
  0.50666666666666671        1.1937745326719855     
  0.51000000000000001        1.0976177974655381     
  0.51333333333333342       0.81395770212114171     
  0.51666666666666672       0.86472106348910538     
  0.52000000000000002        1.1586014274634726     
  0.52333333333333332        1.1860911292742200     
  0.52666666666666673       0.90185859446143690     
  0.53000000000000003       0.76865290044216195     
  0.53333333333333333       0.99509891829398278     
  0.53666666666666674        1.2361741707752587     
  0.54000000000000004        1.1391076421985937     
  0.54333333333333333       0.84238505183054246     
  0.54666666666666675       0.74921643138843597     
  0.55000000000000004       0.97969289009851290     
  0.55333333333333334        1.2444574935434110     
  0.55666666666666675        1.2274307851829658     
  0.56000000000000005       0.94976212300304574     
  0.56333333333333335       0.71418438363612202     
  0.56666666666666665       0.76301099570869946     
  0.57000000000000006        1.0468185342133693     
  0.57333333333333336        1.3029906542039431     
  0.57666666666666666        1.3101054053031780     
  0.58000000000000007        1.0638795488241555     
  0.58333333333333337       0.75143251037129732     
  0.58666666666666667       0.59131433493931029     
  0.59000000000000008       0.68565014839276128     
  0.59333333333333338       0.97811989484276618     
  0.59666666666666668        1.3132717711137007     
  0.60000000000000009        1.5327556217210641     
  0.60333333333333339        1.5457345983155821     
  0.60666666666666669        1.3476649109860728     
  0.60999999999999999       0.99747042701517274     
  0.61333333333333340       0.57867952434399272     
  0.61666666666666670       0.16643775586445222     
  0.62000000000000000      -0.18973706424422859     
  0.62333333333333341      -0.46828320416695596     
  0.62666666666666671      -0.66901381602582044     
  0.63000000000000000      -0.80387121018488683     
  0.63333333333333341      -0.88903421426817308     
  0.63666666666666671      -0.93989746827241838     
  0.64000000000000001      -0.96876451641034145     
  0.64333333333333342      -0.98439254124982212     
  0.64666666666666672      -0.99248858298866371     
  0.65000000000000002      -0.99651252748749208     
  0.65333333333333332      -0.99843569471525229     
  0.65666666666666673      -0.99932124045138482     
  0.66000000000000003      -0.99971476431943584     
  0.66333333333333333      -0.99988378833230585     
  0.66666666666666674      -0.99995405072164956     
  0.67000000000000004      -0.99998235257920498     
  0.67333333333333334      -0.99999341103252593     
  0.67666666666666675      -0.99999760657406800     
  0.68000000000000005      -0.99999915355656366     
  0.68333333333333335      -0.99999970836580965     
  0.68666666666666676      -0.99999990204890388     
  0.69000000000000006      -0.99999996791065693     
  0.69333333333333336      -0.99999998974047066     
  0.69666666666666666      -0.99999999679720519     
  0.70000000000000007      -0.99999999902327430     
  0.70333333333333337      -0.99999999970889331     
  0.70666666666666667      -0.99999999991516941     
  0.71000000000000008      -0.99999999997582067     
  0.71333333333333337      -0.99999999999325617     
  0.71666666666666667      -0.99999999999815903     
  0.72000000000000008      -0.99999999999950806     
  0.72333333333333338      -0.99999999999987121     
  0.72666666666666668      -0.99999999999996703     
  0.73000000000000009      -0.99999999999999190     
  0.73333333333333339      -0.99999999999999800     
  0.73666666666666669      -0.99999999999999967     
  0.74000000000000010       -1.0000000000000000     
  0.74333333333333340       -1.0000000000000000     
  0.74666666666666670       -1.0000000000000000     
  0.75000000000000000       -1.0000000000000000     
  0.75333333333333341       -1.0000000000000000     
  0.75666666666666671       -1.0000000000000000     
  0.76000000000000001       -1.0000000000000000     
  0.76333333333333342       -1.0000000000000002     
  0.76666666666666672      -0.99999999999999889     
  0.77000000000000002       -1.0000000000000049     
  0.77333333333333343      -0.99999999999998035     
  0.77666666666666673       -1.0000000000000762     
  0.78000000000000003      -0.99999999999971323     
  0.78333333333333344       -1.0000000000010612     
  0.78666666666666674      -0.99999999999615918     
  0.79000000000000004       -1.0000000000135949     
  0.79333333333333333      -0.99999999995294409     
  0.79666666666666675       -1.0000000001592197     
  0.80000000000000004      -0.99999999947360152     
  0.80333333333333334       -1.0000000016996697     
  0.80666666666666675      -0.99999999464293610     
  0.81000000000000005       -1.0000000164727494     
  0.81333333333333335      -0.99999995061099622     
  0.81666666666666676       -1.0000001442940905     
  0.82000000000000006      -0.99999958948484557     
  0.82333333333333336       -1.0000011364673402     
  0.82666666666666677      -0.99999694092579927     
  0.83000000000000007       -1.0000079993791187     
  0.83333333333333337      -0.99997969752156446     
  0.83666666666666667       -1.0000499599109081     
  0.84000000000000008      -0.99988093589803784     
  0.84333333333333338       -1.0002744597660886     
  0.84666666666666668      -0.99938891402995644     
  0.85000000000000009       -1.0013120812577163     
  0.85333333333333339      -0.99728813675888783     
  0.85666666666666669       -1.0053841784977304     
  0.86000000000000010      -0.98975615365824943     
  0.86333333333333340       -1.0186232017961718     
  0.86666666666666670      -0.96775994779192753     
  0.87000000000000011       -1.0529229518752130     
  0.87333333333333341      -0.91806555771614717     
  0.87666666666666671       -1.1187961695750115     
  0.88000000000000000      -0.84025002965228379     
  0.88333333333333341       -1.1964248497609633     
  0.88666666666666671      -0.78418308128142267     
  0.89000000000000001       -1.2029739839526028     
  0.89333333333333342      -0.85277949998170077     
  0.89666666666666672       -1.0508491873112105     
  0.90000000000000002       -1.0638281639057283     
  0.90333333333333343      -0.84434431329836590     
  0.90666666666666673       -1.1794961895692990     
  0.91000000000000003      -0.88702644311929524     
  0.91333333333333344      -0.98136225657274689     
  0.91666666666666674       -1.1414804320047340     
  0.92000000000000004      -0.82903339355187500     
  0.92333333333333334       -1.0752592500308975     
  0.92666666666666675       -1.0823740011301324     
  0.93000000000000005      -0.82620188113955972     
  0.93333333333333335       -1.1100094196442287     
  0.93666666666666676       -1.0611828075716505     
  0.94000000000000006      -0.82560506820472801     
  0.94333333333333336       -1.1032737303846476     
  0.94666666666666677       -1.0862470220242033     
  0.95000000000000007      -0.82148241857930582     
  0.95333333333333337       -1.0519588772893818     
  0.95666666666666678       -1.1451274977314887     
  0.96000000000000008      -0.84840490736343699     
  0.96333333333333337      -0.94547143594010352     
  0.96666666666666667       -1.1865466884213791     
  0.97000000000000008      -0.96010067056955717     
  0.97333333333333338      -0.82689497655028077     
  0.97666666666666668       -1.1111275113630650     
  0.98000000000000009       -1.1386172131738130     
  0.98333333333333339      -0.84473684919944503     
  0.98666666666666669      -0.89550021056740925     
  0.99000000000000010       -1.1791603059118052     
  0.99333333333333340       -1.0830035707053565     
  0.99666666666666670      -0.80928893925321888     
