   0.0000000000000000       0.98333942442939215     
   3.3333333333333335E-003   1.2165733025991341     
   6.6666666666666671E-003   1.2505437513936133     
   1.0000000000000000E-002   1.2263912063201914     
   1.3333333333333334E-002  0.79711434502702327     
   1.6666666666666666E-002  0.64610922885302724     
   2.0000000000000000E-002  0.96753789618165476     
   2.3333333333333334E-002  0.85586982408541323     
   2.6666666666666668E-002  0.85853471949553251     
   3.0000000000000002E-002   1.0795083478726799     
   3.3333333333333333E-002   1.2613602769937442     
   3.6666666666666667E-002   1.4420636040047226     
   4.0000000000000001E-002   1.0737410454059138     
   4.3333333333333335E-002  0.83120100938740904     
   4.6666666666666669E-002   1.0270119943069718     
   5.0000000000000003E-002  0.82598480814795194     
   5.3333333333333337E-002  0.64832377854423762     
   5.6666666666666671E-002  0.69741755648324244     
   6.0000000000000005E-002  0.86054454749613529     
   6.3333333333333339E-002   1.2898029482722320     
   6.6666666666666666E-002   1.2644882377570181     
   7.0000000000000007E-002   1.0750241707066823     
   7.3333333333333334E-002   1.3610365591488511     
   7.6666666666666675E-002   1.3600377507647630     
   8.0000000000000002E-002   1.0811726268134243     
   8.3333333333333343E-002  0.85131187988005785     
   8.6666666666666670E-002  0.57904097493225548     
   9.0000000000000011E-002  0.71849286559317815     
   9.3333333333333338E-002  0.82169784174248961     
   9.6666666666666679E-002  0.50323846426655339     
  0.10000000000000001       0.64008155083391760     
  0.10333333333333335        1.0495248084851643     
  0.10666666666666667        1.2150561130735964     
  0.11000000000000000        1.3900805346490612     
  0.11333333333333334        1.3528090687945875     
  0.11666666666666667        1.3699876505890274     
  0.12000000000000001        1.7445467697963533     
  0.12333333333333334        1.6394857715674247     
  0.12666666666666668        1.1962446459915654     
  0.13000000000000000        1.1188654678302210     
  0.13333333333333333        1.0101648339932550     
  0.13666666666666669       0.82871268978253920     
  0.14000000000000001       0.64053718789879777     
  0.14333333333333334       0.11807908751840468     
  0.14666666666666667      -0.13157333728205534     
  0.15000000000000002        4.7668360586150052E-002
  0.15333333333333335      -0.18722645804446833     
  0.15666666666666668      -0.57409321291333826     
  0.16000000000000000      -0.66002134172155524     
  0.16333333333333333      -0.76115851256675127     
  0.16666666666666669      -0.70284679767721681     
  0.17000000000000001      -0.61480449122013481     
  0.17333333333333334      -0.98139369009697430     
  0.17666666666666667       -1.1533079674775559     
  0.18000000000000002      -0.84423333633664066     
  0.18333333333333335      -0.81188908698858731     
  0.18666666666666668      -0.96686468056819319     
  0.19000000000000000      -0.99630973543793910     
  0.19333333333333336       -1.1406339042844411     
  0.19666666666666668       -1.0632326798252720     
  0.20000000000000001      -0.74168782997907035     
  0.20333333333333334      -0.90359225981172997     
  0.20666666666666669       -1.2209530171293712     
  0.21000000000000002       -1.0742037753818119     
  0.21333333333333335      -0.93214373343122980     
  0.21666666666666667      -0.94293005568802246     
  0.22000000000000000      -0.86692007413498495     
  0.22333333333333336       -1.0457265501034076     
  0.22666666666666668       -1.2644161390035933     
  0.23000000000000001      -0.97128063388947372     
  0.23333333333333334      -0.74528591778083286     
  0.23666666666666669      -0.99101603701701346     
  0.24000000000000002       -1.1073295146824369     
  0.24333333333333335       -1.0559768012351616     
  0.24666666666666667       -1.0989591449548268     
  0.25000000000000000      -0.91925427215557975     
  0.25333333333333335      -0.74714005202141143     
  0.25666666666666671       -1.0588468119404406     
  0.26000000000000001       -1.2680861207919354     
  0.26333333333333336      -0.99958566187894393     
  0.26666666666666666      -0.86872577239683679     
  0.27000000000000002      -0.94985656732273116     
  0.27333333333333337      -0.91473891623755210     
  0.27666666666666667       -1.0478507931855097     
  0.28000000000000003       -1.2572313855133619     
  0.28333333333333333       -1.0104705334738930     
  0.28666666666666668      -0.72000783650373101     
  0.29000000000000004      -0.92945912314167911     
  0.29333333333333333       -1.1357153188445703     
  0.29666666666666669       -1.0621006158311805     
  0.30000000000000004       -1.0795621826223327     
  0.30333333333333334       -1.0436627613172242     
  0.30666666666666670      -0.77137228938956137     
  0.31000000000000000      -0.83172327393607293     
  0.31333333333333335       -1.2022935979383655     
  0.31666666666666671       -1.2168933046756982     
  0.32000000000000001      -0.92421475568464506     
  0.32333333333333336      -0.93265043825183558     
  0.32666666666666666      -0.91872200185469799     
  0.33000000000000002      -0.88335102239939356     
  0.33333333333333337       -1.0184686375453174     
  0.33666666666666667       -1.3408033671139516     
  0.34000000000000002       -1.0048049142111410     
  0.34333333333333338      -0.82131200915732694     
  0.34666666666666668      -0.79798178132822473     
  0.35000000000000003       -1.1354901365705143     
  0.35333333333333333      -0.90278277620837133     
  0.35666666666666669       -1.2317979422396907     
  0.36000000000000004       -1.0890181130680050     
  0.36333333333333334       -1.0367407623059590     
  0.36666666666666670      -0.57313988629433188     
  0.37000000000000005       -1.0372745995509356     
  0.37333333333333335       -1.1034836749776087     
  0.37666666666666671       -1.1345776656286128     
  0.38000000000000000       -1.0393376981127345     
  0.38333333333333336       -1.0751445460780875     
  0.38666666666666671      -0.93718631370527428     
  0.39000000000000001      -0.61578610070011131     
  0.39333333333333337       -1.0664603134691468     
  0.39666666666666667       -1.1715822667853653     
  0.40000000000000002       -1.2192043276479234     
  0.40333333333333338      -0.92094488144307163     
  0.40666666666666668       -1.0131806508387968     
  0.41000000000000003      -0.95492611593597942     
  0.41333333333333339      -0.66994896536706450     
  0.41666666666666669       -1.0096950361851351     
  0.42000000000000004       -1.1883483511387927     
  0.42333333333333334       -1.2992352371656308     
  0.42666666666666669      -0.92813962161823860     
  0.43000000000000005      -0.89414990167283159     
  0.43333333333333335       -1.0213217226030162     
  0.43666666666666670      -0.72870203945276457     
  0.44000000000000000      -0.90298226443065011     
  0.44333333333333336       -1.1060654590569325     
  0.44666666666666671       -1.3459956909718607     
  0.45000000000000001       -1.1248612940601093     
  0.45333333333333337      -0.79524059472601649     
  0.45666666666666672       -1.0178708492773734     
  0.46000000000000002      -0.84666850120020531     
  0.46333333333333337      -0.78679654135499433     
  0.46666666666666667      -0.94646095650945639     
  0.47000000000000003       -1.1956417441358185     
  0.47333333333333338       -1.3954064633736243     
  0.47666666666666668      -0.96311234231339438     
  0.48000000000000004      -0.90637690414417860     
  0.48333333333333334       -1.0111704304131062     
  0.48666666666666669      -0.78011958119748659     
  0.49000000000000005      -0.78684042654879316     
  0.49333333333333335      -0.85934173221720145     
  0.49666666666666670       -1.2452382186865210     
  0.50000000000000000       -1.3735639812691398     
  0.50333333333333341      -0.98815622596815611     
  0.50666666666666671       -1.0647846640592100     
  0.51000000000000001       -1.0567192783688679     
  0.51333333333333342      -0.81736437030314091     
  0.51666666666666672      -0.71440393286206261     
  0.52000000000000002      -0.67022504425014884     
  0.52333333333333332       -1.1008156492841017     
  0.52666666666666673       -1.2837185061280640     
  0.53000000000000003       -1.0352394640503586     
  0.53333333333333333       -1.2160277897027507     
  0.53666666666666674       -1.2773188486996621     
  0.54000000000000004       -1.0809671125800888     
  0.54333333333333333      -0.85346021854218068     
  0.54666666666666675      -0.55246743182495328     
  0.55000000000000004      -0.78342473521443468     
  0.55333333333333334      -0.99223349672893724     
  0.55666666666666675      -0.77285768166450897     
  0.56000000000000005      -0.97920876755354092     
  0.56333333333333335       -1.2959663466906508     
  0.56666666666666665       -1.3923093115296772     
  0.57000000000000006       -1.3933431688907303     
  0.57333333333333336       -1.0489780129347319     
  0.57666666666666666      -0.98011334219401935     
  0.58000000000000007       -1.1395580297858190     
  0.58333333333333337      -0.74956042294063441     
  0.58666666666666667      -0.47254076204312401     
  0.59000000000000008      -0.58700810050432006     
  0.59333333333333338      -0.68611081707913579     
  0.59666666666666668      -0.92613730408849171     
  0.60000000000000009      -0.94932238990956341     
  0.60333333333333339      -0.89881888572692581     
  0.60666666666666669       -1.3925788012935207     
  0.60999999999999999       -1.6699698038211921     
  0.61333333333333340       -1.4717550829352239     
  0.61666666666666670       -1.4617953791263882     
  0.62000000000000000       -1.4392133033376111     
  0.62333333333333341       -1.4072287288105161     
  0.62666666666666671       -1.3967331620866550     
  0.63000000000000000      -0.90424192107744505     
  0.63333333333333341      -0.50992128417226623     
  0.63666666666666671      -0.61968924832123518     
  0.64000000000000001      -0.42814464944564867     
  0.64333333333333342       -1.8584427706868856E-002
  0.64666666666666672       0.19798753914445427     
  0.65000000000000002       0.44450775546547761     
  0.65333333333333332       0.44363171769929138     
  0.65666666666666673       0.34354256127065785     
  0.66000000000000003       0.74387863666454390     
  0.66333333333333333        1.0106006609351066     
  0.66666666666666674       0.78159005910480261     
  0.67000000000000004       0.75687594658648405     
  0.67333333333333334       0.87333495781976378     
  0.67666666666666675       0.92399557269897425     
  0.68000000000000005        1.1331556430121963     
  0.68333333333333335        1.0591881363166120     
  0.68666666666666676       0.72611410258078612     
  0.69000000000000006       0.89863962269842657     
  0.69333333333333336        1.1960919358686917     
  0.69666666666666666        1.0593563924430371     
  0.70000000000000007       0.95673197577037561     
  0.70333333333333337       0.93578228865195501     
  0.70666666666666667       0.84896256823863514     
  0.71000000000000008        1.0781459207478279     
  0.71333333333333337        1.2585239073389722     
  0.71666666666666667       0.92138282624845569     
  0.72000000000000008       0.76625758071205496     
  0.72333333333333338        1.0275337488793446     
  0.72666666666666668        1.0926183560130149     
  0.73000000000000009        1.0629752513977486     
  0.73333333333333339        1.0871436776572456     
  0.73666666666666669       0.85748743151619145     
  0.74000000000000010       0.78462653524384307     
  0.74333333333333340        1.1543780553523968     
  0.74666666666666670        1.2295260267219683     
  0.75000000000000000       0.91925427215558075     
  0.75333333333333341       0.87770693378855191     
  0.75666666666666671       0.96044555782320529     
  0.76000000000000001       0.94538314135334267     
  0.76333333333333342        1.1331142673797643     
  0.76666666666666672        1.2105835322732501     
  0.77000000000000002       0.85816194981445504     
  0.77333333333333343       0.74294113324697020     
  0.77666666666666673        1.0660435944095779     
  0.78000000000000003        1.1565688920904327     
  0.78333333333333344        1.0320177629134617     
  0.78666666666666674        1.0463880104114731     
  0.79000000000000004       0.92551697777566844     
  0.79333333333333333       0.76372486995383182     
  0.79666666666666675        1.0299105869909597     
  0.80000000000000004        1.2946063284136358     
  0.80333333333333334        1.0475390486994629     
  0.80666666666666675       0.82683032097381359     
  0.81000000000000005       0.92939338667558458     
  0.81333333333333335       0.96154301995095504     
  0.81666666666666676       0.96959425534767529     
  0.82000000000000006        1.2131370623602014     
  0.82333333333333336        1.1619628330304184     
  0.82666666666666677       0.81066326957748647     
  0.83000000000000007       0.74127956703304543     
  0.83333333333333337        1.0972118989729001     
  0.83666666666666667        1.0913612187455959     
  0.84000000000000008        1.0886622091541309     
  0.84333333333333338        1.0518626608000106     
  0.84666666666666668        1.0543870409830460     
  0.85000000000000009       0.64331402051888609     
  0.85333333333333339       0.96919697807077387     
  0.85666666666666669        1.1323032824281567     
  0.86000000000000010        1.3014106515211492     
  0.86333333333333340       0.82771732084465455     
  0.86666666666666670        1.0733834361153227     
  0.87000000000000011       0.82265105279815998     
  0.87333333333333341       0.90299515888251902     
  0.87666666666666671       0.90232062287170489     
  0.88000000000000000        1.3446711645714780     
  0.88333333333333341        1.1669522746154462     
  0.88666666666666671       0.81824029956464062     
  0.89000000000000001       0.89567536987224028     
  0.89333333333333342       0.88893762524921915     
  0.89666666666666672        1.0208763440271271     
  0.90000000000000002       0.90996348857227882     
  0.90333333333333343        1.3438437212650105     
  0.90666666666666673        1.1487676755021476     
  0.91000000000000003       0.82344135084712367     
  0.91333333333333344       0.77644917825619886     
  0.91666666666666674       0.90794357924571345     
  0.92000000000000004        1.1299629481663962     
  0.92333333333333334       0.91931082859488489     
  0.92666666666666675        1.2401981678323579     
  0.93000000000000005        1.2124688998568793     
  0.93333333333333335       0.89350064883035929     
  0.93666666666666676       0.73486543787118130     
  0.94000000000000006       0.78431804437324582     
  0.94333333333333336        1.1815055842381976     
  0.94666666666666677        1.0020859727871616     
  0.95000000000000007        1.0823012211265879     
  0.95333333333333337        1.2697851572080359     
  0.95666666666666678        1.0401300584321436     
  0.96000000000000008       0.83944243402603369     
  0.96333333333333337       0.62205178604993394     
  0.96666666666666667       0.99179344380044865     
  0.97000000000000008        1.1513728603134958     
  0.97333333333333338       0.97022267674108986     
  0.97666666666666668        1.2080581675120776     
  0.98000000000000009        1.2036897560756787     
  0.98333333333333339        1.0794651344221429     
  0.98666666666666669       0.75986955592136340     
  0.99000000000000010       0.61716849859747136     
  0.99333333333333340        1.0451008195516069     
  0.99666666666666670        1.0168211420555386     
