   0.0000000000000000        1.2705847017478147     
   3.3333333333333335E-003   1.3164518238342258     
   6.6666666666666671E-003  0.84476920224588192     
   1.0000000000000000E-002  0.75154001240121326     
   1.3333333333333334E-002  0.89855953751845430     
   1.6666666666666666E-002   1.0697115732589746     
   2.0000000000000000E-002   1.1928002871263217     
   2.3333333333333334E-002   1.0030939851281679     
   2.6666666666666668E-002  0.98043357884003945     
   3.0000000000000002E-002   1.1425598810140254     
   3.3333333333333333E-002  0.81762250160540151     
   3.6666666666666667E-002  0.65267209013930982     
   4.0000000000000001E-002   1.1482079423160472     
   4.3333333333333335E-002   1.3391961090561300     
   4.6666666666666669E-002   1.0711390550507083     
   5.0000000000000003E-002  0.90820445657167459     
   5.3333333333333337E-002  0.81275534733963284     
   5.6666666666666671E-002  0.90467824432040589     
   6.0000000000000005E-002   1.0962648361841041     
   6.3333333333333339E-002  0.95180334544879763     
   6.6666666666666666E-002   1.0022944577983384     
   7.0000000000000007E-002   1.3376646692617611     
   7.3333333333333334E-002   1.1014212173036368     
   7.6666666666666675E-002  0.60672994011228842     
   8.0000000000000002E-002  0.79247663639895716     
   8.3333333333333343E-002   1.0684813949927809     
   8.6666666666666670E-002   1.1620528279451694     
   9.0000000000000011E-002   1.1373160819447037     
   9.3333333333333338E-002   1.0561278328286403     
   9.6666666666666679E-002  0.88285555666414173     
  0.10000000000000001        1.1222990979866374     
  0.10333333333333335       0.82509103029448672     
  0.10666666666666667       0.70187338731840188     
  0.11000000000000000       0.95814962502116197     
  0.11333333333333334        1.5182428232424463     
  0.11666666666666667        1.0476921973052984     
  0.12000000000000001        1.0066127513765637     
  0.12333333333333334       0.79362611145601047     
  0.12666666666666668       0.96441091559003655     
  0.13000000000000000       0.84241387759421227     
  0.13333333333333333        1.0894802818503515     
  0.13666666666666669       0.83093799841597615     
  0.14000000000000001        1.1741292418642169     
  0.14333333333333334        1.4222545111178000     
  0.14666666666666667        1.0413979444620265     
  0.15000000000000002       0.65626198860691132     
  0.15333333333333335       0.74347748933473246     
  0.15666666666666668        1.1025870559260682     
  0.16000000000000000       0.88745973036451709     
  0.16333333333333333        1.1394625690537605     
  0.16666666666666669        1.0510374814260268     
  0.17000000000000001        1.1378893841293594     
  0.17333333333333334        1.2234869499324137     
  0.17666666666666667        1.0420045541541541     
  0.18000000000000002       0.63852136656897374     
  0.18333333333333335       0.56312143641034995     
  0.18666666666666668        1.2159013383125132     
  0.19000000000000000        1.0982342191305043     
  0.19333333333333336        1.0300444880067685     
  0.19666666666666668        1.1144341758209571     
  0.20000000000000001        1.1782280792415429     
  0.20333333333333334        1.1409599848577028     
  0.20666666666666669       0.92989849058734597     
  0.21000000000000002       0.85365054412587538     
  0.21333333333333335       0.49407537162575743     
  0.21666666666666667       0.90440289814650676     
  0.22000000000000000        1.3305204810875353     
  0.22333333333333336        1.0851325574446964     
  0.22666666666666668        1.0195726657412472     
  0.23000000000000001        1.1298015951697986     
  0.23333333333333334        1.3391886485746947     
  0.23666666666666669       0.99381219650171937     
  0.24000000000000002       0.79194493542628663     
  0.24333333333333335       0.77618560737989362     
  0.24666666666666667       0.55370953103974463     
  0.25000000000000000       0.98956428797001883     
  0.25333333333333335        1.2372162310023678     
  0.25666666666666671        1.0667720084741901     
  0.26000000000000001       0.98839301876416541     
  0.26333333333333336        1.2088037983451507     
  0.26666666666666666        1.5217046188518892     
  0.27000000000000002        1.0542501242954241     
  0.27333333333333337       0.77381497035875169     
  0.27666666666666667       0.81935959706912831     
  0.28000000000000003       0.60969820620270521     
  0.28333333333333333       0.81719070035391006     
  0.28666666666666668       0.97681570649240013     
  0.29000000000000004       0.90984392442504081     
  0.29333333333333333       0.85829393190537218     
  0.29666666666666669        1.0832106490651296     
  0.30000000000000004        1.6528116223283744     
  0.30333333333333334        1.4269221029397661     
  0.30666666666666670        1.0114097770627877     
  0.31000000000000000        1.1340147036705674     
  0.31333333333333335       0.99693742407070363     
  0.31666666666666671       0.89340983080690561     
  0.32000000000000001       0.83273815908699544     
  0.32333333333333336       0.65159574296151712     
  0.32666666666666666       0.50513795871976197     
  0.33000000000000002       0.39270596998947865     
  0.33333333333333337       0.90425451082445285     
  0.33666666666666667        1.2532159983223299     
  0.34000000000000002       0.89424468171093718     
  0.34333333333333338        1.0288110450414472     
  0.34666666666666668        1.4063644914776092     
  0.35000000000000003        1.5471167748117345     
  0.35333333333333333        1.6546273127035844     
  0.35666666666666669        1.5628321918000361     
  0.36000000000000004        1.5026472291171433     
  0.36333333333333334        1.2459454604045208     
  0.36666666666666670        1.0146961870495006     
  0.37000000000000005        1.3331877631271174     
  0.37333333333333335        1.1058747006611644     
  0.37666666666666671       0.38788730848705705     
  0.38000000000000000       0.23350626716401601     
  0.38333333333333336       0.21969010488285512     
  0.38666666666666671       0.12414912365871431     
  0.39000000000000001       -6.6765543483839132E-002
  0.39333333333333337      -0.35780303261434271     
  0.39666666666666667      -0.41512469962414955     
  0.40000000000000002      -0.69996147273969722     
  0.40333333333333338      -0.90700467165503396     
  0.40666666666666668      -0.47784715543986966     
  0.41000000000000003      -0.51067395984362873     
  0.41333333333333339       -1.0299358385586062     
  0.41666666666666669       -1.0988875719500266     
  0.42000000000000004      -0.97007352816019465     
  0.42333333333333334      -0.82501974939029998     
  0.42666666666666669      -0.82808225170784000     
  0.43000000000000005       -1.0153893884672582     
  0.43333333333333335      -0.91426842630178828     
  0.43666666666666670       -1.0182407514356320     
  0.44000000000000000       -1.3174487827054355     
  0.44333333333333336      -0.93099301612341134     
  0.44666666666666671      -0.61797149699339082     
  0.45000000000000001      -0.96788639531804133     
  0.45333333333333337       -1.1881236579674490     
  0.45666666666666672       -1.1648273617955127     
  0.46000000000000002       -1.0045523344903013     
  0.46333333333333337      -0.83554526198266099     
  0.46666666666666667      -0.99553638865972949     
  0.47000000000000003      -0.96891376788672245     
  0.47333333333333338      -0.83159829305446442     
  0.47666666666666668       -1.2257983054697836     
  0.48000000000000004       -1.3146888359875379     
  0.48333333333333334      -0.80600569610701533     
  0.48666666666666669      -0.71508689932813707     
  0.49000000000000005      -0.96328436936117434     
  0.49333333333333335       -1.1209286553018007     
  0.49666666666666670       -1.1919192371743117     
  0.50000000000000000      -0.99262170496438296     
  0.50333333333333341      -0.92253289495563162     
  0.50666666666666671       -1.0773227701517751     
  0.51000000000000001      -0.82638777783595985     
  0.51333333333333342      -0.74106765942413411     
  0.51666666666666672       -1.2545620838732094     
  0.52000000000000002       -1.3351896143927082     
  0.52333333333333332      -0.93396219203439756     
  0.52666666666666673      -0.80706918944730499     
  0.53000000000000003      -0.84368161319309298     
  0.53333333333333333      -0.99092285930170454     
  0.53666666666666674       -1.1474143215530752     
  0.54000000000000004       -1.0003001221989318     
  0.54333333333333333       -1.0411841331167409     
  0.54666666666666675       -1.2454670622245665     
  0.55000000000000004      -0.87710838335755226     
  0.55333333333333334      -0.57497314171870917     
  0.55666666666666675      -0.99122721548787196     
  0.56000000000000005       -1.2710726938105159     
  0.56333333333333335       -1.1468975000591990     
  0.56666666666666665       -1.0421873637056218     
  0.57000000000000006      -0.90764378808854329     
  0.57333333333333336      -0.88007498746608315     
  0.57666666666666666       -1.0210070673950158     
  0.58000000000000007      -0.84572553504256320     
  0.58333333333333337      -0.87838184358144300     
  0.58666666666666667       -1.3280538111305231     
  0.59000000000000008       -1.3523078675425182     
  0.59333333333333338      -0.77909365899496141     
  0.59666666666666668      -0.77111310784238674     
  0.60000000000000009      -0.89287008057941919     
  0.60333333333333339       -1.0258437957053907     
  0.60666666666666669       -1.0084782387181697     
  0.60999999999999999       -1.1601195162743989     
  0.61333333333333340      -0.95523406820402157     
  0.61666666666666670       -1.3032901967809951     
  0.62000000000000000      -0.99094159390159786     
  0.62333333333333341      -0.70370865805776728     
  0.62666666666666671      -0.57268282967103223     
  0.63000000000000000       -1.2998479179919795     
  0.63333333333333341       -1.1115463627214126     
  0.63666666666666671       -1.1190785141784858     
  0.64000000000000001       -1.0283378517520267     
  0.64333333333333342       -1.0919585140527976     
  0.64666666666666672      -0.93960542046465589     
  0.65000000000000002      -0.90905858961951291     
  0.65333333333333332      -0.76102394071546919     
  0.65666666666666673      -0.69397506829679501     
  0.66000000000000003       -1.3677936524608649     
  0.66333333333333333       -1.3232150079499116     
  0.66666666666666674       -1.0573824499230160     
  0.67000000000000004      -0.82527195089658889     
  0.67333333333333334       -1.1069598668974918     
  0.67666666666666675      -0.91366184230882852     
  0.68000000000000005      -0.74232762307946687     
  0.68333333333333335      -0.90578339166880562     
  0.68666666666666676      -0.84745267093845922     
  0.69000000000000006       -1.2528140162634602     
  0.69333333333333336       -1.3753928237181086     
  0.69666666666666666       -1.1989476868683424     
  0.70000000000000007      -0.72995183401340391     
  0.70333333333333337      -0.88172115686270025     
  0.70666666666666667       -1.1355386193315016     
  0.71000000000000008      -0.70427603633270774     
  0.71333333333333337      -0.76572832703327032     
  0.71666666666666667      -0.93623167036301125     
  0.72000000000000008       -1.2033446703044144     
  0.72333333333333338       -1.3026495822027937     
  0.72666666666666668       -1.2704569666307735     
  0.73000000000000009       -1.0858709868480805     
  0.73333333333333339      -0.67162923830415644     
  0.73666666666666669       -1.0193217715376146     
  0.74000000000000010       -1.0343937865863118     
  0.74333333333333340      -0.62679461682393844     
  0.74666666666666670      -0.67382686489469468     
  0.75000000000000000      -0.98956428797001628     
  0.75333333333333341       -1.3573335648573164     
  0.75666666666666671       -1.2161629990301437     
  0.76000000000000001       -1.2308418699241899     
  0.76333333333333342       -1.1832942233092552     
  0.76666666666666672      -0.85414520858135068     
  0.77000000000000002       -1.0981807326171462     
  0.77333333333333343       -1.0246992712482736     
  0.77666666666666673      -0.60184257231103377     
  0.78000000000000003      -0.48252239541958586     
  0.78333333333333344      -0.78536192813741301     
  0.78666666666666674       -1.2484686618999075     
  0.79000000000000004       -1.0592184322182117     
  0.79333333333333333       -1.0639340606495309     
  0.79666666666666675       -1.3424494770601345     
  0.80000000000000004       -1.2045353771002367     
  0.80333333333333334       -1.3424085918923860     
  0.80666666666666675       -1.3567581127741284     
  0.81000000000000005      -0.97943490653760701     
  0.81333333333333335      -0.62848875669664850     
  0.81666666666666676      -0.55074787554845361     
  0.82000000000000006      -0.93654441559748902     
  0.82333333333333336      -0.77993845480683566     
  0.82666666666666677      -0.38861087568483976     
  0.83000000000000007      -0.70532340322224851     
  0.83333333333333337      -0.91059947932143892     
  0.83666666666666667       -1.0694635594261843     
  0.84000000000000008       -1.3745786038072860     
  0.84333333333333338       -1.4374230326707180     
  0.84666666666666668       -1.4239109428583470     
  0.85000000000000009       -1.2943201737991348     
  0.85333333333333339       -1.5528347887062184     
  0.85666666666666669       -1.8931281888650435     
  0.86000000000000010       -1.3568558390049508     
  0.86333333333333340      -0.95780494464201549     
  0.86666666666666670       -1.0367622679205639     
  0.87000000000000011      -0.87575372272934882     
  0.87333333333333341      -0.71414661474216246     
  0.87666666666666671      -0.47780476188530274     
  0.88000000000000000      -0.21783510968904929     
  0.88333333333333341        3.5907894592841202E-002
  0.88666666666666671       0.43885963137971096     
  0.89000000000000001       0.26873543473708028     
  0.89333333333333342        5.1198181214576352E-002
  0.89666666666666672       0.61587746503505403     
  0.90000000000000002       0.92939049014691177     
  0.90333333333333343       0.79526222283328263     
  0.90666666666666673       0.75488132927354767     
  0.91000000000000003       0.72566574544144047     
  0.91333333333333344       0.86393485537325376     
  0.91666666666666674       0.90878802053868502     
  0.92000000000000004       0.91682462951659227     
  0.92333333333333334        1.2392968766730315     
  0.92666666666666675        1.0494284815453909     
  0.93000000000000005       0.58536850729404089     
  0.93333333333333335       0.87437552039450783     
  0.93666666666666676        1.2133349060460406     
  0.94000000000000006        1.1426409250790290     
  0.94333333333333336        1.0175419872908802     
  0.94666666666666677       0.85575370261431882     
  0.95000000000000007       0.93679032210392266     
  0.95333333333333337        1.0137956507935926     
  0.95666666666666678       0.86681538585612228     
  0.96000000000000008        1.1524601546074154     
  0.96333333333333337        1.3302874933964346     
  0.96666666666666667       0.82223603096342890     
  0.97000000000000008       0.67003550006579338     
  0.97333333333333338        1.0049626824471982     
  0.97666666666666668        1.1566665123760154     
  0.98000000000000009        1.1722995087211503     
  0.98333333333333339       0.99085620672125474     
  0.98666666666666669       0.87257877742245527     
  0.99000000000000010        1.0381321347959223     
  0.99333333333333340       0.88837508739590632     
  0.99666666666666670       0.79800030829571700     
