   0.0000000000000000        1.3828235321671716     
   3.3333333333333335E-003   1.1951014112128791     
   6.6666666666666671E-003   1.0498636287903931     
   1.0000000000000000E-002  0.52192085334185090     
   1.3333333333333334E-002  0.28898413801022554     
   1.6666666666666666E-002  0.34628318345314230     
   2.0000000000000000E-002  -6.6722794871536956E-002
   2.3333333333333334E-002 -0.27570822490181873     
   2.6666666666666668E-002 -0.63617025160583585     
   3.0000000000000002E-002 -0.39586513476690643     
   3.3333333333333333E-002 -0.59055230300628603     
   3.6666666666666667E-002 -0.88043099725433849     
   4.0000000000000001E-002 -0.90045717163367422     
   4.3333333333333335E-002 -0.90619668808140175     
   4.6666666666666669E-002 -0.67834794410402954     
   5.0000000000000003E-002  -1.0631589170446516     
   5.3333333333333337E-002  -1.0899784917633122     
   5.6666666666666671E-002 -0.93359635235980043     
   6.0000000000000005E-002 -0.90026569863938510     
   6.3333333333333339E-002 -0.87359215736633222     
   6.6666666666666666E-002  -1.2307735297611944     
   7.0000000000000007E-002  -1.0131590994420450     
   7.3333333333333334E-002 -0.84381333370298994     
   7.6666666666666675E-002 -0.96902173093253663     
   8.0000000000000002E-002  -1.0155704996901893     
   8.3333333333333343E-002  -1.2114718673355562     
   8.6666666666666670E-002 -0.89710236977530755     
   9.0000000000000011E-002 -0.81532947396181732     
   9.3333333333333338E-002  -1.0979610039762613     
   9.6666666666666679E-002  -1.0680690774960524     
  0.10000000000000001       -1.1014021611735823     
  0.10333333333333335      -0.85461474320922337     
  0.10666666666666667      -0.83923746536856703     
  0.11000000000000000       -1.2022736177088735     
  0.11333333333333334       -1.0677822156018473     
  0.11666666666666667      -0.96444683180259549     
  0.12000000000000001      -0.89220183473813797     
  0.12333333333333334      -0.88251926647690604     
  0.12666666666666668       -1.2294102620349059     
  0.13000000000000000       -1.0825580837178252     
  0.13333333333333333      -0.83507046573947630     
  0.13666666666666669      -0.94547560417191567     
  0.14000000000000001      -0.95967778236623669     
  0.14333333333333334       -1.1662035900762697     
  0.14666666666666667       -1.1290283153199838     
  0.15000000000000002      -0.76976497138551503     
  0.15333333333333335      -0.92094971672749293     
  0.15666666666666668       -1.0853836981522640     
  0.16000000000000000       -1.0790101299206654     
  0.16333333333333333       -1.1276714239726628     
  0.16666666666666669      -0.83606257031221765     
  0.17000000000000001      -0.80800325991188549     
  0.17333333333333334       -1.1600957684142905     
  0.17666666666666667       -1.1118736316277644     
  0.18000000000000002       -1.0203047717765852     
  0.18333333333333335      -0.95713998707344539     
  0.18666666666666668      -0.77481198996507961     
  0.19000000000000000       -1.0394351017873191     
  0.19333333333333336       -1.2513195553760346     
  0.19666666666666668      -0.98892090595215132     
  0.20000000000000001      -0.91786415211287287     
  0.20333333333333334      -0.90159733283660903     
  0.20666666666666669      -0.88227021479824530     
  0.21000000000000002       -1.1971166480576616     
  0.21333333333333335       -1.1909898707894166     
  0.21666666666666667      -0.85073754358980702     
  0.22000000000000000      -0.88156023068838185     
  0.22333333333333336      -0.95172472217143944     
  0.22666666666666668      -0.98869518735302531     
  0.23000000000000001       -1.2344013501932061     
  0.23333333333333334       -1.1025994597564632     
  0.23666666666666669      -0.76685781755843585     
  0.24000000000000002      -0.88991366121076310     
  0.24333333333333335       -1.0280411610542175     
  0.24666666666666667       -1.0394510674168866     
  0.25000000000000000       -1.2095595315219483     
  0.25333333333333335       -1.0620761617787189     
  0.25666666666666671      -0.73204504077078880     
  0.26000000000000001      -0.88377886674541939     
  0.26333333333333336       -1.0894974222275227     
  0.26666666666666666       -1.0592172964557793     
  0.27000000000000002       -1.1653909409458276     
  0.27333333333333337       -1.0829283257415467     
  0.27666666666666667      -0.74066791642213226     
  0.28000000000000003      -0.82451679772011266     
  0.28333333333333333       -1.1102917153144061     
  0.28666666666666668       -1.0874284410631723     
  0.29000000000000004       -1.1156690670261169     
  0.29333333333333333       -1.1397585617437440     
  0.29666666666666669      -0.82226162727328123     
  0.30000000000000004      -0.72497065381312109     
  0.30333333333333334       -1.0398949011485108     
  0.30666666666666670       -1.1311316660465796     
  0.31000000000000000       -1.0785599028436346     
  0.31333333333333335       -1.1754838787553783     
  0.31666666666666671       -1.0056301630938773     
  0.32000000000000001      -0.69594667384397679     
  0.32333333333333336      -0.84442653757720043     
  0.32666666666666666       -1.1085521000628737     
  0.33000000000000002       -1.0779813345837503     
  0.33333333333333337       -1.1335811486663132     
  0.33666666666666667       -1.2100001735408079     
  0.34000000000000002      -0.90717278480058072     
  0.34333333333333338      -0.68352400002431302     
  0.34666666666666668      -0.90321642963358728     
  0.35000000000000003       -1.0510594332546805     
  0.35333333333333333       -1.0256403611883056     
  0.35666666666666669       -1.2046285614417147     
  0.36000000000000004       -1.2682456256855301     
  0.36333333333333334      -0.92224264235091136     
  0.36666666666666670      -0.72597221766273523     
  0.37000000000000005      -0.88401155690349653     
  0.37333333333333335      -0.91799713131965099     
  0.37666666666666671      -0.91117332879218182     
  0.38000000000000000       -1.1993466139280775     
  0.38333333333333336       -1.3561980284151991     
  0.38666666666666671       -1.0783950562323958     
  0.39000000000000001      -0.87734619425999738     
  0.39333333333333337      -0.92506881740817737     
  0.39666666666666667      -0.81029451950982134     
  0.40000000000000002      -0.68343911927010936     
  0.40333333333333338      -0.95864709074380028     
  0.40666666666666668       -1.2748392571501377     
  0.41000000000000003       -1.2128013533851028     
  0.41333333333333339       -1.1253942461285968     
  0.41666666666666669       -1.2130256855359907     
  0.42000000000000004       -1.0588787150738110     
  0.42333333333333334      -0.68917078417506661     
  0.42666666666666669      -0.64443352057072023     
  0.43000000000000005      -0.87007869200510635     
  0.43333333333333335      -0.90054838750071131     
  0.43666666666666670      -0.90964029864295082     
  0.44000000000000000       -1.2092392268326502     
  0.44333333333333336       -1.4614957786415836     
  0.44666666666666671       -1.2813105786816297     
  0.45000000000000001       -1.0918468235925667     
  0.45333333333333337       -1.0867434938852436     
  0.45666666666666672       -1.0059727428389651     
  0.46000000000000002      -0.59454848461475385     
  0.46333333333333337      -0.53172413790318906     
  0.46666666666666667      -0.66041217597082691     
  0.47000000000000003      -0.88177804488139411     
  0.47333333333333338      -0.69963240813524352     
  0.47666666666666668       -1.0798673424696212     
  0.48000000000000004       -1.2919013015178327     
  0.48333333333333334       -1.6490865687509653     
  0.48666666666666669       -1.2890841934032471     
  0.49000000000000005       -1.6033849367137776     
  0.49333333333333335       -1.4890146676507028     
  0.49666666666666670       -1.5376903559971515     
  0.50000000000000000      -0.93863234652331951     
  0.50333333333333341      -0.89247673156863994     
  0.50666666666666671      -0.77698815357260009     
  0.51000000000000001      -0.45508837721350531     
  0.51333333333333342       -9.6950459068371436E-002
  0.51666666666666672       0.24746314972108313     
  0.52000000000000002        3.7288174816799469E-002
  0.52333333333333332       0.43554701088176823     
  0.52666666666666673       0.61697696537462898     
  0.53000000000000003       0.81511703013442227     
  0.53333333333333333       0.68448698143208564     
  0.53666666666666674       0.64974854493038192     
  0.54000000000000004        1.0676137984241938     
  0.54333333333333333       0.95472931145782003     
  0.54666666666666675       0.94684409189355023     
  0.55000000000000004       0.79198300524280241     
  0.55333333333333334       0.99373835713767222     
  0.55666666666666675        1.2113429710857946     
  0.56000000000000005       0.87992306667268805     
  0.56333333333333335       0.92026610567656053     
  0.56666666666666665       0.93268673622750620     
  0.57000000000000006        1.1348811697014847     
  0.57333333333333336        1.1262816327066585     
  0.57666666666666666       0.76720658304939593     
  0.58000000000000007       0.98246631891576430     
  0.58333333333333337        1.0772256396675388     
  0.58666666666666667        1.1009199439806365     
  0.59000000000000008        1.0102162886215253     
  0.59333333333333338       0.75258424064325058     
  0.59666666666666668        1.0791894851085990     
  0.60000000000000009        1.1623735962093387     
  0.60333333333333339       0.97636036444175478     
  0.60666666666666669       0.94719571993578267     
  0.60999999999999999       0.82912409792491770     
  0.61333333333333340        1.1217372798609413     
  0.61666666666666670        1.1973192185049544     
  0.62000000000000000       0.85782211381536255     
  0.62333333333333341       0.91330750455483867     
  0.62666666666666671       0.96213398662555161     
  0.63000000000000000        1.0942672462994920     
  0.63333333333333341        1.1911717259093417     
  0.63666666666666671       0.82250784472963723     
  0.64000000000000001       0.85102957333487805     
  0.64333333333333342        1.1020386168479082     
  0.64666666666666672        1.0701879168907855     
  0.65000000000000002        1.1116200538674736     
  0.65333333333333332       0.89164962177480067     
  0.65666666666666673       0.77830931613131071     
  0.66000000000000003        1.1461168630444423     
  0.66333333333333333        1.1471595569238049     
  0.66666666666666674       0.97824694733823991     
  0.67000000000000004       0.95499387958241233     
  0.67333333333333334       0.81259028178742765     
  0.67666666666666675        1.0323774207192127     
  0.68000000000000005        1.2635884858421664     
  0.68333333333333335       0.96747326766503416     
  0.68666666666666676       0.86489869864376023     
  0.69000000000000006       0.93831790311321195     
  0.69333333333333336       0.94227373981922746     
  0.69666666666666666        1.1964355949631138     
  0.70000000000000007        1.1513667297921559     
  0.70333333333333337       0.78996420295040948     
  0.70666666666666667       0.87856377585309076     
  0.71000000000000008        1.0387056084164901     
  0.71333333333333337        1.0494790459308241     
  0.71666666666666667        1.1905941466616623     
  0.72000000000000008        1.0021941510287793     
  0.72333333333333338       0.72207306371200741     
  0.72666666666666668       0.96316413912475662     
  0.73000000000000009        1.1399654534019075     
  0.73333333333333339        1.0688564690067170     
  0.73666666666666669        1.1142559011105362     
  0.74000000000000010       0.92444185406006130     
  0.74333333333333340       0.72379989082254592     
  0.74666666666666670        1.0275264706557301     
  0.75000000000000000        1.2095595315219474     
  0.75333333333333341        1.0501515650175641     
  0.75666666666666671        1.0362863110024598     
  0.76000000000000001       0.91830705959471948     
  0.76333333333333342       0.74209933867542299     
  0.76666666666666672        1.0254743057060312     
  0.77000000000000002        1.2598268377371244     
  0.77333333333333343        1.0573972775132781     
  0.77666666666666673       0.97031957488156317     
  0.78000000000000003       0.94515071806051010     
  0.78333333333333344       0.77043511224255079     
  0.78666666666666674       0.94591761620457970     
  0.79000000000000004        1.2740801066672911     
  0.79333333333333333        1.1360521227985900     
  0.79666666666666675       0.93389475715947967     
  0.80000000000000004       0.95847323149240327     
  0.80333333333333334       0.83238021213754920     
  0.80666666666666675       0.82208585048977179     
  0.81000000000000005        1.1796771015177405     
  0.81333333333333335        1.2655705874340573     
  0.81666666666666676       0.99529688250228876     
  0.82000000000000006       0.93923038790955682     
  0.82333333333333336       0.92392274848575251     
  0.82666666666666677       0.76104661343601088     
  0.83000000000000007       0.93099071491322294     
  0.83333333333333337        1.2757655256923326     
  0.83666666666666667        1.1905120405896650     
  0.84000000000000008       0.97427951792435485     
  0.84333333333333338       0.99059838204526718     
  0.84666666666666668       0.87391633468089425     
  0.85000000000000009       0.70920435077272170     
  0.85333333333333339       0.96679996275910762     
  0.85666666666666669        1.2687935346700718     
  0.86000000000000010        1.1595974166541652     
  0.86333333333333340        1.0452104017931891     
  0.86666666666666670        1.0820734778326013     
  0.87000000000000011       0.87230239432182854     
  0.87333333333333341       0.65072085591029838     
  0.87666666666666671       0.88038509071424875     
  0.88000000000000000        1.1649668930053019     
  0.88333333333333341        1.1233256417128394     
  0.88666666666666671        1.1323501204914876     
  0.89000000000000001        1.2504957140439525     
  0.89333333333333342        1.0330270719753916     
  0.89666666666666672       0.68854889827729326     
  0.90000000000000002       0.74441055430586844     
  0.90333333333333343       0.94752668313125599     
  0.90666666666666673       0.92946249381712420     
  0.91000000000000003        1.0179145387253981     
  0.91333333333333344        1.3292118203339227     
  0.91666666666666674        1.3472719132040047     
  0.92000000000000004        1.0257745342993805     
  0.92333333333333334       0.89098593205821153     
  0.92666666666666675       0.92690181957438567     
  0.93000000000000005       0.74835662174566597     
  0.93333333333333335       0.60246159396702115     
  0.93666666666666676       0.86296635033272018     
  0.94000000000000006        1.1888965948659498     
  0.94333333333333336        1.1837491599155896     
  0.94666666666666677        1.1850704440559887     
  0.95000000000000007        1.3630227353944169     
  0.95333333333333337        1.3552396416747636     
  0.95666666666666678       0.95744011946254870     
  0.96000000000000008       0.76170511140527297     
  0.96333333333333337       0.76240659022714619     
  0.96666666666666667       0.75434685439662763     
  0.97000000000000008       0.46252614951388149     
  0.97333333333333338       0.68043912190403466     
  0.97666666666666668       0.92002855648967086     
  0.98000000000000009        1.2624666814630958     
  0.98333333333333339        1.0553402355767427     
  0.98666666666666669        1.4811178723451013     
  0.99000000000000010        1.5365524605854315     
  0.99333333333333340        1.7618901428684917     
  0.99666666666666670        1.2350656763529115     
