   0.0000000000000000      -0.86502425944286820     
   3.3333333333333335E-003 -0.93199772264737502     
   6.6666666666666671E-003  -1.1341873970876115     
   1.0000000000000000E-002  -1.0734930313870010     
   1.3333333333333334E-002 -0.86835571282745716     
   1.6666666666666666E-002 -0.91770818166178381     
   2.0000000000000000E-002  -1.1250665726268232     
   2.3333333333333334E-002  -1.0960974728740858     
   2.6666666666666668E-002 -0.88263586119806692     
   3.0000000000000002E-002 -0.89197464002225846     
   3.3333333333333333E-002  -1.0976190289366978     
   3.6666666666666667E-002  -1.1321069586325465     
   4.0000000000000001E-002 -0.91150313901170965     
   4.3333333333333335E-002 -0.86977582942339637     
   4.6666666666666669E-002  -1.0352891442502257     
   5.0000000000000003E-002  -1.1784566337422480     
   5.3333333333333337E-002 -0.94914882985040172     
   5.6666666666666671E-002 -0.88523981487133230     
   6.0000000000000005E-002 -0.91835813505243713     
   6.3333333333333339E-002  -1.2276524738762820     
   6.6666666666666666E-002 -0.97700265072706649     
   7.0000000000000007E-002 -0.97361585744714629     
   7.3333333333333334E-002 -0.76636765814198060     
   7.6666666666666675E-002  -1.2323757566963587     
   8.0000000000000002E-002  -1.0063206562183544     
   8.3333333333333343E-002  -1.0879600700269145     
   8.6666666666666670E-002 -0.71858745804731328     
   9.0000000000000011E-002  -1.0730515565816532     
   9.3333333333333338E-002  -1.1049683959113301     
   9.6666666666666679E-002  -1.0896565105085088     
  0.10000000000000001      -0.91927318250967049     
  0.10333333333333335      -0.78071700913578901     
  0.10666666666666667       -1.1643533910680717     
  0.11000000000000000       -1.0550210351913332     
  0.11333333333333334       -1.1166325635841359     
  0.11666666666666667      -0.79404455564170173     
  0.12000000000000001      -0.89155156199033581     
  0.12333333333333334       -1.1549474317487101     
  0.12666666666666668       -1.0658250223410082     
  0.13000000000000000       -1.0976055628987154     
  0.13333333333333333      -0.75171942780722401     
  0.13666666666666669      -0.94106557474688468     
  0.14000000000000001       -1.1395149574517818     
  0.14333333333333334       -1.0799514241858947     
  0.14666666666666667       -1.0956397146756651     
  0.15000000000000002      -0.74953561631058108     
  0.15333333333333335      -0.92578271060761841     
  0.15666666666666668       -1.1316374831377649     
  0.16000000000000000       -1.0837041588874039     
  0.16333333333333333       -1.1279419569682085     
  0.16666666666666669      -0.78343583497214042     
  0.17000000000000001      -0.85482723589179288     
  0.17333333333333334       -1.1149143585292345     
  0.17666666666666667       -1.0761093971735165     
  0.18000000000000002       -1.1733896046403851     
  0.18333333333333335      -0.88790276349525321     
  0.18666666666666668      -0.75835717907969891     
  0.19000000000000000       -1.0523852927087038     
  0.19333333333333336       -1.0597073738499945     
  0.19666666666666668       -1.1763866671689418     
  0.20000000000000001       -1.0791824210280183     
  0.20333333333333334      -0.73714394997843768     
  0.20666666666666669      -0.91079337699031571     
  0.21000000000000002       -1.0296301462405928     
  0.21333333333333335       -1.0864528028682012     
  0.21666666666666667       -1.2479982615061116     
  0.22000000000000000      -0.93253494337547416     
  0.22333333333333336      -0.77172453834170829     
  0.22666666666666668      -0.95198753075682685     
  0.23000000000000001      -0.94932339128239462     
  0.23333333333333334       -1.1677598471991717     
  0.23666666666666669       -1.2515418067090083     
  0.24000000000000002      -0.89544353702293789     
  0.24333333333333335      -0.85196636115169389     
  0.24666666666666667      -0.89241253179711144     
  0.25000000000000000      -0.86685630282654369     
  0.25333333333333335       -1.1963167267804911     
  0.25666666666666671       -1.2544315668182386     
  0.26000000000000001      -0.97165781986389599     
  0.26333333333333336      -0.95340909387530814     
  0.26666666666666666      -0.83573385774996312     
  0.27000000000000002      -0.74912575053989439     
  0.27333333333333337       -1.1045573039873389     
  0.27666666666666667       -1.2296379898777219     
  0.28000000000000003       -1.0904141702903154     
  0.28333333333333333       -1.1302314632713935     
  0.28666666666666668      -0.92206981262215115     
  0.29000000000000004      -0.66555820574456614     
  0.29333333333333333      -0.89232783503741664     
  0.29666666666666669       -1.0580054191425912     
  0.30000000000000004       -1.0587575542019827     
  0.30333333333333334       -1.2792642774965086     
  0.30666666666666670       -1.2233561915761211     
  0.31000000000000000      -0.85694606517728422     
  0.31333333333333335      -0.82376396399098539     
  0.31666666666666671      -0.85020187779715650     
  0.32000000000000001      -0.74294029695604136     
  0.32333333333333336       -1.0036789043133447     
  0.32666666666666666       -1.3074089860819502     
  0.33000000000000002       -1.1943703401359336     
  0.33333333333333337       -1.1437813417494087     
  0.33666666666666667       -1.1595900652703843     
  0.34000000000000002      -0.82728220899031024     
  0.34333333333333338      -0.62551053004306023     
  0.34666666666666668      -0.81930925305573465     
  0.35000000000000003      -0.87226727119833214     
  0.35333333333333333      -0.89980329019552430     
  0.35666666666666669       -1.2519194706295989     
  0.36000000000000004       -1.4131732774829262     
  0.36333333333333334       -1.2081611453393397     
  0.36666666666666670       -1.1671408367324649     
  0.37000000000000005       -1.1374482168147257     
  0.37333333333333335      -0.76934564336522937     
  0.37666666666666671      -0.55592701645078502     
  0.38000000000000000      -0.70076547405528622     
  0.38333333333333336      -0.70012602873973928     
  0.38666666666666671      -0.66424378591251798     
  0.39000000000000001       -1.0098867694056199     
  0.39333333333333337       -1.3371193273352708     
  0.39666666666666667       -1.3289930156797909     
  0.40000000000000002       -1.4335191073160494     
  0.40333333333333338       -1.6725150463816845     
  0.40666666666666668       -1.5408284816954014     
  0.41000000000000003       -1.2242340251261490     
  0.41333333333333339       -1.1613859311473100     
  0.41666666666666669       -1.0260331467473733     
  0.42000000000000004      -0.56177984707151984     
  0.42333333333333334      -0.24168888486256479     
  0.42666666666666669      -0.19313358667648117     
  0.43000000000000005        6.1172947669358088E-002
  0.43333333333333335       0.46157559713166935     
  0.43666666666666670       0.54010224991744782     
  0.44000000000000000       0.49489956323981360     
  0.44333333333333336       0.73364414382075815     
  0.44666666666666671       0.95330490723664840     
  0.45000000000000001       0.83898764366636713     
  0.45333333333333337       0.77870416842471268     
  0.45666666666666672        1.0026233063976493     
  0.46000000000000002        1.0846346962770759     
  0.46333333333333337       0.89125455458432878     
  0.46666666666666667       0.87480927580252654     
  0.47000000000000003        1.0921894266233834     
  0.47333333333333338        1.0903494503804498     
  0.47666666666666668       0.88159450354495328     
  0.48000000000000004       0.91347366895931015     
  0.48333333333333334        1.1225929520761948     
  0.48666666666666669        1.0743072299604661     
  0.49000000000000005       0.86977292071327605     
  0.49333333333333335       0.93086401606612290     
  0.49666666666666670        1.1331954565171871     
  0.50000000000000000        1.0664550359207317     
  0.50333333333333341       0.86506989774148191     
  0.50666666666666671       0.93212520446808167     
  0.51000000000000001        1.1340842572575549     
  0.51333333333333342        1.0737249000901246     
  0.51666666666666672       0.86800864011083478     
  0.52000000000000002       0.91828276841667045     
  0.52333333333333332        1.1241682730373734     
  0.52666666666666673        1.0974935417444542     
  0.53000000000000003       0.88051738153548853     
  0.53333333333333333       0.89512808452607118     
  0.53666666666666674        1.0930285154296766     
  0.54000000000000004        1.1386371598140581     
  0.54333333333333333       0.90244226758421209     
  0.54666666666666675       0.88201492497552414     
  0.55000000000000004        1.0192358812146269     
  0.55333333333333334        1.1988372377998755     
  0.55666666666666675       0.92421157386889341     
  0.56000000000000005       0.91447251074452085     
  0.56333333333333335       0.88581572315804658     
  0.56666666666666665        1.2615721639999788     
  0.57000000000000006       0.94473321199276272     
  0.57333333333333336        1.0001201889918763     
  0.57666666666666666       0.75057632516873196     
  0.58000000000000007        1.2322490820950855     
  0.58333333333333337        1.0269043147707946     
  0.58666666666666667        1.0442534680937350     
  0.59000000000000008       0.78490474568411506     
  0.59333333333333338       0.98890008760359516     
  0.59666666666666668        1.1974620410864574     
  0.60000000000000009        1.0024216835368387     
  0.60333333333333339       0.98548708514300287     
  0.60666666666666669       0.75018958737099561     
  0.60999999999999999        1.1496981901078285     
  0.61333333333333340        1.1152954085766784     
  0.61666666666666670        1.0217134615430723     
  0.62000000000000000       0.90175704223518105     
  0.62333333333333341       0.79955974990620082     
  0.62666666666666671        1.2036184705912381     
  0.63000000000000000        1.0779772018399933     
  0.63333333333333341        1.0249994131673679     
  0.63666666666666671       0.86362128086114742     
  0.64000000000000001       0.82737552996793173     
  0.64333333333333342        1.2130085228540957     
  0.64666666666666672        1.0770336009666801     
  0.65000000000000002        1.0234222122143459     
  0.65333333333333332       0.87016619728913391     
  0.65666666666666673       0.80695823376755060     
  0.66000000000000003        1.1950578087193964     
  0.66333333333333333        1.1076282868302960     
  0.66666666666666674        1.0245834573837509     
  0.67000000000000004       0.91795027297094323     
  0.67333333333333334       0.75708395267534068     
  0.67666666666666675        1.1226562443791603     
  0.68000000000000005        1.1660061744335934     
  0.68333333333333335        1.0327231391836846     
  0.68666666666666676       0.99995403559821416     
  0.69000000000000006       0.74241826385857723     
  0.69333333333333336       0.95913495969959883     
  0.69666666666666666        1.2076523020464631     
  0.70000000000000007        1.0666426026912563     
  0.70333333333333337        1.0774506235320576     
  0.70666666666666667       0.85284102551567931     
  0.71000000000000008       0.75698247184404144     
  0.71333333333333337        1.1146392257591804     
  0.71666666666666667        1.1334833449369985     
  0.72000000000000008        1.0993819562081526     
  0.72333333333333338        1.0744134898050430     
  0.72666666666666668       0.74534853103352028     
  0.73000000000000009       0.83885385864924200     
  0.73333333333333339        1.1159661634533398     
  0.73666666666666669        1.0813149471794345     
  0.74000000000000010        1.1840165944132264     
  0.74333333333333340        1.0643723279060693     
  0.74666666666666670       0.72373854003101701     
  0.75000000000000000       0.86685630282654169     
  0.75333333333333341        1.0276427350143962     
  0.75666666666666671        1.0420256000638635     
  0.76000000000000001        1.2602308772541850     
  0.76333333333333342        1.1236359534048797     
  0.76666666666666672       0.78394017400412885     
  0.77000000000000002       0.85959528317304634     
  0.77333333333333343       0.89791830426403285     
  0.77666666666666673       0.92694903841438381     
  0.78000000000000003        1.2572611831229907     
  0.78333333333333344        1.2447463798405047     
  0.78666666666666674       0.95025623551312988     
  0.79000000000000004       0.93820588014111805     
  0.79333333333333333       0.83437548356277869     
  0.79666666666666675       0.71769874558897184     
  0.80000000000000004        1.0462177358652205     
  0.80333333333333334        1.2479986426189871     
  0.80666666666666675        1.1227837774257248     
  0.81000000000000005        1.1669130940274091     
  0.81333333333333335        1.0653608205095026     
  0.81666666666666676       0.70538150210872708     
  0.82000000000000006       0.73555686674924947     
  0.82333333333333336       0.95713205710770177     
  0.82666666666666677       0.94957858022805608     
  0.83000000000000007        1.1312473030567787     
  0.83333333333333337        1.3849289641610156     
  0.83666666666666667        1.1799037354082942     
  0.84000000000000008       0.93863585882230072     
  0.84333333333333338       0.95018977941327243     
  0.84666666666666668       0.76369273973724894     
  0.85000000000000009       0.59838067529456906     
  0.85333333333333339       0.88119717648653972     
  0.85666666666666669        1.1188623719613964     
  0.86000000000000010        1.1010338499990764     
  0.86333333333333340        1.2856054392250782     
  0.86666666666666670        1.4404208220926091     
  0.87000000000000011        1.1570765778734469     
  0.87333333333333341       0.90713909161546047     
  0.87666666666666671       0.91131469829329637     
  0.88000000000000000       0.71097095430013224     
  0.88333333333333341       0.47245712283836744     
  0.88666666666666671       0.66290663090506030     
  0.89000000000000001       0.91520961448912441     
  0.89333333333333342       0.92295552363819344     
  0.89666666666666672        1.1242229396725794     
  0.90000000000000002        1.5166676083432158     
  0.90333333333333343        1.5647095158037323     
  0.90666666666666673        1.4247601733876671     
  0.91000000000000003        1.5123808360236872     
  0.91333333333333344        1.4870519411937293     
  0.91666666666666674        1.0870889020034937     
  0.92000000000000004       0.78770827294825263     
  0.92333333333333334       0.72348831639019262     
  0.92666666666666675       0.42688611752637518     
  0.93000000000000005       -3.2290302214972047E-002
  0.93333333333333335      -0.17700608385875324     
  0.93666666666666676      -0.19826549919921038     
  0.94000000000000006      -0.49878518754773116     
  0.94333333333333336      -0.77261590281831993     
  0.94666666666666677      -0.70361649928717318     
  0.95000000000000007      -0.67976689113874622     
  0.95333333333333337      -0.93197838769941077     
  0.95666666666666678       -1.0352897445584635     
  0.96000000000000008      -0.85750067547472797     
  0.96333333333333337      -0.85217611138145888     
  0.96666666666666667       -1.0773002202131505     
  0.97000000000000008       -1.0807321681366127     
  0.97333333333333338      -0.87549176983406229     
  0.97666666666666668      -0.90966530370823917     
  0.98000000000000009       -1.1202574731694612     
  0.98333333333333339       -1.0728934105252430     
  0.98666666666666669      -0.86893804269779906     
  0.99000000000000010      -0.93036414658382693     
  0.99333333333333340       -1.1329262086856515     
  0.99666666666666670       -1.0662676316112891     
