   0.0000000000000000       0.93631158650170754     
   3.3333333333333335E-003  0.77520230166818926     
   6.6666666666666671E-003  0.99259931564369197     
   1.0000000000000000E-002  0.82796539573345818     
   1.3333333333333334E-002  0.72039133186099247     
   1.6666666666666666E-002   1.1686042165145143     
   2.0000000000000000E-002   1.3073660735790618     
   2.3333333333333334E-002   1.2427228883769568     
   2.6666666666666668E-002   1.0405896287271679     
   3.0000000000000002E-002  0.84540245860435992     
   3.3333333333333333E-002   1.0295252314678425     
   3.6666666666666667E-002  0.82642636211187970     
   4.0000000000000001E-002  0.57274070350480266     
   4.3333333333333335E-002  0.93051545633502208     
   4.6666666666666669E-002   1.1755439388414872     
   5.0000000000000003E-002   1.2670404676300002     
   5.3333333333333337E-002   1.2248385948435088     
   5.6666666666666671E-002   1.0274959522769189     
   6.0000000000000005E-002   1.2027861972298710     
   6.3333333333333339E-002   1.1099508207550319     
   6.6666666666666666E-002  0.60925931289692614     
   7.0000000000000007E-002  0.62268775172550972     
   7.3333333333333334E-002  0.81540510173384062     
   7.6666666666666675E-002  0.92471201133916092     
   8.0000000000000002E-002   1.0771648122633168     
   8.3333333333333343E-002  0.99926045746617764     
   8.6666666666666670E-002   1.2035308614562317     
   9.0000000000000011E-002   1.5760797749104614     
   9.3333333333333338E-002   1.2943136392950105     
   9.6666666666666679E-002  0.97309028571794853     
  0.10000000000000001       0.97259568636456351     
  0.10333333333333335       0.85246570655787546     
  0.10666666666666667       0.79950518424582151     
  0.11000000000000000       0.62674428163998852     
  0.11333333333333334       0.37778588923176315     
  0.11666666666666667       0.73068956595365875     
  0.12000000000000001        1.0947814090940606     
  0.12333333333333334       0.98733619689142205     
  0.12666666666666668        1.1017525003900088     
  0.13000000000000000        1.3588132932604384     
  0.13333333333333333        1.5188066857759770     
  0.13666666666666669        1.7310439100974579     
  0.14000000000000001        1.5390725670143413     
  0.14333333333333334        1.1900518936715514     
  0.14666666666666667        1.3432089352413958     
  0.15000000000000002        1.3359627076547340     
  0.15333333333333335       0.87938319872027571     
  0.15666666666666668       0.58781712022091470     
  0.16000000000000000       0.34966539732416102     
  0.16333333333333333       0.15870832058996523     
  0.16666666666666669       0.19598609674518197     
  0.17000000000000001      -0.12218286835474423     
  0.17333333333333334      -0.62579982478542262     
  0.17666666666666667      -0.56616059330967183     
  0.18000000000000002      -0.44345562430876317     
  0.18333333333333335      -0.66449203912857657     
  0.18666666666666668      -0.79106897907026086     
  0.19000000000000000      -0.92786698033766069     
  0.19333333333333336       -1.0503706319619799     
  0.19666666666666668      -0.78636709493045154     
  0.20000000000000001      -0.70938218249379859     
  0.20333333333333334       -1.0984435338721756     
  0.20666666666666669       -1.1628853661385203     
  0.21000000000000002      -0.92579526406443369     
  0.21333333333333335      -0.91916733335410572     
  0.21666666666666667      -0.90777779680815840     
  0.22000000000000000      -0.93620083568351453     
  0.22333333333333336       -1.2046269142393549     
  0.22666666666666668       -1.1352460728714560     
  0.23000000000000001      -0.76263302966140900     
  0.23333333333333334      -0.85502121571068668     
  0.23666666666666669       -1.1398609676052178     
  0.24000000000000002       -1.0867509401207507     
  0.24333333333333335       -1.0355267877960872     
  0.24666666666666667       -1.0053370758202036     
  0.25000000000000000      -0.80085261477252023     
  0.25333333333333335      -0.90566421769427397     
  0.25666666666666671       -1.2591928247306743     
  0.26000000000000001       -1.1381265089580990     
  0.26333333333333336      -0.81924310042668180     
  0.26666666666666666      -0.89183295081071656     
  0.27000000000000002       -1.0082976891988575     
  0.27333333333333337       -1.0046579562279421     
  0.27666666666666667       -1.1602623562216268     
  0.28000000000000003       -1.1239753632011336     
  0.28333333333333333      -0.77653909067013605     
  0.28666666666666668      -0.79217251174510039     
  0.29000000000000004       -1.1613886610262651     
  0.29333333333333333       -1.1634774151089238     
  0.29666666666666669      -0.99149955830794756     
  0.30000000000000004      -0.97957792305620750     
  0.30333333333333334      -0.92001874533131067     
  0.30666666666666670      -0.79438868558524856     
  0.31000000000000000       -1.1196852623988385     
  0.31333333333333335       -1.2622871745566679     
  0.31666666666666671       -1.0322057152870050     
  0.32000000000000001      -0.72138397693976808     
  0.32333333333333336       -1.0048083539963846     
  0.32666666666666666      -0.94473337877832975     
  0.33000000000000002       -1.1005855674405396     
  0.33333333333333337       -1.0759651220778936     
  0.33666666666666667       -1.2451151208490345     
  0.34000000000000002      -0.66017477776171718     
  0.34333333333333338      -0.87552055612043456     
  0.34666666666666668      -0.99053754612994382     
  0.35000000000000003       -1.2872121499286322     
  0.35333333333333333      -0.94163925467058618     
  0.35666666666666669       -1.0948249877447422     
  0.36000000000000004      -0.95690617312565673     
  0.36333333333333334      -0.75423810612812769     
  0.36666666666666670      -0.91284194591248791     
  0.37000000000000005       -1.1703520839187846     
  0.37333333333333335       -1.3216578242243773     
  0.37666666666666671      -0.82729796085775509     
  0.38000000000000000      -0.96404143201743142     
  0.38333333333333336      -0.89517254610628705     
  0.38666666666666671      -0.90133789785782115     
  0.39000000000000001      -0.96981882297769673     
  0.39333333333333337       -1.2037649814515703     
  0.39666666666666667       -1.3097061585615897     
  0.40000000000000002      -0.76517726648939488     
  0.40333333333333338      -0.83812537268454379     
  0.40666666666666668      -0.92202118934915389     
  0.41000000000000003       -1.0189348434756118     
  0.41333333333333339       -1.0344551728752480     
  0.41666666666666669       -1.1076220613843666     
  0.42000000000000004       -1.3189849140471150     
  0.42333333333333334      -0.81928069314419683     
  0.42666666666666669      -0.71803075153089413     
  0.43000000000000005      -0.91969805736250154     
  0.43333333333333335       -1.0614541518346736     
  0.43666666666666670       -1.1410889470153796     
  0.44000000000000000      -0.99994446069337939     
  0.44333333333333336       -1.2553996688302340     
  0.44666666666666671       -1.0325316331045822     
  0.45000000000000001      -0.64726850364741406     
  0.45333333333333337      -0.82954724979664285     
  0.45666666666666672      -0.99975319911496974     
  0.46000000000000002       -1.2111808359860357     
  0.46333333333333337       -1.0671332581014743     
  0.46666666666666667       -1.0560774970203914     
  0.47000000000000003       -1.2500691062218903     
  0.47333333333333338      -0.82658056582304207     
  0.47666666666666668      -0.66977865758582433     
  0.48000000000000004      -0.86101139670504212     
  0.48333333333333334       -1.0644151439372398     
  0.48666666666666669       -1.2370131521671683     
  0.49000000000000005       -1.0153481365298016     
  0.49333333333333335       -1.1390034207909143     
  0.49666666666666670       -1.2427239110869046     
  0.50000000000000000      -0.78714077827271511     
  0.50333333333333341      -0.68480363951761214     
  0.50666666666666671      -0.81155124568338610     
  0.51000000000000001       -1.0291554737015807     
  0.51333333333333342       -1.1954163180576352     
  0.51666666666666672      -0.99847583321889599     
  0.52000000000000002       -1.1995780483892531     
  0.52333333333333332       -1.3479951748313330     
  0.52666666666666673      -0.91071935740984067     
  0.53000000000000003      -0.72631735529732955     
  0.53333333333333333      -0.73339072521682525     
  0.53666666666666674      -0.86762887588806159     
  0.54000000000000004       -1.0562085166012654     
  0.54333333333333333      -0.89475316494951318     
  0.54666666666666675       -1.1048143603979601     
  0.55000000000000004       -1.4839622046456968     
  0.55333333333333334       -1.2284657568192172     
  0.55666666666666675      -0.97465077410543377     
  0.56000000000000005      -0.87042353928655003     
  0.56333333333333335      -0.79563311431204431     
  0.56666666666666665      -0.89737993588600085     
  0.57000000000000006      -0.68237660163566549     
  0.57333333333333336      -0.62224125780988115     
  0.57666666666666666       -1.1455120966433872     
  0.58000000000000007       -1.3175197711855067     
  0.58333333333333337       -1.2094458189365935     
  0.58666666666666667       -1.2588468366335785     
  0.59000000000000008       -1.2082255880122090     
  0.59333333333333338       -1.2680761115832824     
  0.59666666666666668       -1.1389285180645172     
  0.60000000000000009      -0.60403949700424087     
  0.60333333333333339      -0.56081540071408198     
  0.60666666666666669      -0.80360748478085697     
  0.60999999999999999      -0.67137815341579155     
  0.61333333333333340      -0.64755913711265189     
  0.61666666666666670      -0.77380076799424991     
  0.62000000000000000      -0.96181905995794836     
  0.62333333333333341       -1.4138186220051845     
  0.62666666666666671       -1.4959075469120389     
  0.63000000000000000       -1.2571773942326456     
  0.63333333333333341       -1.4954754525679819     
  0.63666666666666671       -1.7095755797861019     
  0.64000000000000001       -1.4929225280737251     
  0.64333333333333342       -1.2955884772812492     
  0.64666666666666672       -1.0136279864970421     
  0.65000000000000002      -0.79017231745247085     
  0.65333333333333332      -0.87106110704323192     
  0.65666666666666673      -0.56435990384761303     
  0.66000000000000003        2.6880340317575732E-002
  0.66333333333333333       0.10421942389455788     
  0.66666666666666674        7.8622495949285540E-002
  0.67000000000000004       0.30514318103254873     
  0.67333333333333334       0.45213531277234076     
  0.67666666666666675       0.70637740068442945     
  0.68000000000000005       0.91244937392105074     
  0.68333333333333335       0.65763244122830178     
  0.68666666666666676       0.60983782401937492     
  0.69000000000000006        1.0120671378440009     
  0.69333333333333336        1.0825803559138860     
  0.69666666666666666       0.91291184823847538     
  0.70000000000000007       0.91858654316473787     
  0.70333333333333337       0.85610566354154327     
  0.70666666666666667       0.92508609352648663     
  0.71000000000000008        1.2245900473455649     
  0.71333333333333337        1.0935778945394028     
  0.71666666666666667       0.74614923771583175     
  0.72000000000000008       0.90062771576851031     
  0.72333333333333338        1.1316691507845782     
  0.72666666666666668        1.0632520384326831     
  0.73000000000000009        1.0551858799705989     
  0.73333333333333339       0.97318444263536563     
  0.73666666666666669       0.77514944845799694     
  0.74000000000000010       0.98878533132123281     
  0.74333333333333340        1.2833414693749690     
  0.74666666666666670        1.0425482033416302     
  0.75000000000000000       0.80085261477251879     
  0.75333333333333341       0.94287534521569771     
  0.75666666666666671        1.0113781431517945     
  0.76000000000000001        1.0401609001585779     
  0.76333333333333342        1.1839546195739059     
  0.76666666666666672        1.0099961777353947     
  0.77000000000000002       0.71574483888966778     
  0.77333333333333343       0.93266392178916702     
  0.77666666666666673        1.2332201196764092     
  0.78000000000000003        1.0884022432861240     
  0.78333333333333344       0.93816764976246259     
  0.78666666666666674       0.96658307293039614     
  0.79000000000000004       0.86259387774513541     
  0.79333333333333333       0.92567814249689140     
  0.79666666666666675        1.2338374286385814     
  0.80000000000000004        1.1887822837271467     
  0.80333333333333334       0.79347399202329194     
  0.80666666666666675       0.82659840953715591     
  0.81000000000000005        1.0354851048924985     
  0.81333333333333335        1.0810560195057821     
  0.81666666666666676        1.0390653131872842     
  0.82000000000000006        1.1903777265520572     
  0.82333333333333336       0.86459154662162752     
  0.82666666666666677       0.77106886676524655     
  0.83000000000000007       0.91762525476273549     
  0.83333333333333337        1.3505737147723602     
  0.83666666666666667       0.98218737636451203     
  0.84000000000000008        1.0367205154034567     
  0.84333333333333338       0.85206333974713366     
  0.84666666666666668       0.99885963780698317     
  0.85000000000000009       0.74142175972636915     
  0.85333333333333339        1.2712202034149442     
  0.85666666666666669        1.2003615713544376     
  0.86000000000000010        1.0030562120662716     
  0.86333333333333340       0.73276977581677250     
  0.86666666666666670       0.93617317912048736     
  0.87000000000000011        1.0687161848909896     
  0.87333333333333341       0.92750277770234735     
  0.87666666666666671        1.2537803859715171     
  0.88000000000000000        1.0970037811535405     
  0.88333333333333341       0.93828374814687998     
  0.88666666666666671       0.63156464997693373     
  0.89000000000000001        1.0144526947535004     
  0.89333333333333342        1.1996626809165325     
  0.89666666666666672        1.0180558527177990     
  0.90000000000000002        1.1337334558497192     
  0.90333333333333343        1.0039636050311100     
  0.90666666666666673       0.94825871706088016     
  0.91000000000000003       0.65108065657735903     
  0.91333333333333344       0.97913919769790325     
  0.91666666666666674        1.3178074228547789     
  0.92000000000000004        1.0786299551249248     
  0.92333333333333334        1.0400807784484212     
  0.92666666666666675       0.91119459545485737     
  0.93000000000000005       0.97938690727265820     
  0.93333333333333335       0.77333352884560036     
  0.93666666666666676       0.82677124057238838     
  0.94000000000000006        1.3323071186367010     
  0.94333333333333336        1.2025544906587478     
  0.94666666666666677        1.0289044711288742     
  0.95000000000000007       0.86419024066311101     
  0.95333333333333337       0.90027682824017019     
  0.95666666666666678       0.96399090772946217     
  0.96000000000000008       0.72771302288957140     
  0.96333333333333337        1.1083357718776556     
  0.96666666666666667        1.3522120032714038     
  0.97000000000000008        1.1309840029148637     
  0.97333333333333338       0.95645083714036727     
  0.97666666666666668       0.77505094404019914     
  0.98000000000000009       0.96879942189485702     
  0.98333333333333339       0.89428676064161861     
  0.98666666666666669       0.76198816597052554     
  0.99000000000000010        1.2165382144979220     
  0.99333333333333340        1.3200514907512164     
  0.99666666666666670        1.1523252489363214     
