   0.0000000000000000      -0.77844468791982746     
   3.3333333333333335E-003  -1.0093268948393348     
   6.6666666666666671E-003  -1.2295285216300569     
   1.0000000000000000E-002  -1.0261840549019459     
   1.3333333333333334E-002 -0.76856979632312006     
   1.6666666666666666E-002 -0.90764321773548273     
   2.0000000000000000E-002  -1.2076251508535218     
   2.3333333333333334E-002  -1.1805092796135077     
   2.6666666666666668E-002 -0.86987375684874690     
   3.0000000000000002E-002 -0.74281465440437766     
   3.3333333333333333E-002 -0.98111410733212867     
   3.6666666666666667E-002  -1.2554474712822707     
   4.0000000000000001E-002  -1.2058040053310182     
   4.3333333333333335E-002 -0.89593626266913107     
   4.6666666666666669E-002 -0.69467155540004955     
   5.0000000000000003E-002 -0.82725445504190420     
   5.3333333333333337E-002  -1.1513639454379523     
   5.6666666666666671E-002  -1.3433613382725920     
   6.0000000000000005E-002  -1.2252038576379034     
   6.3333333333333339E-002 -0.90103256137109611     
   6.6666666666666666E-002 -0.63208331982662291     
   7.0000000000000007E-002 -0.61653147326455726     
   7.3333333333333334E-002 -0.86379538033507763     
   7.6666666666666675E-002  -1.2228619950367072     
   8.0000000000000002E-002  -1.4991459353899683     
   8.3333333333333343E-002  -1.5616310105029001     
   8.6666666666666670E-002  -1.3848983919344391     
   9.0000000000000011E-002  -1.0287468969725486     
   9.3333333333333338E-002 -0.58942005779123141     
   9.6666666666666679E-002 -0.15553993697866661     
  0.10000000000000001       0.21525531683030802     
  0.10333333333333335       0.49939056390922520     
  0.10666666666666667       0.69859466654905022     
  0.11000000000000000       0.82804016115577772     
  0.11333333333333334       0.90671387611785914     
  0.11666666666666667       0.95173803877161234     
  0.12000000000000001       0.97612701010531899     
  0.12333333333333334       0.98868380251580290     
  0.12666666666666668       0.99484949902104813     
  0.13000000000000000       0.99774513127091868     
  0.13333333333333333       0.99904895160493201     
  0.13666666666666669       0.99961299954573102     
  0.14000000000000001       0.99984787282709264     
  0.14333333333333334       0.99994216422133131     
  0.14666666666666667       0.99997871152469997     
  0.15000000000000002       0.99999240591178151     
  0.15333333333333335       0.99999737227071261     
  0.15666666666666668       0.99999911728585467     
  0.16000000000000000       0.99999971191030546     
  0.16333333333333333       0.99999990858590015     
  0.16666666666666669       0.99999997177950994     
  0.17000000000000001       0.99999999151893426     
  0.17333333333333334       0.99999999751731383     
  0.17666666666666667       0.99999999929170591     
  0.18000000000000002       0.99999999980296383     
  0.18333333333333335       0.99999999994652833     
  0.18666666666666668       0.99999999998583744     
  0.19000000000000000       0.99999999999633749     
  0.19333333333333336       0.99999999999907507     
  0.19666666666666668       0.99999999999977163     
  0.20000000000000001       0.99999999999994515     
  0.20333333333333334       0.99999999999998723     
  0.20666666666666669       0.99999999999999711     
  0.21000000000000002       0.99999999999999944     
  0.21333333333333335        1.0000000000000000     
  0.21666666666666667        1.0000000000000000     
  0.22000000000000000        1.0000000000000000     
  0.22333333333333336        1.0000000000000000     
  0.22666666666666668        1.0000000000000000     
  0.23000000000000001        1.0000000000000000     
  0.23333333333333334        1.0000000000000000     
  0.23666666666666669        1.0000000000000000     
  0.24000000000000002        1.0000000000000000     
  0.24333333333333335        1.0000000000000000     
  0.24666666666666667        1.0000000000000000     
  0.25000000000000000        1.0000000000000000     
  0.25333333333333335        1.0000000000000000     
  0.25666666666666671        1.0000000000000000     
  0.26000000000000001        1.0000000000000000     
  0.26333333333333336        1.0000000000000000     
  0.26666666666666666        1.0000000000000000     
  0.27000000000000002        1.0000000000000000     
  0.27333333333333337        1.0000000000000000     
  0.27666666666666667        1.0000000000000000     
  0.28000000000000003        1.0000000000000000     
  0.28333333333333333        1.0000000000000000     
  0.28666666666666668        1.0000000000000000     
  0.29000000000000004       0.99999999999999978     
  0.29333333333333333        1.0000000000000018     
  0.29666666666666669       0.99999999999999212     
  0.30000000000000004        1.0000000000000340     
  0.30333333333333334       0.99999999999986111     
  0.30666666666666670        1.0000000000005573     
  0.31000000000000000       0.99999999999782052     
  0.31333333333333335        1.0000000000083200     
  0.31666666666666671       0.99999999996901123     
  0.32000000000000001        1.0000000001125748     
  0.32333333333333336       0.99999999960131736     
  0.32666666666666666        1.0000000013757093     
  0.33000000000000002       0.99999999537732964     
  0.33333333333333337        1.0000000151167538     
  0.33666666666666667       0.99999995192314406     
  0.34000000000000002        1.0000001485987386     
  0.34333333333333338       0.99999955397428897     
  0.34666666666666668        1.0000012989894300     
  0.35000000000000003       0.99999633263049958     
  0.35333333333333333        1.0000100270175805     
  0.35666666666666669       0.99997347971421191     
  0.36000000000000004        1.0000677711084502     
  0.36333333333333334       0.99983289782708951     
  0.36666666666666670        1.0003969457678878     
  0.37000000000000005       0.99909312543387452     
  0.37333333333333335        1.0019887576837445     
  0.37666666666666671       0.99582306117849806     
  0.38000000000000000        1.0083798535889816     
  0.38333333333333336       0.98399088225527531     
  0.38666666666666671        1.0290150449090274     
  0.39000000000000001       0.95034132994694609     
  0.39333333333333337        1.0797868245536744     
  0.39666666666666667       0.88058272191385023     
  0.40000000000000002        1.1647179689927669     
  0.40333333333333338       0.79392271518379343     
  0.40666666666666668        1.2278028359963591     
  0.41000000000000003       0.78847599681504121     
  0.41333333333333339        1.1446274917769319     
  0.41666666666666669       0.96789487320847067     
  0.42000000000000004       0.90540979809554001     
  0.42333333333333334        1.1816937384488000     
  0.42666666666666669       0.82262712374716984     
  0.43000000000000005        1.0698910308176888     
  0.43333333333333335        1.0854428773797553     
  0.43666666666666670       0.81649363583528300     
  0.44000000000000000        1.1406649321020903     
  0.44333333333333336        1.0225074514674009     
  0.44666666666666671       0.83051005863276217     
  0.45000000000000001        1.1546195490288098     
  0.45333333333333337        1.0220366493869553     
  0.45666666666666672       0.82077194211787441     
  0.46000000000000002        1.1306396847797597     
  0.46333333333333337        1.0809962188285065     
  0.46666666666666667       0.80666285487836442     
  0.47000000000000003        1.0449623078061154     
  0.47333333333333338        1.1720214102504858     
  0.47666666666666668       0.86138588748572320     
  0.48000000000000004       0.88850175872573700     
  0.48333333333333334        1.1884836918437762     
  0.48666666666666669        1.0494102704314128     
  0.49000000000000005       0.79179601185258608     
  0.49333333333333335       0.99514047858069843     
  0.49666666666666670        1.2153421053714215     
  0.50000000000000000       0.98445989845191328     
  0.50333333333333341       0.77844468791982746     
  0.50666666666666671        1.0093268948393348     
  0.51000000000000001        1.2295285216300569     
  0.51333333333333342        1.0261840549019459     
  0.51666666666666672       0.76856979632312006     
  0.52000000000000002       0.90764321773548273     
  0.52333333333333332        1.2076251508535218     
  0.52666666666666673        1.1805092796135077     
  0.53000000000000003       0.86987375684874690     
  0.53333333333333333       0.74281465440437766     
  0.53666666666666674       0.98111410733212867     
  0.54000000000000004        1.2554474712822707     
  0.54333333333333333        1.2058040053310182     
  0.54666666666666675       0.89593626266913107     
  0.55000000000000004       0.69467155540004955     
  0.55333333333333334       0.82725445504190420     
  0.55666666666666675        1.1513639454379523     
  0.56000000000000005        1.3433613382725920     
  0.56333333333333335        1.2252038576379034     
  0.56666666666666665       0.90103256137109611     
  0.57000000000000006       0.63208331982662291     
  0.57333333333333336       0.61653147326455726     
  0.57666666666666666       0.86379538033507763     
  0.58000000000000007        1.2228619950367072     
  0.58333333333333337        1.4991459353899683     
  0.58666666666666667        1.5616310105029001     
  0.59000000000000008        1.3848983919344391     
  0.59333333333333338        1.0287468969725486     
  0.59666666666666668       0.58942005779123141     
  0.60000000000000009       0.15553993697866661     
  0.60333333333333339      -0.21525531683030802     
  0.60666666666666669      -0.49939056390922520     
  0.60999999999999999      -0.69859466654905022     
  0.61333333333333340      -0.82804016115577772     
  0.61666666666666670      -0.90671387611785914     
  0.62000000000000000      -0.95173803877161234     
  0.62333333333333341      -0.97612701010531899     
  0.62666666666666671      -0.98868380251580290     
  0.63000000000000000      -0.99484949902104813     
  0.63333333333333341      -0.99774513127091868     
  0.63666666666666671      -0.99904895160493201     
  0.64000000000000001      -0.99961299954573102     
  0.64333333333333342      -0.99984787282709264     
  0.64666666666666672      -0.99994216422133131     
  0.65000000000000002      -0.99997871152469997     
  0.65333333333333332      -0.99999240591178151     
  0.65666666666666673      -0.99999737227071261     
  0.66000000000000003      -0.99999911728585467     
  0.66333333333333333      -0.99999971191030546     
  0.66666666666666674      -0.99999990858590015     
  0.67000000000000004      -0.99999997177950994     
  0.67333333333333334      -0.99999999151893426     
  0.67666666666666675      -0.99999999751731383     
  0.68000000000000005      -0.99999999929170591     
  0.68333333333333335      -0.99999999980296383     
  0.68666666666666676      -0.99999999994652833     
  0.69000000000000006      -0.99999999998583744     
  0.69333333333333336      -0.99999999999633749     
  0.69666666666666666      -0.99999999999907507     
  0.70000000000000007      -0.99999999999977163     
  0.70333333333333337      -0.99999999999994515     
  0.70666666666666667      -0.99999999999998723     
  0.71000000000000008      -0.99999999999999711     
  0.71333333333333337      -0.99999999999999944     
  0.71666666666666667       -1.0000000000000000     
  0.72000000000000008       -1.0000000000000000     
  0.72333333333333338       -1.0000000000000000     
  0.72666666666666668       -1.0000000000000000     
  0.73000000000000009       -1.0000000000000000     
  0.73333333333333339       -1.0000000000000000     
  0.73666666666666669       -1.0000000000000000     
  0.74000000000000010       -1.0000000000000000     
  0.74333333333333340       -1.0000000000000000     
  0.74666666666666670       -1.0000000000000000     
  0.75000000000000000       -1.0000000000000000     
  0.75333333333333341       -1.0000000000000000     
  0.75666666666666671       -1.0000000000000000     
  0.76000000000000001       -1.0000000000000000     
  0.76333333333333342       -1.0000000000000000     
  0.76666666666666672       -1.0000000000000000     
  0.77000000000000002       -1.0000000000000000     
  0.77333333333333343       -1.0000000000000000     
  0.77666666666666673       -1.0000000000000000     
  0.78000000000000003       -1.0000000000000000     
  0.78333333333333344       -1.0000000000000000     
  0.78666666666666674      -0.99999999999999978     
  0.79000000000000004       -1.0000000000000018     
  0.79333333333333333      -0.99999999999999212     
  0.79666666666666675       -1.0000000000000340     
  0.80000000000000004      -0.99999999999986111     
  0.80333333333333334       -1.0000000000005573     
  0.80666666666666675      -0.99999999999782052     
  0.81000000000000005       -1.0000000000083200     
  0.81333333333333335      -0.99999999996901123     
  0.81666666666666676       -1.0000000001125748     
  0.82000000000000006      -0.99999999960131736     
  0.82333333333333336       -1.0000000013757093     
  0.82666666666666677      -0.99999999537732964     
  0.83000000000000007       -1.0000000151167538     
  0.83333333333333337      -0.99999995192314406     
  0.83666666666666667       -1.0000001485987386     
  0.84000000000000008      -0.99999955397428897     
  0.84333333333333338       -1.0000012989894300     
  0.84666666666666668      -0.99999633263049958     
  0.85000000000000009       -1.0000100270175805     
  0.85333333333333339      -0.99997347971421191     
  0.85666666666666669       -1.0000677711084502     
  0.86000000000000010      -0.99983289782708951     
  0.86333333333333340       -1.0003969457678878     
  0.86666666666666670      -0.99909312543387452     
  0.87000000000000011       -1.0019887576837445     
  0.87333333333333341      -0.99582306117849806     
  0.87666666666666671       -1.0083798535889816     
  0.88000000000000000      -0.98399088225527531     
  0.88333333333333341       -1.0290150449090274     
  0.88666666666666671      -0.95034132994694609     
  0.89000000000000001       -1.0797868245536744     
  0.89333333333333342      -0.88058272191385023     
  0.89666666666666672       -1.1647179689927669     
  0.90000000000000002      -0.79392271518379343     
  0.90333333333333343       -1.2278028359963591     
  0.90666666666666673      -0.78847599681504121     
  0.91000000000000003       -1.1446274917769319     
  0.91333333333333344      -0.96789487320847067     
  0.91666666666666674      -0.90540979809554001     
  0.92000000000000004       -1.1816937384488000     
  0.92333333333333334      -0.82262712374716984     
  0.92666666666666675       -1.0698910308176888     
  0.93000000000000005       -1.0854428773797553     
  0.93333333333333335      -0.81649363583528300     
  0.93666666666666676       -1.1406649321020903     
  0.94000000000000006       -1.0225074514674009     
  0.94333333333333336      -0.83051005863276217     
  0.94666666666666677       -1.1546195490288098     
  0.95000000000000007       -1.0220366493869553     
  0.95333333333333337      -0.82077194211787441     
  0.95666666666666678       -1.1306396847797597     
  0.96000000000000008       -1.0809962188285065     
  0.96333333333333337      -0.80666285487836442     
  0.96666666666666667       -1.0449623078061154     
  0.97000000000000008       -1.1720214102504858     
  0.97333333333333338      -0.86138588748572320     
  0.97666666666666668      -0.88850175872573700     
  0.98000000000000009       -1.1884836918437762     
  0.98333333333333339       -1.0494102704314128     
  0.98666666666666669      -0.79179601185258608     
  0.99000000000000010      -0.99514047858069843     
  0.99333333333333340       -1.2153421053714215     
  0.99666666666666670      -0.98445989845191328     
