   0.0000000000000000      -0.28877273238479556     
   3.3333333333333335E-003 -0.71224766868821487     
   6.6666666666666671E-003 -0.78697135998562207     
   1.0000000000000000E-002 -0.89105652703885652     
   1.3333333333333334E-002 -0.59222399140379078     
   1.6666666666666666E-002  -1.0353062053565079     
   2.0000000000000000E-002 -0.95404357778672777     
   2.3333333333333334E-002  -1.0941901334463902     
   2.6666666666666668E-002 -0.70017150346060353     
   3.0000000000000002E-002  -1.0515005499438108     
   3.3333333333333333E-002  -1.0753056410115773     
   3.6666666666666667E-002  -1.0610512870057389     
   4.0000000000000001E-002 -0.87105941979059853     
   4.3333333333333335E-002 -0.86711036504822869     
   4.6666666666666669E-002  -1.2229865605515946     
   5.0000000000000003E-002 -0.98673466711054869     
   5.3333333333333337E-002 -0.98632820910589769     
   5.6666666666666671E-002 -0.80445951161981533     
   6.0000000000000005E-002  -1.1209019343248818     
   6.3333333333333339E-002  -1.1588113239126201     
   6.6666666666666666E-002 -0.88251740675816259     
   7.0000000000000007E-002 -0.93886545465691362     
   7.3333333333333334E-002 -0.91080226845454204     
   7.6666666666666675E-002  -1.2337173663674670     
   8.0000000000000002E-002  -1.0116423665690206     
   8.3333333333333343E-002 -0.82284691801973131     
   8.6666666666666670E-002 -0.98913709095530822     
   9.0000000000000011E-002  -1.0205262154290309     
   9.3333333333333338E-002  -1.2133804113394964     
   9.6666666666666679E-002 -0.89169418402282308     
  0.10000000000000001      -0.81932542238591555     
  0.10333333333333335       -1.0841523182900850     
  0.10666666666666667       -1.0649267742128623     
  0.11000000000000000       -1.1353313233777138     
  0.11333333333333334      -0.84231482725422413     
  0.11666666666666667      -0.83584224828369558     
  0.12000000000000001       -1.1703056600038135     
  0.12333333333333334       -1.0681585898623775     
  0.12666666666666668       -1.0431082754352436     
  0.13000000000000000      -0.85951173255300350     
  0.13333333333333333      -0.84192732399757908     
  0.13666666666666669       -1.2160992254952645     
  0.14000000000000001       -1.0862434599714375     
  0.14333333333333334      -0.94465402281602484     
  0.14666666666666667      -0.90925031181907268     
  0.15000000000000002      -0.84955663068015030     
  0.15333333333333335       -1.1916515419657243     
  0.15666666666666668       -1.1571265351461628     
  0.16000000000000000      -0.86420792482762798     
  0.16333333333333333      -0.92310131748475799     
  0.16666666666666669      -0.90242714054128581     
  0.17000000000000001       -1.0924486188409712     
  0.17333333333333334       -1.2408691841194555     
  0.17666666666666667      -0.88434535632598787     
  0.18000000000000002      -0.83951305711460633     
  0.18333333333333335      -0.98406840319938893     
  0.18666666666666668       -1.0092587934831188     
  0.19000000000000000       -1.2180027383535945     
  0.19333333333333336       -1.0521234691609453     
  0.19666666666666668      -0.74848721118484340     
  0.20000000000000001      -0.94455249750594539     
  0.20333333333333334       -1.0511724480070255     
  0.20666666666666669       -1.0903619703606839     
  0.21000000000000002       -1.1889615764744335     
  0.21333333333333335      -0.87732809930734290     
  0.21666666666666667      -0.75534299351671819     
  0.22000000000000000       -1.0506324759684531     
  0.22333333333333336       -1.0874002132210401     
  0.22666666666666668       -1.1124118378953010     
  0.23000000000000001       -1.1224298804983011     
  0.23333333333333334      -0.79150884031991264     
  0.23666666666666669      -0.79564522930234394     
  0.24000000000000002       -1.1115542500984883     
  0.24333333333333335       -1.1018877606576236     
  0.24666666666666667       -1.1068364372148836     
  0.25000000000000000       -1.0899881111715575     
  0.25333333333333335      -0.76996921187224543     
  0.25666666666666671      -0.79979211663934824     
  0.26000000000000001       -1.1252882944085456     
  0.26333333333333336       -1.1143923674166949     
  0.26666666666666666       -1.0994198504511552     
  0.27000000000000002       -1.1082789061376130     
  0.27333333333333337      -0.79820963563874225     
  0.27666666666666667      -0.75107763221402113     
  0.28000000000000003       -1.0810864273953662     
  0.28333333333333333       -1.1281036814408256     
  0.28666666666666668       -1.0941757006903703     
  0.29000000000000004       -1.1652535509244717     
  0.29333333333333333      -0.90414961795469129     
  0.29666666666666669      -0.69103712105839543     
  0.30000000000000004      -0.95235521603601181     
  0.30333333333333334       -1.1100348670719846     
  0.30666666666666670       -1.0727867726503912     
  0.31000000000000000       -1.2078025381566480     
  0.31333333333333335       -1.1151781634754225     
  0.31666666666666671      -0.75087340768574706     
  0.32000000000000001      -0.77344994016317226     
  0.32333333333333336       -1.0013614737929109     
  0.32666666666666666      -0.99771945105063387     
  0.33000000000000002       -1.1198697652949190     
  0.33333333333333337       -1.3104279390089457     
  0.33666666666666667       -1.0636574374059282     
  0.34000000000000002      -0.76854699762718226     
  0.34333333333333338      -0.85384420821009932     
  0.34666666666666668      -0.89014639760652781     
  0.35000000000000003      -0.85038395881876616     
  0.35333333333333333       -1.1365940219428092     
  0.35666666666666669       -1.3530803959845614     
  0.36000000000000004       -1.1227127948412658     
  0.36333333333333334      -0.94713596851593373     
  0.36666666666666670      -0.97214760097123276     
  0.37000000000000005      -0.78806016874322693     
  0.37333333333333335      -0.65657406528430740     
  0.37666666666666671      -0.95847177873593481     
  0.38000000000000000       -1.2162640852687558     
  0.38333333333333336       -1.1472649744555956     
  0.38666666666666671       -1.1856559948426879     
  0.39000000000000001       -1.2837292333772237     
  0.39333333333333337       -1.0088301813676457     
  0.39666666666666667      -0.68405587463636408     
  0.40000000000000002      -0.75144420115001531     
  0.40333333333333338      -0.85259426381114400     
  0.40666666666666668      -0.77310430656876927     
  0.41000000000000003      -0.94239263248739946     
  0.41333333333333339       -1.3224384614925047     
  0.41666666666666669       -1.3685272766609884     
  0.42000000000000004       -1.1847175903042819     
  0.42333333333333334       -1.2039022374151651     
  0.42666666666666669       -1.1800150721112694     
  0.43000000000000005      -0.82082487978093521     
  0.43333333333333335      -0.55870346073548627     
  0.43666666666666670      -0.67052105153314556     
  0.44000000000000000      -0.73860363513653482     
  0.44333333333333336      -0.63974354067552230     
  0.44666666666666671      -0.81200528857437682     
  0.45000000000000001       -1.2301096283977322     
  0.45333333333333337       -1.3894129204879189     
  0.45666666666666672       -1.3407231148806897     
  0.46000000000000002       -1.4950028486581175     
  0.46333333333333337       -1.6851382543458249     
  0.46666666666666667       -1.4898303536093958     
  0.47000000000000003       -1.1626420638870114     
  0.47333333333333338       -1.0665524608038408     
  0.47666666666666668      -0.99434461837159038     
  0.48000000000000004      -0.56538291615624137     
  0.48333333333333334      -0.18806952236653338     
  0.48666666666666669       -5.7014820913538253E-002
  0.49000000000000005       -3.4317918045075266E-002
  0.49333333333333335       0.39625281905251425     
  0.49666666666666670       0.58514857383438890     
  0.50000000000000000       0.67522878065517977     
  0.50333333333333341       0.48846427220466843     
  0.50666666666666671       0.92248958902139466     
  0.51000000000000001       0.89353459280927161     
  0.51333333333333342        1.0173602654899494     
  0.51666666666666672       0.65000443842690547     
  0.52000000000000002        1.0905723236142686     
  0.52333333333333332        1.0054844705152182     
  0.52666666666666673        1.0847862220205631     
  0.53000000000000003       0.77218922891648489     
  0.53333333333333333       0.99033572398179848     
  0.53666666666666674        1.1659041836131596     
  0.54000000000000004       0.98200866198212455     
  0.54333333333333333       0.94553822047876879     
  0.54666666666666675       0.82292596723068356     
  0.55000000000000004        1.2340579086953309     
  0.55333333333333334        1.0185183853274353     
  0.55666666666666675       0.91805415053546124     
  0.56000000000000005       0.89816407873401716     
  0.56333333333333335        1.0235771741386586     
  0.56666666666666665        1.2358078942063229     
  0.57000000000000006       0.84812545096391312     
  0.57333333333333336       0.91863989699897086     
  0.57666666666666666       0.98275822371917099     
  0.58000000000000007        1.1297793089273942     
  0.58333333333333337        1.1153389795247601     
  0.58666666666666667       0.75470805980607325     
  0.59000000000000008       0.99587999960416485     
  0.59333333333333338        1.0804993413064272     
  0.59666666666666668        1.1066729268144571     
  0.60000000000000009        1.0048041192301906     
  0.60333333333333339       0.74604478167692245     
  0.60666666666666669        1.0848041934730450     
  0.60999999999999999        1.1401069460056037     
  0.61333333333333340        1.0154278949044273     
  0.61666666666666670       0.95261517802889450     
  0.62000000000000000       0.78860471040004665     
  0.62333333333333341        1.1287596711789336     
  0.62666666666666671        1.1805270696629624     
  0.63000000000000000       0.91621713533187066     
  0.63333333333333341       0.93325594668248624     
  0.63666666666666671       0.86379116259419209     
  0.64000000000000001        1.1077720115646277     
  0.64333333333333342        1.2211738734877793     
  0.64666666666666672       0.86224348220694247     
  0.65000000000000002       0.88746467593649692     
  0.65333333333333332       0.96530926882106227     
  0.65666666666666673        1.0524272439899189     
  0.66000000000000003        1.2303177514962920     
  0.66333333333333333       0.90748750177232185     
  0.66666666666666674       0.78911063050434271     
  0.67000000000000004        1.0374442325954987     
  0.67333333333333334        1.0512931560767604     
  0.67666666666666675        1.1559678988030386     
  0.68000000000000005        1.0368743803388463     
  0.68333333333333335       0.73094528116531443     
  0.68666666666666676       0.96519538022226370     
  0.69000000000000006        1.1445112014157737     
  0.69333333333333336        1.0693769047331436     
  0.69666666666666666        1.0958018560622285     
  0.70000000000000007       0.84801060762511327     
  0.70333333333333337       0.78024193799635944     
  0.70666666666666667        1.1440627302774717     
  0.71000000000000008        1.1499359264359539     
  0.71333333333333337        1.0246552004878529     
  0.71666666666666667        1.0044529050358546     
  0.72000000000000008       0.77987583280093697     
  0.72333333333333338       0.89295175762884293     
  0.72666666666666668        1.2363836803967436     
  0.73000000000000009        1.1114245022002704     
  0.73333333333333339       0.97095334122632171     
  0.73666666666666669       0.95356984019604463     
  0.74000000000000010       0.78057044259945962     
  0.74333333333333340       0.96135870715563954     
  0.74666666666666670        1.2708588379477970     
  0.75000000000000000        1.0899881111715559     
  0.75333333333333341       0.93399161260515939     
  0.75666666666666671       0.94032117014133199     
  0.76000000000000001       0.79430448690951783     
  0.76333333333333342       0.95646775652299465     
  0.76666666666666672        1.2788643513575635     
  0.77000000000000002        1.1192842844356461     
  0.77333333333333343       0.92218147814018558     
  0.77666666666666673       0.94552608780621517     
  0.78000000000000003       0.81032978422785007     
  0.78333333333333344       0.87899376992168876     
  0.78666666666666674        1.2415028018708809     
  0.79000000000000004        1.2042792009629510     
  0.79333333333333333       0.95785037787147720     
  0.79666666666666675       0.96196763106906147     
  0.80000000000000004       0.85581332615518158     
  0.80333333333333334       0.76272022219459834     
  0.80666666666666675        1.0900402082225873     
  0.81000000000000005        1.2812940750944677     
  0.81333333333333335        1.0711147502145670     
  0.81666666666666676        1.0039965297198206     
  0.82000000000000006       0.97081126338741131     
  0.82333333333333336       0.72973893131586087     
  0.82666666666666677       0.80814342300793762     
  0.83000000000000007        1.1748741515403884     
  0.83333333333333337        1.1971114289719995     
  0.83666666666666667        1.0792712531183628     
  0.84000000000000008        1.1346568242958441     
  0.84333333333333338       0.95854349936634298     
  0.84666666666666668       0.66380412446186732     
  0.85000000000000009       0.81247591356242110     
  0.85333333333333339        1.0895871923306781     
  0.85666666666666669        1.0765605453128040     
  0.86000000000000010        1.1442413464344541     
  0.86333333333333340        1.2994440314170081     
  0.86666666666666670        1.0634762236561368     
  0.87000000000000011       0.73135476596436189     
  0.87333333333333341       0.79399285951202991     
  0.87666666666666671       0.89787069741937986     
  0.88000000000000000       0.83456313566498885     
  0.88333333333333341        1.0304920447103962     
  0.88666666666666671        1.3587690624928885     
  0.89000000000000001        1.2789536107493304     
  0.89333333333333342        1.0287076006278268     
  0.89666666666666672        1.0221634112495230     
  0.90000000000000002       0.93692289799428863     
  0.90333333333333343       0.63761552101950913     
  0.90666666666666673       0.64022323653570234     
  0.91000000000000003       0.96703884831226383     
  0.91333333333333344        1.0880094303432652     
  0.91666666666666674        1.0760352151559580     
  0.92000000000000004        1.3028545326626573     
  0.92333333333333334        1.4548613800634618     
  0.92666666666666675        1.1878527006556971     
  0.93000000000000005       0.91156488347393982     
  0.93333333333333335       0.91199394818364565     
  0.93666666666666676       0.80575520130710776     
  0.94000000000000006       0.51586577954566926     
  0.94333333333333336       0.52614890175988049     
  0.94666666666666677       0.84419546479591179     
  0.95000000000000007       0.98278638681295227     
  0.95333333333333337       0.98935232716700616     
  0.95666666666666678        1.2622952594501500     
  0.96000000000000008        1.6059520908496425     
  0.96333333333333337        1.5802853577384051     
  0.96666666666666667        1.4048604365796165     
  0.97000000000000008        1.4419533849143358     
  0.97333333333333338        1.4511671793637961     
  0.97666666666666668        1.0830502813027640     
  0.98000000000000009       0.70191166198378396     
  0.98333333333333339       0.57337128929613801     
  0.98666666666666669       0.48215109499969716     
  0.99000000000000010        3.1839852274662128E-002
  0.99333333333333340      -0.26073459001674276     
  0.99666666666666670      -0.36136517735084028     
