   0.0000000000000000        1.5375215635693684     
   3.3333333333333335E-003   1.3495634536388001     
   6.6666666666666671E-003   1.3958734491365838     
   1.0000000000000000E-002   1.3733732282260167     
   1.3333333333333334E-002  0.78122772654646666     
   1.6666666666666666E-002  0.64580135985749165     
   2.0000000000000000E-002  0.38025741059405715     
   2.3333333333333334E-002  0.39306309280014839     
   2.6666666666666668E-002 -0.11205761313306703     
   3.0000000000000002E-002 -0.42060774121080324     
   3.3333333333333333E-002 -0.32989521896028356     
   3.6666666666666667E-002 -0.49682415877599612     
   4.0000000000000001E-002 -0.57450358271163304     
   4.3333333333333335E-002 -0.98638769241691293     
   4.6666666666666669E-002 -0.82599037170476086     
   5.0000000000000003E-002 -0.69972662893428383     
   5.3333333333333337E-002 -0.93424762725501198     
   5.6666666666666671E-002 -0.98853245016227642     
   6.0000000000000005E-002  -1.1292566919141309     
   6.3333333333333339E-002 -0.80802618813634863     
   6.6666666666666666E-002 -0.85576685052927859     
   7.0000000000000007E-002  -1.1510963119131512     
   7.3333333333333334E-002  -1.0384880203630842     
   7.6666666666666675E-002  -1.0192947550616236     
   8.0000000000000002E-002 -0.80656516977700032     
   8.3333333333333343E-002 -0.98352454943258383     
   8.6666666666666670E-002  -1.2365815070009070     
   9.0000000000000011E-002 -0.94540016568461827     
   9.3333333333333338E-002 -0.91632175619934275     
   9.6666666666666679E-002 -0.90662430931691851     
  0.10000000000000001       -1.0558364870070620     
  0.10333333333333335       -1.2255139635318892     
  0.10666666666666667      -0.85754498776988819     
  0.11000000000000000      -0.86018587265487512     
  0.11333333333333334       -1.0511695240838683     
  0.11666666666666667       -1.0684886854836533     
  0.12000000000000001       -1.1477222946490522     
  0.12333333333333334      -0.84809557458097273     
  0.12666666666666668      -0.82173796272000565     
  0.13000000000000000       -1.1650211691535985     
  0.13333333333333333       -1.0851181891335584     
  0.13666666666666669       -1.0171144736639253     
  0.14000000000000001      -0.90545851928799337     
  0.14333333333333334      -0.81579939454728168     
  0.14666666666666667       -1.1745179936152497     
  0.15000000000000002       -1.1638750699108915     
  0.15333333333333335      -0.88727880128227365     
  0.15666666666666668      -0.92505072562556467     
  0.16000000000000000      -0.90138452603308783     
  0.16333333333333333       -1.0775668106154297     
  0.16666666666666669       -1.2396085559632619     
  0.17000000000000001      -0.88973028294970236     
  0.17333333333333334      -0.81744118093850160     
  0.17666666666666667       -1.0209509989928334     
  0.18000000000000002       -1.0362802995195834     
  0.18333333333333335       -1.1683503238857542     
  0.18666666666666668       -1.0427891698038900     
  0.19000000000000000      -0.73319949087438419     
  0.19333333333333336      -0.95382373315329139     
  0.19666666666666668       -1.1535654304239669     
  0.20000000000000001       -1.0640590588351364     
  0.20333333333333334       -1.0798434542174977     
  0.20666666666666669      -0.88208053306354228     
  0.21000000000000002      -0.76599258827846373     
  0.21333333333333335       -1.1227666889127075     
  0.21666666666666667       -1.1972806231024709     
  0.22000000000000000      -0.98801182113249730     
  0.22333333333333336      -0.97590689935314612     
  0.22666666666666668      -0.84877989505009066     
  0.23000000000000001      -0.85948805844329279     
  0.23333333333333334       -1.2174606281772129     
  0.23666666666666669       -1.1820513777832971     
  0.24000000000000002      -0.89647966673821977     
  0.24333333333333335      -0.91606113619320240     
  0.24666666666666667      -0.89060697596259553     
  0.25000000000000000      -0.92368220635687937     
  0.25333333333333335       -1.2368627033317705     
  0.25666666666666671       -1.1768681965871117     
  0.26000000000000001      -0.83917341564427250     
  0.26333333333333336      -0.87189396589167434     
  0.26666666666666666      -0.94853949544258631     
  0.27000000000000002      -0.94974705283029770     
  0.27333333333333337       -1.2020418638031614     
  0.27666666666666667       -1.2134374599648565     
  0.28000000000000003      -0.84548986492893163     
  0.28333333333333333      -0.80687985906095927     
  0.28666666666666668      -0.97832519151821251     
  0.29000000000000004      -0.96828626209800617     
  0.29333333333333333       -1.1223291051535589     
  0.29666666666666669       -1.2652121257950926     
  0.30000000000000004      -0.95407314270814958     
  0.30333333333333334      -0.74051250388543821     
  0.30666666666666670      -0.92898621868009390     
  0.31000000000000000      -0.99598484902295925     
  0.31333333333333335       -1.0227843946083253     
  0.31666666666666671       -1.2479964905791132     
  0.32000000000000001       -1.1620059903717050     
  0.32333333333333336      -0.79320420444975659     
  0.32666666666666666      -0.79534355436546633     
  0.33000000000000002      -0.97748787117297509     
  0.33333333333333337      -0.95958041637417590     
  0.33666666666666667       -1.0932255089870371     
  0.34000000000000002       -1.3045517519030940     
  0.34333333333333338       -1.0789786350653381     
  0.34666666666666668      -0.76878805770754688     
  0.35000000000000003      -0.85075487863915911     
  0.35333333333333333      -0.93543479211822389     
  0.35666666666666669      -0.89296145648082026     
  0.36000000000000004       -1.1222056078329261     
  0.36333333333333334       -1.3413536431715083     
  0.36666666666666670       -1.1005322734072498     
  0.37000000000000005      -0.84140201705008910     
  0.37333333333333335      -0.89554319648910763     
  0.37666666666666671      -0.86160075548606918     
  0.38000000000000000      -0.76517524754865429     
  0.38333333333333336       -1.0295158923101768     
  0.38666666666666671       -1.3295639451510513     
  0.39000000000000001       -1.2000363248582888     
  0.39333333333333337       -1.0104167503139292     
  0.39666666666666667       -1.0391436436411514     
  0.40000000000000002      -0.90367673807364457     
  0.40333333333333338      -0.64160651686989101     
  0.40666666666666668      -0.76621384291081951     
  0.41000000000000003       -1.1098184109464373     
  0.41333333333333339       -1.1594256096334328     
  0.41666666666666669       -1.1172241949146930     
  0.42000000000000004       -1.2755585454829823     
  0.42333333333333334       -1.2578206857205130     
  0.42666666666666669      -0.88399258203520348     
  0.43000000000000005      -0.68498862763138979     
  0.43333333333333335      -0.80690130486243927     
  0.43666666666666670      -0.83543684664586815     
  0.44000000000000000      -0.74285253860665235     
  0.44333333333333336      -0.99780549579863131     
  0.44666666666666671       -1.3335880649252154     
  0.45000000000000001       -1.3735197143007003     
  0.45333333333333337       -1.1463979766398409     
  0.45666666666666672       -1.2450134013751484     
  0.46000000000000002       -1.1434642806053519     
  0.46333333333333337      -0.91294189954957983     
  0.46666666666666667      -0.47976879056630506     
  0.47000000000000003      -0.73309780088043275     
  0.47333333333333338      -0.64966860317201802     
  0.47666666666666668      -0.78584791434710932     
  0.48000000000000004      -0.60887580863230428     
  0.48333333333333334       -1.2597655727136670     
  0.48666666666666669       -1.2863964203660598     
  0.49000000000000005       -1.4831401676889342     
  0.49333333333333335       -1.3175611792777131     
  0.49666666666666670       -1.6720034378977435     
  0.50000000000000000       -1.6175018396274834     
  0.50333333333333341       -1.2622255779078329     
  0.50666666666666671       -1.1014577174167817     
  0.51000000000000001      -0.90738921997447475     
  0.51333333333333342      -0.92453084420651166     
  0.51666666666666672      -0.26861311035577606     
  0.52000000000000002      -0.10550129143073270     
  0.52333333333333332        2.2475809714454432E-002
  0.52666666666666673       0.12357657864707833     
  0.53000000000000003       0.38935552005794977     
  0.53333333333333333       0.80196700964210099     
  0.53666666666666674       0.55352476479971069     
  0.54000000000000004       0.67711929545346772     
  0.54333333333333333       0.80032924996075039     
  0.54666666666666675        1.0059257418736827     
  0.55000000000000004        1.0136456929980600     
  0.55333333333333334       0.69620407967273290     
  0.55666666666666675       0.99133735361726827     
  0.56000000000000005        1.0720479517649120     
  0.56333333333333335        1.0530716961330315     
  0.56666666666666665       0.93287268230094067     
  0.57000000000000006       0.78666911962875241     
  0.57333333333333336        1.1726076081281334     
  0.57666666666666666        1.1005717170314662     
  0.58000000000000007       0.91337354708172569     
  0.58333333333333337       0.92130545574544376     
  0.58666666666666667       0.91855805085573428     
  0.59000000000000008        1.2234503162744379     
  0.59333333333333338        1.0355108584981161     
  0.59666666666666668       0.79274034798086579     
  0.60000000000000009        1.0027674786062821     
  0.60333333333333339        1.0387876368358386     
  0.60666666666666669        1.1520231520291764     
  0.60999999999999999       0.98440323305267619     
  0.61333333333333340       0.74954944250244715     
  0.61666666666666670        1.0815922053267872     
  0.62000000000000000        1.1386752063817829     
  0.62333333333333341        1.0159716621517167     
  0.62666666666666671       0.96251656164625798     
  0.63000000000000000       0.79679235802868953     
  0.63333333333333341        1.0819133781123085     
  0.63666666666666671        1.2252730567621954     
  0.64000000000000001       0.91140887609884302     
  0.64333333333333342       0.90412951295686905     
  0.64666666666666672       0.92626060767085427     
  0.65000000000000002        1.0295418511750376     
  0.65333333333333332        1.2405415969129296     
  0.65666666666666673       0.93664039391770226     
  0.66000000000000003       0.78285908824359152     
  0.66333333333333333        1.0316559658465789     
  0.66666666666666674        1.0594248204883974     
  0.67000000000000004        1.1285507542540358     
  0.67333333333333334        1.0453431244171683     
  0.67666666666666675       0.74139017231021542     
  0.68000000000000005       0.95324501858202304     
  0.68333333333333335        1.1951360327508340     
  0.68666666666666676        1.0499811825727809     
  0.69000000000000006        1.0184059938573409     
  0.69333333333333336       0.88264491842328030     
  0.69666666666666666       0.80792421918552981     
  0.70000000000000007        1.1654936144528469     
  0.70333333333333337        1.2000807978135781     
  0.70666666666666667       0.91733811004097232     
  0.71000000000000008       0.92038272475024541     
  0.71333333333333337       0.89089447475173822     
  0.71666666666666667       0.95036158585999087     
  0.72000000000000008        1.2512625558117845     
  0.72333333333333338        1.1080674536901027     
  0.72666666666666668       0.79724787149263676     
  0.73000000000000009       0.90757663482107653     
  0.73333333333333339       0.98305073203169346     
  0.73666666666666669        1.0350076578059626     
  0.74000000000000010        1.2342639225833680     
  0.74333333333333340        1.0323934584494978     
  0.74666666666666670       0.73328416941526575     
  0.75000000000000000       0.92368220635687803     
  0.75333333333333341        1.0795398967844403     
  0.75666666666666671        1.0605358743308153     
  0.76000000000000001        1.1769576714894201     
  0.76333333333333342        1.0189376858690107     
  0.76666666666666672       0.71412959929706921     
  0.77000000000000002       0.90165847645251285     
  0.77333333333333343        1.1505098402457064     
  0.77666666666666673        1.0812769056278986     
  0.78000000000000003        1.1087405996082174     
  0.78333333333333344        1.0537988963034399     
  0.78666666666666674       0.74645297735724203     
  0.79000000000000004       0.81389612562622371     
  0.79333333333333333        1.1575866821309908     
  0.79666666666666675        1.1449747821990144     
  0.80000000000000004        1.0555076983258591     
  0.80333333333333334        1.0861537151238749     
  0.80666666666666675       0.85780740395008270     
  0.81000000000000005       0.71077834604000290     
  0.81333333333333335        1.0299764073772149     
  0.81666666666666676        1.2212107817140327     
  0.82000000000000006        1.0789707094341441     
  0.82333333333333336        1.0727650311323740     
  0.82666666666666677        1.0232454978441321     
  0.83000000000000007       0.73866739986864305     
  0.83333333333333337       0.77939668089930980     
  0.83666666666666667        1.1391363537558881     
  0.84000000000000008        1.1860263141135949     
  0.84333333333333338        1.0673889667731988     
  0.84666666666666668        1.1220508533382025     
  0.85000000000000009       0.98508809737501168     
  0.85333333333333339       0.68717740617382816     
  0.85666666666666669       0.80463133807123499     
  0.86000000000000010        1.1281559646437731     
  0.86333333333333340        1.1331950600732315     
  0.86666666666666670        1.0973274623859979     
  0.87000000000000011        1.2096308281749959     
  0.87333333333333341        1.0363217954153598     
  0.87666666666666671       0.69372466791532583     
  0.88000000000000000       0.75612815928138499     
  0.88333333333333341        1.0164123724670437     
  0.88666666666666671        1.0279438635696290     
  0.89000000000000001        1.0758189644604879     
  0.89333333333333342        1.3048949145732147     
  0.89666666666666672        1.2258699703372011     
  0.90000000000000002       0.85060772967286302     
  0.90333333333333343       0.75549047820595006     
  0.90666666666666673       0.88540294520959228     
  0.91000000000000003       0.83176826035661933     
  0.91333333333333344       0.84140215348825986     
  0.91666666666666674        1.1794432886018367     
  0.92000000000000004        1.3823669227877007     
  0.92333333333333334        1.1765437237506682     
  0.92666666666666675        1.0181121698002520     
  0.93000000000000005        1.0494158199157879     
  0.93333333333333335       0.88400713663409991     
  0.93666666666666676       0.59039133864918514     
  0.94000000000000006       0.68564379845742995     
  0.94333333333333336       0.99500059234363780     
  0.94666666666666677        1.0955445173429339     
  0.95000000000000007        1.0596006502369244     
  0.95333333333333337        1.3263333468087617     
  0.95666666666666678        1.4310718438313117     
  0.96000000000000008        1.2460799933471871     
  0.96333333333333337       0.85624129352586642     
  0.96666666666666667       0.95184058124812054     
  0.97000000000000008       0.76435002203328839     
  0.97333333333333338       0.66118756868603168     
  0.97666666666666668       0.37030901183250764     
  0.98000000000000009       0.88363192779562616     
  0.98333333333333339       0.88257732321195226     
  0.98666666666666669        1.1430933027060151     
  0.99000000000000010        1.0171561594373948     
  0.99333333333333340        1.6119769109975153     
  0.99666666666666670        1.5846655621667736     
