   0.0000000000000000      -0.78470442753728475     
   3.3333333333333335E-003 -0.94157420912414624     
   6.6666666666666671E-003  -1.2167394688317221     
   1.0000000000000000E-002  -1.0938046362291594     
   1.3333333333333334E-002 -0.79647608029625960     
   1.6666666666666666E-002 -0.84618824217017297     
   2.0000000000000000E-002  -1.1579561656507973     
   2.3333333333333334E-002  -1.2231781809844935     
   2.6666666666666668E-002 -0.94057910775560816     
   3.0000000000000002E-002 -0.73681978555534944     
   3.3333333333333333E-002 -0.90549549220999415     
   3.6666666666666667E-002  -1.2119323662956631     
   4.0000000000000001E-002  -1.2514526852087782     
   4.3333333333333335E-002 -0.97587796091986789     
   4.6666666666666669E-002 -0.71586185599378338     
   5.0000000000000003E-002 -0.76532946930837031     
   5.3333333333333337E-002  -1.0696408225776721     
   5.6666666666666671E-002  -1.3215029502661122     
   6.0000000000000005E-002  -1.2840498691105013     
   6.3333333333333339E-002 -0.99177620354173146     
   6.6666666666666666E-002 -0.68403784977370075     
   7.0000000000000007E-002 -0.59179651979942427     
   7.3333333333333334E-002 -0.77738673513290257     
   7.6666666666666675E-002  -1.1245493448325317     
   8.0000000000000002E-002  -1.4398976044617973     
   8.3333333333333343E-002  -1.5689620443200183     
   8.6666666666666670E-002  -1.4571671625687554     
   9.0000000000000011E-002  -1.1442400150713150     
   9.3333333333333338E-002 -0.72029763508493250     
   9.6666666666666679E-002 -0.27869685333683991     
  0.10000000000000001       0.11340071141696779     
  0.10333333333333335       0.42321900128544881     
  0.10666666666666667       0.64620100038538064     
  0.11000000000000000       0.79451657287461086     
  0.11333333333333334       0.88659875112519382     
  0.11666666666666667       0.94035010739243741     
  0.12000000000000001       0.97001487578663348     
  0.12333333333333334       0.98556172928481645     
  0.12666666666666668       0.99332691554904751     
  0.13000000000000000       0.99703428695293272     
  0.13333333333333333       0.99873051538589075     
  0.13666666666666669       0.99947585094691582     
  0.14000000000000001       0.99979098219735141     
  0.14333333333333334       0.99991940053310724     
  0.14666666666666667       0.99996991326917706     
  0.15000000000000002       0.99998911708382032     
  0.15333333333333335       0.99999618195215445     
  0.15666666666666668       0.99999869973908295     
  0.16000000000000000       0.99999956981788174     
  0.16333333333333333       0.99999986163639065     
  0.16666666666666669       0.99999995670557662     
  0.17000000000000001       0.99999998681271074     
  0.17333333333333334       0.99999999608756140     
  0.17666666666666667       0.99999999886878144     
  0.18000000000000002       0.99999999968108422     
  0.18333333333333335       0.99999999991229094     
  0.18666666666666668       0.99999999997645772     
  0.19000000000000000       0.99999999999383016     
  0.19333333333333336       0.99999999999842082     
  0.19666666666666668       0.99999999999960487     
  0.20000000000000001       0.99999999999990363     
  0.20333333333333334       0.99999999999997713     
  0.20666666666666669       0.99999999999999478     
  0.21000000000000002       0.99999999999999889     
  0.21333333333333335       0.99999999999999989     
  0.21666666666666667        1.0000000000000000     
  0.22000000000000000        1.0000000000000000     
  0.22333333333333336        1.0000000000000000     
  0.22666666666666668        1.0000000000000000     
  0.23000000000000001        1.0000000000000000     
  0.23333333333333334        1.0000000000000000     
  0.23666666666666669        1.0000000000000000     
  0.24000000000000002        1.0000000000000000     
  0.24333333333333335        1.0000000000000000     
  0.24666666666666667        1.0000000000000000     
  0.25000000000000000        1.0000000000000000     
  0.25333333333333335        1.0000000000000000     
  0.25666666666666671        1.0000000000000000     
  0.26000000000000001        1.0000000000000000     
  0.26333333333333336        1.0000000000000000     
  0.26666666666666666        1.0000000000000000     
  0.27000000000000002        1.0000000000000000     
  0.27333333333333337        1.0000000000000000     
  0.27666666666666667        1.0000000000000000     
  0.28000000000000003        1.0000000000000000     
  0.28333333333333333        1.0000000000000000     
  0.28666666666666668        1.0000000000000000     
  0.29000000000000004       0.99999999999999944     
  0.29333333333333333        1.0000000000000033     
  0.29666666666666669       0.99999999999998590     
  0.30000000000000004        1.0000000000000591     
  0.30333333333333334       0.99999999999976108     
  0.30666666666666670        1.0000000000009448     
  0.31000000000000000       0.99999999999635492     
  0.31333333333333335        1.0000000000137270     
  0.31666666666666671       0.99999999994956057     
  0.32000000000000001        1.0000000001807663     
  0.32333333333333336       0.99999999936846384     
  0.32666666666666666        1.0000000021496840     
  0.33000000000000002       0.99999999287483321     
  0.33333333333333337        1.0000000229819672     
  0.33666666666666667       0.99999992791278125     
  0.34000000000000002        1.0000002197312898     
  0.34333333333333338       0.99999934965249226     
  0.34666666666666668        1.0000018674394198     
  0.35000000000000003       0.99999480257108642     
  0.35333333333333333        1.0000140063857292     
  0.35666666666666669       0.99996349364965953     
  0.36000000000000004        1.0000919119854150     
  0.36333333333333334       0.99977678073498033     
  0.36666666666666670        1.0005221162960047     
  0.37000000000000005       0.99882588786304671     
  0.37333333333333335        1.0025332592669316     
  0.37666666666666671       0.99476807300269920     
  0.38000000000000000        1.0103149265008817     
  0.38333333333333336       0.98065015810668599     
  0.38666666666666671        1.0344015143739285     
  0.39000000000000001       0.94231933612334540     
  0.39333333333333337        1.0906349086125762     
  0.39666666666666667       0.86765290951264551     
  0.40000000000000002        1.1774711993811260     
  0.40333333333333338       0.78537363462731924     
  0.40666666666666668        1.2269744163754130     
  0.41000000000000003       0.80303203638902987     
  0.41333333333333339        1.1159591838864704     
  0.41666666666666669        1.0041643021352071     
  0.42000000000000004       0.87509986227698711     
  0.42333333333333334        1.1904481219062517     
  0.42666666666666669       0.84328551220662229     
  0.43000000000000005        1.0288757275400988     
  0.43333333333333335        1.1211170575143758     
  0.43666666666666670       0.81337870374634613     
  0.44000000000000000        1.1056523693151163     
  0.44333333333333336        1.0681992881595046     
  0.44666666666666671       0.81633716047106542     
  0.45000000000000001        1.1206485137403670     
  0.45333333333333337        1.0711809004257800     
  0.45666666666666672       0.81116479549969633     
  0.46000000000000002        1.0867395197886052     
  0.46333333333333337        1.1262598387017193     
  0.46666666666666667       0.81982296461605020     
  0.47000000000000003       0.98849867127069468     
  0.47333333333333338        1.1922579934709547     
  0.47666666666666668       0.90965892024206807     
  0.48000000000000004       0.84443690490837131     
  0.48333333333333334        1.1562048283889959     
  0.48666666666666669        1.1064926665150818     
  0.49000000000000005       0.80916411058218096     
  0.49333333333333335       0.93209894318474484     
  0.49666666666666670        1.2072642028923219     
  0.50000000000000000        1.0503944213054597     
  0.50333333333333341       0.78470442753728475     
  0.50666666666666671       0.94157420912414624     
  0.51000000000000001        1.2167394688317221     
  0.51333333333333342        1.0938046362291594     
  0.51666666666666672       0.79647608029625960     
  0.52000000000000002       0.84618824217017297     
  0.52333333333333332        1.1579561656507973     
  0.52666666666666673        1.2231781809844935     
  0.53000000000000003       0.94057910775560816     
  0.53333333333333333       0.73681978555534944     
  0.53666666666666674       0.90549549220999415     
  0.54000000000000004        1.2119323662956631     
  0.54333333333333333        1.2514526852087782     
  0.54666666666666675       0.97587796091986789     
  0.55000000000000004       0.71586185599378338     
  0.55333333333333334       0.76532946930837031     
  0.55666666666666675        1.0696408225776721     
  0.56000000000000005        1.3215029502661122     
  0.56333333333333335        1.2840498691105013     
  0.56666666666666665       0.99177620354173146     
  0.57000000000000006       0.68403784977370075     
  0.57333333333333336       0.59179651979942427     
  0.57666666666666666       0.77738673513290257     
  0.58000000000000007        1.1245493448325317     
  0.58333333333333337        1.4398976044617973     
  0.58666666666666667        1.5689620443200183     
  0.59000000000000008        1.4571671625687554     
  0.59333333333333338        1.1442400150713150     
  0.59666666666666668       0.72029763508493250     
  0.60000000000000009       0.27869685333683991     
  0.60333333333333339      -0.11340071141696779     
  0.60666666666666669      -0.42321900128544881     
  0.60999999999999999      -0.64620100038538064     
  0.61333333333333340      -0.79451657287461086     
  0.61666666666666670      -0.88659875112519382     
  0.62000000000000000      -0.94035010739243741     
  0.62333333333333341      -0.97001487578663348     
  0.62666666666666671      -0.98556172928481645     
  0.63000000000000000      -0.99332691554904751     
  0.63333333333333341      -0.99703428695293272     
  0.63666666666666671      -0.99873051538589075     
  0.64000000000000001      -0.99947585094691582     
  0.64333333333333342      -0.99979098219735141     
  0.64666666666666672      -0.99991940053310724     
  0.65000000000000002      -0.99996991326917706     
  0.65333333333333332      -0.99998911708382032     
  0.65666666666666673      -0.99999618195215445     
  0.66000000000000003      -0.99999869973908295     
  0.66333333333333333      -0.99999956981788174     
  0.66666666666666674      -0.99999986163639065     
  0.67000000000000004      -0.99999995670557662     
  0.67333333333333334      -0.99999998681271074     
  0.67666666666666675      -0.99999999608756140     
  0.68000000000000005      -0.99999999886878144     
  0.68333333333333335      -0.99999999968108422     
  0.68666666666666676      -0.99999999991229094     
  0.69000000000000006      -0.99999999997645772     
  0.69333333333333336      -0.99999999999383016     
  0.69666666666666666      -0.99999999999842082     
  0.70000000000000007      -0.99999999999960487     
  0.70333333333333337      -0.99999999999990363     
  0.70666666666666667      -0.99999999999997713     
  0.71000000000000008      -0.99999999999999478     
  0.71333333333333337      -0.99999999999999889     
  0.71666666666666667      -0.99999999999999989     
  0.72000000000000008       -1.0000000000000000     
  0.72333333333333338       -1.0000000000000000     
  0.72666666666666668       -1.0000000000000000     
  0.73000000000000009       -1.0000000000000000     
  0.73333333333333339       -1.0000000000000000     
  0.73666666666666669       -1.0000000000000000     
  0.74000000000000010       -1.0000000000000000     
  0.74333333333333340       -1.0000000000000000     
  0.74666666666666670       -1.0000000000000000     
  0.75000000000000000       -1.0000000000000000     
  0.75333333333333341       -1.0000000000000000     
  0.75666666666666671       -1.0000000000000000     
  0.76000000000000001       -1.0000000000000000     
  0.76333333333333342       -1.0000000000000000     
  0.76666666666666672       -1.0000000000000000     
  0.77000000000000002       -1.0000000000000000     
  0.77333333333333343       -1.0000000000000000     
  0.77666666666666673       -1.0000000000000000     
  0.78000000000000003       -1.0000000000000000     
  0.78333333333333344       -1.0000000000000000     
  0.78666666666666674      -0.99999999999999944     
  0.79000000000000004       -1.0000000000000033     
  0.79333333333333333      -0.99999999999998590     
  0.79666666666666675       -1.0000000000000591     
  0.80000000000000004      -0.99999999999976108     
  0.80333333333333334       -1.0000000000009448     
  0.80666666666666675      -0.99999999999635492     
  0.81000000000000005       -1.0000000000137270     
  0.81333333333333335      -0.99999999994956057     
  0.81666666666666676       -1.0000000001807663     
  0.82000000000000006      -0.99999999936846384     
  0.82333333333333336       -1.0000000021496840     
  0.82666666666666677      -0.99999999287483321     
  0.83000000000000007       -1.0000000229819672     
  0.83333333333333337      -0.99999992791278125     
  0.83666666666666667       -1.0000002197312898     
  0.84000000000000008      -0.99999934965249226     
  0.84333333333333338       -1.0000018674394198     
  0.84666666666666668      -0.99999480257108642     
  0.85000000000000009       -1.0000140063857292     
  0.85333333333333339      -0.99996349364965953     
  0.85666666666666669       -1.0000919119854150     
  0.86000000000000010      -0.99977678073498033     
  0.86333333333333340       -1.0005221162960047     
  0.86666666666666670      -0.99882588786304671     
  0.87000000000000011       -1.0025332592669316     
  0.87333333333333341      -0.99476807300269920     
  0.87666666666666671       -1.0103149265008817     
  0.88000000000000000      -0.98065015810668599     
  0.88333333333333341       -1.0344015143739285     
  0.88666666666666671      -0.94231933612334540     
  0.89000000000000001       -1.0906349086125762     
  0.89333333333333342      -0.86765290951264551     
  0.89666666666666672       -1.1774711993811260     
  0.90000000000000002      -0.78537363462731924     
  0.90333333333333343       -1.2269744163754130     
  0.90666666666666673      -0.80303203638902987     
  0.91000000000000003       -1.1159591838864704     
  0.91333333333333344       -1.0041643021352071     
  0.91666666666666674      -0.87509986227698711     
  0.92000000000000004       -1.1904481219062517     
  0.92333333333333334      -0.84328551220662229     
  0.92666666666666675       -1.0288757275400988     
  0.93000000000000005       -1.1211170575143758     
  0.93333333333333335      -0.81337870374634613     
  0.93666666666666676       -1.1056523693151163     
  0.94000000000000006       -1.0681992881595046     
  0.94333333333333336      -0.81633716047106542     
  0.94666666666666677       -1.1206485137403670     
  0.95000000000000007       -1.0711809004257800     
  0.95333333333333337      -0.81116479549969633     
  0.95666666666666678       -1.0867395197886052     
  0.96000000000000008       -1.1262598387017193     
  0.96333333333333337      -0.81982296461605020     
  0.96666666666666667      -0.98849867127069468     
  0.97000000000000008       -1.1922579934709547     
  0.97333333333333338      -0.90965892024206807     
  0.97666666666666668      -0.84443690490837131     
  0.98000000000000009       -1.1562048283889959     
  0.98333333333333339       -1.1064926665150818     
  0.98666666666666669      -0.80916411058218096     
  0.99000000000000010      -0.93209894318474484     
  0.99333333333333340       -1.2072642028923219     
  0.99666666666666670       -1.0503944213054597     
