   0.0000000000000000       0.80486228482844502     
   3.3333333333333335E-003  0.70155910382403130     
   6.6666666666666671E-003   1.0850244522719148     
   1.0000000000000000E-002   1.2483406775218013     
   1.3333333333333334E-002   1.1796832609078554     
   1.6666666666666666E-002  0.91325114962855580     
   2.0000000000000000E-002  0.70801456546120367     
   2.3333333333333334E-002   1.0001934305848466     
   2.6666666666666668E-002   1.1297662398220518     
   3.0000000000000002E-002  0.88954052119364868     
   3.3333333333333333E-002   1.0941780247062820     
   3.6666666666666667E-002   1.2994441238902501     
   4.0000000000000001E-002  0.90616302267781379     
   4.3333333333333335E-002  0.68071021935124687     
   4.6666666666666669E-002  0.88060158673835753     
   5.0000000000000003E-002   1.0917127071495243     
   5.3333333333333337E-002   1.2793356321595939     
   5.6666666666666671E-002   1.1178891206972998     
   6.0000000000000005E-002  0.80170448081952350     
   6.3333333333333339E-002  0.94292484644156604     
   6.6666666666666666E-002   1.0834190975632085     
   7.0000000000000007E-002  0.75190774144000838     
   7.3333333333333334E-002  0.91180607738895525     
   7.6666666666666675E-002   1.3085343147630404     
   8.0000000000000002E-002   1.2698725434260110     
   8.3333333333333343E-002  0.88476897949858035     
   8.6666666666666670E-002  0.84032857623783497     
   9.0000000000000011E-002  0.71102612479280325     
   9.3333333333333338E-002   1.0966357558612125     
   9.6666666666666679E-002   1.1437227386726516     
  0.10000000000000001        1.0701032677002724     
  0.10333333333333335       0.89226922738642855     
  0.10666666666666667        1.3736094783365165     
  0.11000000000000000       0.87992485311679836     
  0.11333333333333334       0.70251784360272829     
  0.11666666666666667       0.72388148606632763     
  0.12000000000000001        1.2349313505597352     
  0.12333333333333334        1.1275480779028546     
  0.12666666666666668        1.2486977054175485     
  0.13000000000000000       0.95545626337237111     
  0.13333333333333333       0.82260044390130616     
  0.13666666666666669        1.0547200195248336     
  0.14000000000000001       0.92352129554832596     
  0.14333333333333334       0.75039691683445497     
  0.14666666666666667       0.86179468450642283     
  0.15000000000000002        1.5015222833907536     
  0.15333333333333335        1.1803700208186780     
  0.15666666666666668       0.97434593876433317     
  0.16000000000000000       0.84525571343859907     
  0.16333333333333333       0.81110585812051250     
  0.16666666666666669       0.93303180376623573     
  0.17000000000000001       0.99050836291010669     
  0.17333333333333334        1.0309140710892863     
  0.17666666666666667       0.87217283257550426     
  0.18000000000000002        1.4112467191349287     
  0.18333333333333335        1.3215612219675588     
  0.18666666666666668       0.78836408623112741     
  0.19000000000000000       0.68431195229054576     
  0.19333333333333336       0.84036512573370592     
  0.19666666666666668        1.0458257859033553     
  0.20000000000000001       0.91292767875014391     
  0.20333333333333334        1.1454804658186759     
  0.20666666666666669        1.0748796012798736     
  0.21000000000000002        1.0997572642025559     
  0.21333333333333335        1.3875833602435015     
  0.21666666666666667       0.96105863650234113     
  0.22000000000000000       0.60291995329833259     
  0.22333333333333336       0.64173475567020544     
  0.22666666666666668        1.0825788593500258     
  0.23000000000000001        1.0951738388319305     
  0.23333333333333334       0.87625344302959585     
  0.23666666666666669        1.2132059615673678     
  0.24000000000000002        1.1744657672967953     
  0.24333333333333335        1.1943392079971105     
  0.24666666666666667        1.2248165054917133     
  0.25000000000000000       0.83834188268560850     
  0.25333333333333335       0.59180016324130613     
  0.25666666666666671       0.64989729024692167     
  0.26000000000000001        1.1332072396935675     
  0.26333333333333336        1.0583223986056072     
  0.26666666666666666       0.76816117954927454     
  0.27000000000000002        1.1944721042894975     
  0.27333333333333337        1.3331489453502117     
  0.27666666666666667        1.2887983534566640     
  0.28000000000000003        1.2148448664546652     
  0.28333333333333333       0.92682618345968160     
  0.28666666666666668       0.73709254060646046     
  0.29000000000000004       0.61910347457336035     
  0.29333333333333333       0.95493751940693228     
  0.29666666666666669       0.98682859476308726     
  0.30000000000000004       0.53936088477536948     
  0.30333333333333334       0.87396332384241182     
  0.30666666666666670        1.3241778866094625     
  0.31000000000000000        1.3770147688312524     
  0.31333333333333335        1.3544898368835776     
  0.31666666666666671        1.2015389172879514     
  0.32000000000000001        1.1785280794176964     
  0.32333333333333336       0.99706582922420273     
  0.32666666666666666       0.94970938485074496     
  0.33000000000000002        1.1033637350661123     
  0.33333333333333337       0.56345521906163087     
  0.33666666666666667       0.25865812961932688     
  0.34000000000000002       0.68726742116945327     
  0.34333333333333338       0.89460424105978509     
  0.34666666666666668       0.91344134880007888     
  0.35000000000000003       0.86848356213331346     
  0.35333333333333333        1.0255846221271903     
  0.35666666666666669        1.3553197463285769     
  0.36000000000000004        1.3637517112628759     
  0.36333333333333334        1.6346930769391994     
  0.36666666666666670        1.8221549435694180     
  0.37000000000000005        1.3012897986783210     
  0.37333333333333335        1.1711610061394129     
  0.37666666666666671        1.4467482974837707     
  0.38000000000000000        1.3747744315337223     
  0.38333333333333336        1.0463471769219250     
  0.38666666666666671       0.56666290231111327     
  0.39000000000000001       0.42112863145375229     
  0.39333333333333337       0.41759414212930990     
  0.39666666666666667        4.8234533846475275E-002
  0.40000000000000002        2.8381269994497735E-002
  0.40333333333333338        3.0823423926044383E-002
  0.40666666666666668      -0.57126386415364738     
  0.41000000000000003      -0.79453913747809279     
  0.41333333333333339      -0.54322735995797489     
  0.41666666666666669      -0.46772967041416280     
  0.42000000000000004      -0.61277979636868951     
  0.42333333333333334      -0.99098708190169338     
  0.42666666666666669       -1.0488507131530216     
  0.43000000000000005      -0.80053342610313272     
  0.43333333333333335      -0.97467371422874916     
  0.43666666666666670      -0.96401558137612975     
  0.44000000000000000      -0.66805735048384751     
  0.44333333333333336      -0.97824950925280718     
  0.44666666666666671       -1.3034106048537042     
  0.45000000000000001       -1.0980897358485453     
  0.45333333333333337      -0.84890533917514333     
  0.45666666666666672      -0.73331654049464734     
  0.46000000000000002      -0.97282651815137278     
  0.46333333333333337       -1.2475954368613549     
  0.46666666666666667       -1.0034058919945006     
  0.47000000000000003      -0.95640549876247316     
  0.47333333333333338       -1.1576057552343493     
  0.47666666666666668      -0.84399100729043364     
  0.48000000000000004      -0.70604399349032998     
  0.48333333333333334       -1.1175144069989065     
  0.48666666666666669       -1.2731952088059515     
  0.49000000000000005       -1.1209353691122825     
  0.49333333333333335      -0.86844235372186762     
  0.49666666666666670      -0.71491156442235559     
  0.50000000000000000       -1.0243111385490120     
  0.50333333333333341       -1.1764085502632651     
  0.50666666666666671      -0.92546877762746715     
  0.51000000000000001       -1.0822372687415165     
  0.51333333333333342       -1.2347662343255359     
  0.51666666666666672      -0.81595410733376328     
  0.52000000000000002      -0.68201357645235949     
  0.52333333333333332       -1.0067242697135312     
  0.52666666666666673       -1.2022744780971439     
  0.53000000000000003       -1.2360724571161184     
  0.53333333333333333      -0.99589774672453124     
  0.53666666666666674      -0.74069129190363225     
  0.54000000000000004      -0.97244770109411494     
  0.54333333333333333       -1.0709316928766939     
  0.54666666666666675      -0.81941366425393425     
  0.55000000000000004       -1.0580368456148510     
  0.55333333333333334       -1.3700418962264358     
  0.55666666666666675       -1.0480045249055245     
  0.56000000000000005      -0.72733178873881299     
  0.56333333333333335      -0.79991174017153943     
  0.56666666666666665      -0.93981550442990414     
  0.57000000000000006       -1.2088413750638378     
  0.57333333333333336       -1.1833114872521300     
  0.57666666666666666      -0.93066748326664650     
  0.58000000000000007      -0.98007306734157051     
  0.58333333333333337       -1.1653744675810904     
  0.58666666666666667      -0.70999050815753717     
  0.59000000000000008      -0.73118864062724220     
  0.59333333333333338       -1.1167804391103529     
  0.59666666666666668       -1.3856342327863680     
  0.60000000000000009       -1.0291436919213035     
  0.60333333333333339       -1.0471032008029670     
  0.60666666666666669      -0.70318448077241791     
  0.60999999999999999      -0.96706377020316192     
  0.61333333333333340      -0.96897817146828880     
  0.61666666666666670       -1.0443531070807386     
  0.62000000000000000      -0.79748808765371215     
  0.62333333333333341       -1.4155951066358441     
  0.62666666666666671       -1.2443602125792468     
  0.63000000000000000      -0.84028089848333443     
  0.63333333333333341      -0.65092463568794467     
  0.63666666666666671      -0.91480061924786837     
  0.64000000000000001       -1.0338131685506562     
  0.64333333333333342       -1.0533095696609172     
  0.64666666666666672       -1.2122766322163636     
  0.65000000000000002      -0.92005292933223393     
  0.65333333333333332       -1.2060366638740159     
  0.65666666666666673       -1.1070627232036578     
  0.66000000000000003      -0.78208966261252644     
  0.66333333333333333      -0.52244056810619555     
  0.66666666666666674       -1.0183628237963946     
  0.67000000000000004       -1.3287543705376876     
  0.67333333333333334       -1.0318459950372190     
  0.67666666666666675       -1.1540274922020948     
  0.68000000000000005       -1.0176413211099118     
  0.68333333333333335       -1.0348353618203379     
  0.68666666666666676      -0.93772359330507427     
  0.69000000000000006      -0.85204551306715226     
  0.69333333333333336      -0.66638002882432246     
  0.69666666666666666      -0.81884034039192044     
  0.70000000000000007       -1.4866882003883941     
  0.70333333333333337       -1.2335830326869459     
  0.70666666666666667      -0.97064738027190567     
  0.71000000000000008       -1.0043199253283550     
  0.71333333333333337       -1.0662802387625046     
  0.71666666666666667      -0.94610913670003505     
  0.72000000000000008      -0.69436409808978194     
  0.72333333333333338      -0.85755085387841212     
  0.72666666666666668      -0.77694058077393990     
  0.73000000000000009       -1.1232331930295658     
  0.73333333333333339       -1.5124259720979307     
  0.73666666666666669       -1.1329977941473834     
  0.74000000000000010      -0.92467518951494077     
  0.74333333333333340      -0.98703472517373936     
  0.74666666666666670       -1.1686599685663195     
  0.75000000000000000      -0.83834188268560927     
  0.75333333333333341      -0.53564362631591211     
  0.75666666666666671      -0.85720177307029310     
  0.76000000000000001      -0.88341666191170765     
  0.76333333333333342       -1.1385305660255931     
  0.76666666666666672       -1.4043337086176042     
  0.77000000000000002       -1.1664127500918633     
  0.77333333333333343       -1.0275106667741229     
  0.77666666666666673       -1.0729822552484638     
  0.78000000000000003       -1.3062890112461096     
  0.78333333333333344      -0.94177568326198624     
  0.78666666666666674      -0.41578941912546763     
  0.79000000000000004      -0.71454081344756426     
  0.79333333333333333      -0.85070529839896325     
  0.79666666666666675      -0.89872602789481937     
  0.80000000000000004       -1.1131214064136232     
  0.80333333333333334       -1.1009487693538476     
  0.80666666666666675       -1.1501927897000805     
  0.81000000000000005       -1.2092812080546518     
  0.81333333333333335       -1.5038493439575300     
  0.81666666666666676       -1.4882647774351676     
  0.82000000000000006      -0.78492268139267807     
  0.82333333333333336      -0.71521116959761688     
  0.82666666666666677      -0.95064130879867514     
  0.83000000000000007      -0.76511772743853101     
  0.83333333333333337      -0.64878623909179012     
  0.83666666666666667      -0.54732341963363851     
  0.84000000000000008      -0.62410137034337798     
  0.84333333333333338      -0.76188745662046242     
  0.84666666666666668      -0.93910799185541738     
  0.85000000000000009       -1.4499529161918365     
  0.85333333333333339       -1.3760665698371271     
  0.85666666666666669       -1.0524070935021157     
  0.86000000000000010       -1.4740435842652120     
  0.86333333333333340       -1.7746124772161664     
  0.86666666666666670       -1.6504791353560584     
  0.87000000000000011       -1.4164651635673624     
  0.87333333333333341       -1.1668235133011122     
  0.87666666666666671       -1.1587012687507805     
  0.88000000000000000      -0.93733116862770249     
  0.88333333333333341      -0.72587555590751429     
  0.88666666666666671      -0.83312323017667589     
  0.89000000000000001      -0.33398971436738822     
  0.89333333333333342       0.25283085543478512     
  0.89666666666666672       0.10659943957006650     
  0.90000000000000002        1.2578305784476381E-002
  0.90333333333333343       0.21108807018766906     
  0.90666666666666673       0.55111918090450984     
  0.91000000000000003       0.81470165331253175     
  0.91333333333333344       0.67356542803827180     
  0.91666666666666674       0.74833515849667598     
  0.92000000000000004       0.90257927245312608     
  0.92333333333333334       0.61312025040529694     
  0.92666666666666675       0.77734530328984774     
  0.93000000000000005        1.2574670597269655     
  0.93333333333333335        1.1182773073620542     
  0.93666666666666676       0.82100247510610092     
  0.94000000000000006       0.74243004256455880     
  0.94333333333333336       0.90836491346103632     
  0.94666666666666677        1.2127043407868672     
  0.95000000000000007        1.0644138743138771     
  0.95333333333333337       0.91009326165956761     
  0.95666666666666678        1.1235380140201032     
  0.96000000000000008       0.90654183973507441     
  0.96333333333333337       0.68884260487473770     
  0.96666666666666667        1.1016861699762486     
  0.97000000000000008        1.3029374346849476     
  0.97333333333333338        1.0850975169592589     
  0.97666666666666668       0.85052184641912465     
  0.98000000000000009       0.73204498249917549     
  0.98333333333333339        1.0202173647041151     
  0.98666666666666669        1.2181122353882723     
  0.99000000000000010       0.95483196033199857     
  0.99333333333333340        1.0279980283663173     
  0.99666666666666670        1.1897610108615897     
