   0.0000000000000000        1.0834124422551781     
   3.3333333333333335E-003  0.95890609788142334     
   6.6666666666666671E-003  0.89826136907999943     
   1.0000000000000000E-002  0.83947386756854459     
   1.3333333333333334E-002  0.95176311616049358     
   1.6666666666666666E-002   1.3566082049394004     
   2.0000000000000000E-002   1.2209470563555571     
   2.3333333333333334E-002  0.65972789128028653     
   2.6666666666666668E-002  0.78726273856553375     
   3.0000000000000002E-002   1.1163409234450812     
   3.3333333333333333E-002   1.0447314358771229     
   3.6666666666666667E-002   1.0222563680079004     
   4.0000000000000001E-002   1.1383467990754601     
   4.3333333333333335E-002   1.0071202721181669     
   4.6666666666666669E-002  0.98664545981170082     
   5.0000000000000003E-002  0.76525536480664602     
   5.3333333333333337E-002  0.80930339322575851     
   5.6666666666666671E-002   1.1970429354232341     
   6.0000000000000005E-002   1.4590671901059207     
   6.3333333333333339E-002  0.80918626443925312     
   6.6666666666666666E-002  0.82499657072792931     
   7.0000000000000007E-002  0.92236280475151478     
   7.3333333333333334E-002   1.0679591252960168     
   7.6666666666666675E-002  0.83351963036052978     
   8.0000000000000002E-002   1.2057125518809224     
   8.3333333333333343E-002   1.0249503914808820     
   8.6666666666666670E-002   1.2422361450126143     
   9.0000000000000011E-002  0.90279876467617293     
   9.3333333333333338E-002  0.68703216729625205     
   9.6666666666666679E-002  0.73634569750446699     
  0.10000000000000001        1.3489532198764629     
  0.10333333333333335        1.2420563002936515     
  0.10666666666666667       0.86258864121942680     
  0.11000000000000000        1.0650811897299508     
  0.11333333333333334       0.96912325034855629     
  0.11666666666666667       0.92671204985153899     
  0.12000000000000001       0.76557332774016718     
  0.12333333333333334        1.0209388094301690     
  0.12666666666666668        1.0530595214863250     
  0.13000000000000000        1.3782761463402551     
  0.13333333333333333        1.1694141338734958     
  0.13666666666666669       0.59907684118375182     
  0.14000000000000001       0.81734524663510766     
  0.14333333333333334        1.0542813822991717     
  0.14666666666666667        1.0866553584854048     
  0.15000000000000002       0.84325455022291074     
  0.15333333333333335        1.1933048641762121     
  0.15666666666666668        1.2333123763439582     
  0.16000000000000000        1.0060460729721328     
  0.16333333333333333       0.97201250292890418     
  0.16666666666666669       0.61488560398356062     
  0.17000000000000001       0.80238580845217478     
  0.17333333333333334        1.1699065453638444     
  0.17666666666666667        1.3387729354959004     
  0.18000000000000002       0.98265114701223977     
  0.18333333333333335       0.88620366476146695     
  0.18666666666666668        1.2789647495415135     
  0.19000000000000000       0.91811358098189011     
  0.19333333333333336       0.72102401191029508     
  0.19666666666666668       0.79084672945055268     
  0.20000000000000001       0.93876740608711684     
  0.20333333333333334        1.2256182186971363     
  0.20666666666666669        1.2820700814000656     
  0.21000000000000002        1.2130123022989752     
  0.21333333333333335       0.75634230968177840     
  0.21666666666666667       0.87060946221950075     
  0.22000000000000000        1.1809033859453306     
  0.22333333333333336       0.74502015804593447     
  0.22666666666666668       0.69349698719771358     
  0.23000000000000001        1.0006672467430302     
  0.23333333333333334        1.3003509796322847     
  0.23666666666666669        1.3053502326367898     
  0.24000000000000002        1.0807022690428887     
  0.24333333333333335        1.0455802092331248     
  0.24666666666666667       0.72630518061266447     
  0.25000000000000000       0.82598886548220618     
  0.25333333333333335        1.1238125105946515     
  0.25666666666666671       0.74663527511047922     
  0.26000000000000001       0.73290828546608933     
  0.26333333333333336        1.1509897305084253     
  0.26666666666666666        1.4465651969892439     
  0.27000000000000002        1.3050539974922382     
  0.27333333333333337       0.90589870602253608     
  0.27666666666666667       0.98909010907952799     
  0.28000000000000003       0.88625170179087709     
  0.28333333333333333       0.73599620690388357     
  0.28666666666666668        1.0016049648048755     
  0.29000000000000004       0.80034889529183084     
  0.29333333333333333       0.68089915706783188     
  0.29666666666666669        1.1056778527217395     
  0.30000000000000004        1.4512807460344752     
  0.30333333333333334        1.4253192028491504     
  0.30666666666666670       0.96861363543782186     
  0.31000000000000000       0.94272948132155510     
  0.31333333333333335        1.1768890650516568     
  0.31666666666666671       0.84596837891298193     
  0.32000000000000001       0.76591439511895310     
  0.32333333333333336       0.80348539902973914     
  0.32666666666666666       0.55603908782816081     
  0.33000000000000002       0.76426645992333697     
  0.33333333333333337        1.1829310386795382     
  0.33666666666666667        1.3885997625300950     
  0.34000000000000002        1.2308586065514364     
  0.34333333333333338       0.96492836135785742     
  0.34666666666666668        1.3401039761239211     
  0.35000000000000003        1.5079245443404852     
  0.35333333333333333        1.0270551119919928     
  0.35666666666666669       0.89854172002259014     
  0.36000000000000004       0.77973996177673699     
  0.36333333333333334       0.50166626497316824     
  0.36666666666666670       0.62049801280442629     
  0.37000000000000005       0.79018776189619433     
  0.37333333333333335       0.83771412627379305     
  0.37666666666666671       0.67936870744824618     
  0.38000000000000000       0.60988728158163852     
  0.38333333333333336        1.2507841318908772     
  0.38666666666666671        1.6254806311204073     
  0.39000000000000001        1.3286818511454124     
  0.39333333333333337        1.4076077879222801     
  0.39666666666666667        1.5547876527294104     
  0.40000000000000002        1.4333249902354683     
  0.40333333333333338        1.4997049985887472     
  0.40666666666666668        1.4950579576538880     
  0.41000000000000003        1.3160032486681481     
  0.41333333333333339       0.93320885571681611     
  0.41666666666666669       0.45262398278524685     
  0.42000000000000004       0.60904053958528903     
  0.42333333333333334       0.77865024326306842     
  0.42666666666666669       0.16965397837933160     
  0.43000000000000005      -0.21359440658995360     
  0.43333333333333335      -0.19083154519507084     
  0.43666666666666670      -0.39125007856608923     
  0.44000000000000000      -0.47660176142268795     
  0.44333333333333336      -0.46010058663678660     
  0.44666666666666671      -0.55423300160197175     
  0.45000000000000001      -0.69223526909971467     
  0.45333333333333337       -1.0671353103837233     
  0.45666666666666672       -1.1035241172302197     
  0.46000000000000002      -0.57936110179975298     
  0.46333333333333337      -0.64287257981088319     
  0.46666666666666667       -1.1226878947692387     
  0.47000000000000003       -1.0707732882423802     
  0.47333333333333338      -0.97609210453331707     
  0.47666666666666668       -1.0505697684735653     
  0.48000000000000004      -0.94056393438982810     
  0.48333333333333334      -0.88031183803237334     
  0.48666666666666669      -0.86141723463710873     
  0.49000000000000005      -0.97391290790442575     
  0.49333333333333335       -1.3423009180767067     
  0.49666666666666670       -1.1767874323713885     
  0.50000000000000000      -0.63186295748024590     
  0.50333333333333341      -0.80113141107467423     
  0.50666666666666671       -1.1661407306637772     
  0.51000000000000001       -1.0529584110727297     
  0.51333333333333342       -1.0323458979226781     
  0.51666666666666672       -1.1070338327391192     
  0.52000000000000002      -0.98329117924670262     
  0.52333333333333332      -0.91186314844854743     
  0.52666666666666673      -0.80345498353802758     
  0.53000000000000003      -0.89461379863023038     
  0.53333333333333333       -1.3351636064690977     
  0.53666666666666674       -1.2996910359499081     
  0.54000000000000004      -0.72085107334223464     
  0.54333333333333333      -0.78222021830510202     
  0.54666666666666675       -1.0554434356811588     
  0.55000000000000004       -1.0164233134118630     
  0.55333333333333334      -0.95921422384866262     
  0.55666666666666675       -1.1895020865413817     
  0.56000000000000005       -1.0540410287524911     
  0.56333333333333335       -1.0844984551597137     
  0.56666666666666665      -0.75418383721243254     
  0.57000000000000006      -0.74347222482989195     
  0.57333333333333336      -0.99081515751324489     
  0.57666666666666666       -1.5261388228692239     
  0.58000000000000007      -0.93583158435957059     
  0.58333333333333337      -0.90547363358095956     
  0.58666666666666667      -0.91497933808840970     
  0.59000000000000008       -1.0665039981372306     
  0.59333333333333338      -0.73236839706487855     
  0.59666666666666668       -1.0535062182304278     
  0.60000000000000009       -1.0831223343226721     
  0.60333333333333339       -1.2400921941984815     
  0.60666666666666669       -1.1876957090269324     
  0.60999999999999999      -0.72799358740805653     
  0.61333333333333340      -0.66014898018848001     
  0.61666666666666670       -1.0004484645842155     
  0.62000000000000000       -1.3290145677287817     
  0.62333333333333341      -0.86488442813377908     
  0.62666666666666671       -1.0966715862836405     
  0.63000000000000000       -1.1723185200369977     
  0.63333333333333341       -1.0141054943922621     
  0.63666666666666671      -0.79492696793688822     
  0.64000000000000001      -0.74704314246260328     
  0.64333333333333342      -0.94714448569848109     
  0.64666666666666672       -1.1249459864505789     
  0.65000000000000002       -1.4643251116133382     
  0.65333333333333332      -0.93460594000868624     
  0.65666666666666673      -0.77912253859435088     
  0.66000000000000003       -1.0485678950289719     
  0.66333333333333333      -0.99217077839245393     
  0.66666666666666674      -0.78070122823771482     
  0.67000000000000004      -0.78717747134319060     
  0.67333333333333334       -1.2984162136224164     
  0.67666666666666675       -1.2187875037442297     
  0.68000000000000005       -1.1713007939810944     
  0.68333333333333335       -1.0053745971045611     
  0.68666666666666676      -0.61961848793728547     
  0.69000000000000006      -0.86997251180271495     
  0.69333333333333336       -1.0698908618637490     
  0.69666666666666666       -1.0452677211117103     
  0.70000000000000007      -0.82245025582481734     
  0.70333333333333337       -1.1500066449141768     
  0.70666666666666667       -1.4914294774370087     
  0.71000000000000008      -0.97830302989639428     
  0.71333333333333337      -0.80837846855222240     
  0.71666666666666667      -0.76069072141956295     
  0.72000000000000008      -0.78410626633354441     
  0.72333333333333338       -1.0302150917443422     
  0.72666666666666668       -1.1140170496578303     
  0.73000000000000009       -1.1257460294013510     
  0.73333333333333339      -0.93446540670099731     
  0.73666666666666669       -1.2517796136183432     
  0.74000000000000010       -1.3913694382783168     
  0.74333333333333340      -0.72177860190788634     
  0.74666666666666670      -0.59828409705935770     
  0.75000000000000000      -0.82598886548220873     
  0.75333333333333341      -0.99579142704134482     
  0.75666666666666671       -1.0704368824357222     
  0.76000000000000001       -1.0435754547015232     
  0.76333333333333342       -1.2045603495268737     
  0.76666666666666672       -1.0806796240579597     
  0.77000000000000002       -1.1799752148339231     
  0.77333333333333343       -1.3264187684826521     
  0.77666666666666673      -0.70389517538111956     
  0.78000000000000003      -0.48945458217909593     
  0.78333333333333344      -0.84591494770382125     
  0.78666666666666674       -1.0536411236753154     
  0.79000000000000004       -1.0350581676944082     
  0.79333333333333333      -0.89025855310477597     
  0.79666666666666675       -1.1812894265046987     
  0.80000000000000004       -1.3349635957721708     
  0.80333333333333334       -1.1708982111879955     
  0.80666666666666675       -1.3174804853912774     
  0.81000000000000005      -0.99087055050072503     
  0.81333333333333335      -0.51754280344742987     
  0.81666666666666676      -0.72679744656989509     
  0.82000000000000006      -0.95456404208780432     
  0.82333333333333336      -0.92347083078141134     
  0.82666666666666677      -0.68454875608673260     
  0.83000000000000007      -0.77947479703232314     
  0.83333333333333337       -1.3487466629336977     
  0.83666666666666667       -1.3684414870665478     
  0.84000000000000008       -1.2733804286082777     
  0.84333333333333338       -1.4191181991074659     
  0.84666666666666668       -1.0814050519563929     
  0.85000000000000009      -0.88685398295005935     
  0.85333333333333339       -1.0653457399571733     
  0.85666666666666669       -1.0056786166232747     
  0.86000000000000010      -0.70943785760423028     
  0.86333333333333340      -0.30581613822003006     
  0.86666666666666670      -0.46518937332319232     
  0.87000000000000011      -0.99614538819945131     
  0.87333333333333341      -0.88132619107110666     
  0.87666666666666671      -0.83542308874463911     
  0.88000000000000000       -1.1733285215702487     
  0.88333333333333341       -1.1770477171582014     
  0.88666666666666671       -1.3165063609603365     
  0.89000000000000001       -1.6657694534673053     
  0.89333333333333342       -1.7327148557297893     
  0.89666666666666672       -1.5567517588245843     
  0.90000000000000002       -1.1674941046816778     
  0.90333333333333343       -1.1825444778627869     
  0.90666666666666673       -1.5403941874225151     
  0.91000000000000003       -1.1522980152070916     
  0.91333333333333344      -0.60595204879261499     
  0.91666666666666674      -0.57210074068517158     
  0.92000000000000004      -0.33915957206393799     
  0.92333333333333334       -8.6031050754369898E-002
  0.92666666666666675       -9.2510010596562151E-002
  0.93000000000000005        3.4703826668331779E-002
  0.93333333333333335       0.26164427871056800     
  0.93666666666666676       0.66656226928655471     
  0.94000000000000006       0.88162792277611779     
  0.94333333333333336       0.45255973775493241     
  0.94666666666666677       0.40432217097906348     
  0.95000000000000007       0.94340321770493563     
  0.95333333333333337       0.99833733451426676     
  0.95666666666666678       0.87862406341715227     
  0.96000000000000008       0.99685682753297711     
  0.96333333333333337       0.92030724775289241     
  0.96666666666666667       0.83225572417726601     
  0.97000000000000008       0.84904616342752992     
  0.97333333333333338       0.95989985956082524     
  0.97666666666666668        1.3027050256418331     
  0.98000000000000009        1.1782198114986877     
  0.98333333333333339       0.63073746583210011     
  0.98666666666666669       0.78083445287492470     
  0.99000000000000010        1.1873974514086136     
  0.99333333333333340        1.0744215564929267     
  0.99666666666666670        1.0190127455646447     
