   0.0000000000000000        1.0929265106371029     
   3.3333333333333335E-003   1.4129994087776312     
   6.6666666666666671E-003   1.0002123572122790     
   1.0000000000000000E-002  0.81493575418769693     
   1.3333333333333334E-002  0.97738995133618278     
   1.6666666666666666E-002  0.91963887616439055     
   2.0000000000000000E-002  0.94124845415575364     
   2.3333333333333334E-002   1.0431907735404751     
   2.6666666666666668E-002   1.1184182667232569     
   3.0000000000000002E-002   1.2572030512401635     
   3.3333333333333333E-002  0.96056530141676888     
   3.6666666666666667E-002  0.56313438864516452     
   4.0000000000000001E-002  0.91269065907189206     
   4.3333333333333335E-002   1.2641397076405789     
   4.6666666666666669E-002   1.0658919291041618     
   5.0000000000000003E-002   1.0236407704577046     
   5.3333333333333337E-002   1.0872549318952831     
   5.6666666666666671E-002  0.95847861110515309     
   6.0000000000000005E-002  0.89534920746144708     
   6.3333333333333339E-002  0.79665944565938451     
   6.6666666666666666E-002  0.86764147965278249     
   7.0000000000000007E-002   1.3318559176703710     
   7.3333333333333334E-002   1.3388667798159735     
   7.6666666666666675E-002  0.82207097675631047     
   8.0000000000000002E-002  0.80211567547042861     
   8.3333333333333343E-002   1.0152886441133750     
   8.6666666666666670E-002  0.90923395470065227     
   9.0000000000000011E-002  0.90933597673336519     
   9.3333333333333338E-002   1.0823117317222934     
   9.6666666666666679E-002   1.1427593322413352     
  0.10000000000000001        1.2698356980204279     
  0.10333333333333335        1.0300048894229674     
  0.10666666666666667       0.61100913726932471     
  0.11000000000000000       0.73251680047307444     
  0.11333333333333334        1.2248146486320897     
  0.11666666666666667        1.0371788007053757     
  0.12000000000000001        1.0125722872642182     
  0.12333333333333334        1.1196175063738474     
  0.12666666666666668        1.2318656708426716     
  0.13000000000000000       0.89684023374278987     
  0.13333333333333333       0.93205681097606619     
  0.13666666666666669       0.56121011603910509     
  0.14000000000000001       0.95503801069409378     
  0.14333333333333334        1.2166041775921526     
  0.14666666666666667        1.3567235335673347     
  0.15000000000000002       0.80694890432909361     
  0.15333333333333335        1.1510208488838658     
  0.15666666666666668        1.0955805006829591     
  0.16000000000000000       0.89922485260535157     
  0.16333333333333333       0.68828157111167909     
  0.16666666666666669       0.80587995224245412     
  0.17000000000000001       0.99125628421706047     
  0.17333333333333334        1.2054669320865685     
  0.17666666666666667        1.4442235334013169     
  0.18000000000000002       0.89130642941463023     
  0.18333333333333335       0.95042716833359031     
  0.18666666666666668        1.0689993266181907     
  0.19000000000000000        1.0216951570173742     
  0.19333333333333336       0.59841293702049259     
  0.19666666666666668       0.72071756921375951     
  0.20000000000000001        1.1073239141963329     
  0.20333333333333334        1.1066818525129025     
  0.20666666666666669        1.3900316788109368     
  0.21000000000000002        1.1421912625088031     
  0.21333333333333335       0.95136911719824735     
  0.21666666666666667       0.94755695436306486     
  0.22000000000000000        1.1187314742930896     
  0.22333333333333336       0.86053464383016054     
  0.22666666666666668       0.41606077748524861     
  0.23000000000000001       0.89294620299296812     
  0.23333333333333334        1.1135329791577271     
  0.23666666666666669        1.2055095867955012     
  0.24000000000000002        1.2367920642292816     
  0.24333333333333335        1.1599133822909538     
  0.24666666666666667        1.1254113352484869     
  0.25000000000000000        1.0330104653778531     
  0.25333333333333335        1.2414304586827958     
  0.25666666666666671       0.76978480201517374     
  0.26000000000000001       0.38154993845099894     
  0.26333333333333336       0.77448448912464563     
  0.26666666666666666       0.97923969637332697     
  0.27000000000000002        1.0437805681358239     
  0.27333333333333337       0.95651126375679318     
  0.27666666666666667        1.1648127228306211     
  0.28000000000000003        1.3107090516450315     
  0.28333333333333333        1.2545098283044072     
  0.28666666666666668        1.5359537162922468     
  0.29000000000000004        1.1640559129311756     
  0.29333333333333333       0.67212719200461590     
  0.29666666666666669       0.78084841219579493     
  0.30000000000000004       0.89174256924312156     
  0.30333333333333334       0.81554360682413729     
  0.30666666666666670       0.43120916942957749     
  0.31000000000000000       0.52632285787218980     
  0.31333333333333335       0.85929626783941282     
  0.31666666666666671       0.84561161548982555     
  0.32000000000000001        1.2497171131431113     
  0.32333333333333336        1.4244380485465360     
  0.32666666666666666        1.1937587149611151     
  0.33000000000000002        1.3201681214677914     
  0.33333333333333337        1.6133968607103826     
  0.33666666666666667        1.8492570538007123     
  0.34000000000000002        1.4811386148497108     
  0.34333333333333338        1.0608467320971056     
  0.34666666666666668        1.2307086650985708     
  0.35000000000000003        1.0240495623897321     
  0.35333333333333333       0.77057731720430744     
  0.35666666666666669       0.76933039511028500     
  0.36000000000000004       0.36456630156812608     
  0.36333333333333334       -4.0801411732474771E-002
  0.36666666666666670      -0.22128929454726187     
  0.37000000000000005       -8.9327284825844677E-002
  0.37333333333333335       -1.4040776030690955E-002
  0.37666666666666671      -0.61329364527387131     
  0.38000000000000000      -0.85234487646818458     
  0.38333333333333336      -0.62462579648722194     
  0.38666666666666671      -0.78182128421203778     
  0.39000000000000001      -0.78657508254735886     
  0.39333333333333337      -0.70306112097363482     
  0.39666666666666667      -0.88122256079082539     
  0.40000000000000002       -1.0643340012056710     
  0.40333333333333338       -1.2047457082691384     
  0.40666666666666668      -0.87401602664295985     
  0.41000000000000003      -0.58433981285008463     
  0.41333333333333339       -1.0504736476966918     
  0.41666666666666669       -1.2170766718106483     
  0.42000000000000004      -0.97728146974416041     
  0.42333333333333334       -1.0379255437720902     
  0.42666666666666669      -0.98059836818936397     
  0.43000000000000005      -0.86393722206905055     
  0.43333333333333335      -0.89146902202792588     
  0.43666666666666670       -1.0017570428699569     
  0.44000000000000000       -1.3166285164872182     
  0.44333333333333336       -1.1422593969100090     
  0.44666666666666671      -0.63181794383843137     
  0.45000000000000001      -0.85448626729251931     
  0.45333333333333337       -1.1613173636072294     
  0.45666666666666672       -1.0347579962895286     
  0.46000000000000002       -1.0702654113574983     
  0.46333333333333337       -1.0761825449882223     
  0.46666666666666667      -0.96380218622694136     
  0.47000000000000003      -0.88163898798299789     
  0.47333333333333338      -0.76294786863169606     
  0.47666666666666668       -1.0838604166390626     
  0.48000000000000004       -1.4202175161021113     
  0.48333333333333334      -0.99017732841377260     
  0.48666666666666669      -0.71587118998334509     
  0.49000000000000005      -0.96998287730769051     
  0.49333333333333335      -0.98911460443976884     
  0.49666666666666670      -0.98072236748479935     
  0.50000000000000000       -1.1025306690229275     
  0.50333333333333341       -1.1116697031712397     
  0.50666666666666671       -1.1277295635261875     
  0.51000000000000001      -0.87131117417809412     
  0.51333333333333342      -0.60307840229865373     
  0.51666666666666672       -1.0371862273749244     
  0.52000000000000002       -1.3646134684281228     
  0.52333333333333332       -1.0375556361673459     
  0.52666666666666673      -0.93039507871098293     
  0.53000000000000003       -1.0212278235163332     
  0.53333333333333333      -0.89506013968399656     
  0.53666666666666674      -0.87747923404833106     
  0.54000000000000004      -0.92843218886149703     
  0.54333333333333333       -1.0703246852808639     
  0.54666666666666675       -1.3605854708653438     
  0.55000000000000004       -1.1186548169300294     
  0.55333333333333334      -0.62450480251859941     
  0.55666666666666675      -0.82326590293118196     
  0.56000000000000005       -1.1221893249795012     
  0.56333333333333335      -0.98378706994473542     
  0.56666666666666665       -1.0228795712233012     
  0.57000000000000006       -1.1753506027739768     
  0.57333333333333336       -1.1066304324821361     
  0.57666666666666666       -1.0115056028378726     
  0.58000000000000007      -0.76846017238763309     
  0.58333333333333337      -0.65247570199531657     
  0.58666666666666667       -1.1120777157896959     
  0.59000000000000008       -1.3736778675312145     
  0.59333333333333338       -1.0055209205706961     
  0.59666666666666668      -0.94050302052653945     
  0.60000000000000009       -1.1077319775078383     
  0.60333333333333339      -0.94289741794370863     
  0.60666666666666669      -0.75042314425256229     
  0.60999999999999999      -0.87377801299618474     
  0.61333333333333340      -0.96106864528397207     
  0.61666666666666670       -1.3111507518010443     
  0.62000000000000000       -1.3117833091272524     
  0.62333333333333341      -0.94211816002901616     
  0.62666666666666671      -0.67095918103914975     
  0.63000000000000000       -1.1102989913725005     
  0.63333333333333341      -0.88525012115904633     
  0.63666666666666671      -0.83110749559216879     
  0.64000000000000001      -0.88860533693640742     
  0.64333333333333342       -1.3576393578547852     
  0.64666666666666672       -1.1378892025063272     
  0.65000000000000002       -1.2772787624638962     
  0.65333333333333332      -0.76300418465087416     
  0.65666666666666673      -0.73004594286757141     
  0.66000000000000003      -0.86584431399651274     
  0.66333333333333333       -1.1545417184445699     
  0.66666666666666674      -0.81108465458824297     
  0.67000000000000004      -0.92226377579655350     
  0.67333333333333334       -1.3962842788552363     
  0.67666666666666675       -1.2510868152450210     
  0.68000000000000005       -1.0826330697425215     
  0.68333333333333335      -0.77125780301497671     
  0.68666666666666676      -0.81273213151708124     
  0.69000000000000006      -0.71477627105703267     
  0.69333333333333336       -1.1109304260341555     
  0.69666666666666666       -1.0069361630962061     
  0.70000000000000007      -0.82015315113017873     
  0.70333333333333337       -1.2475913280755646     
  0.70666666666666667       -1.4247615280697221     
  0.71000000000000008       -1.2307158567873380     
  0.71333333333333337      -0.71820326276148083     
  0.71666666666666667      -0.86622874008143969     
  0.72000000000000008      -0.80299802301909440     
  0.72333333333333338      -0.79859869101887515     
  0.72666666666666668       -1.0245258051379944     
  0.73000000000000009      -0.84070196639225336     
  0.73333333333333339      -0.97912072715113951     
  0.73666666666666669       -1.2692521934059868     
  0.74000000000000010       -1.5732961916621357     
  0.74333333333333340       -1.1393963031871621     
  0.74666666666666670      -0.75642909884811704     
  0.75000000000000000       -1.0330104653778538     
  0.75333333333333341      -0.87244822228242591     
  0.75666666666666671      -0.79030188111896715     
  0.76000000000000001      -0.71805406588385579     
  0.76333333333333342      -0.71074188251415904     
  0.76666666666666672      -0.84482744436674495     
  0.77000000000000002       -1.0960248047365388     
  0.77333333333333343       -1.5649762914095400     
  0.77666666666666673       -1.2267486756419059     
  0.78000000000000003      -0.99497560037104138     
  0.78333333333333344       -1.3358380425860374     
  0.78666666666666674       -1.3027878618554780     
  0.79000000000000004       -1.0755313186526414     
  0.79333333333333333      -0.70685704126339921     
  0.79666666666666675      -0.63993893663313350     
  0.80000000000000004      -0.60457180617696071     
  0.80333333333333334      -0.52932501294169620     
  0.80666666666666675      -0.94372665844323700     
  0.81000000000000005      -0.83324174383252747     
  0.81333333333333335      -0.60302907273829998     
  0.81666666666666676       -1.0247809808084452     
  0.82000000000000006       -1.4410437534710046     
  0.82333333333333336       -1.6175747667028311     
  0.82666666666666677       -1.3845760617297833     
  0.83000000000000007       -1.3891606298883008     
  0.83333333333333337       -1.6186015630561716     
  0.83666666666666667       -1.3829969064678240     
  0.84000000000000008       -1.4477580762408786     
  0.84333333333333338       -1.4263812899124908     
  0.84666666666666668      -0.84269200086557838     
  0.85000000000000009      -0.55371970425493300     
  0.85333333333333339      -0.55174298614329897     
  0.85666666666666669      -0.62829521484765427     
  0.86000000000000010      -0.29813362781043873     
  0.86333333333333340       0.31069879128553896     
  0.86666666666666670       0.26809598436428023     
  0.87000000000000011       0.30278604245555896     
  0.87333333333333341       0.57494726583421685     
  0.87666666666666671       0.43579429892903743     
  0.88000000000000000       0.55313385460515252     
  0.88333333333333341       0.89859774758288824     
  0.88666666666666671        1.0455672875601527     
  0.89000000000000001       0.92783629507047050     
  0.89333333333333342       0.56364711399039846     
  0.89666666666666672       0.79411508931156427     
  0.90000000000000002        1.2264377217182600     
  0.90333333333333343        1.0024893965543453     
  0.90666666666666673       0.95080683779456054     
  0.91000000000000003        1.0486817036479348     
  0.91333333333333344       0.84762988660764860     
  0.91666666666666674       0.85426372969259456     
  0.92000000000000004        1.0109369728269595     
  0.92333333333333334        1.2273601698536618     
  0.92666666666666675        1.2128347155232038     
  0.93000000000000005       0.70743190717265469     
  0.93333333333333335       0.73623093045741261     
  0.93666666666666676        1.1888846671553086     
  0.94000000000000006        1.0897883989691650     
  0.94333333333333336        1.0070466887360392     
  0.94666666666666677        1.0945680732151171     
  0.95000000000000007       0.94950031376485022     
  0.95333333333333337       0.86662382184604903     
  0.95666666666666678       0.84094297392981232     
  0.96000000000000008        1.0545238815678926     
  0.96333333333333337        1.3905273903913902     
  0.96666666666666667        1.0293073479597166     
  0.97000000000000008       0.64566376025916661     
  0.97333333333333338       0.95097105664396986     
  0.97666666666666668        1.0782252792659337     
  0.98000000000000009       0.99685250182973939     
  0.98333333333333339        1.1077246796243088     
  0.98666666666666669        1.0901827390208731     
  0.99000000000000010        1.0263582972980907     
  0.99333333333333340       0.86159739812586145     
  0.99666666666666670       0.67939266187841307     
