   0.0000000000000000       0.90675287505591884     
   3.3333333333333335E-003  0.71978462192067028     
   6.6666666666666671E-003  0.70445732814212059     
   1.0000000000000000E-002  0.73790808220789250     
   1.3333333333333334E-002   1.2511932096540364     
   1.6666666666666666E-002   1.2951812148472275     
   2.0000000000000000E-002   1.1266906829256711     
   2.3333333333333334E-002   1.3221347238948289     
   2.6666666666666668E-002   1.2752847461403252     
   3.0000000000000002E-002   1.2057597824066828     
   3.3333333333333333E-002  0.79587276167868648     
   3.6666666666666667E-002  0.54922482807891060     
   4.0000000000000001E-002  0.82016132207503478     
   4.3333333333333335E-002  0.66636163620578714     
   4.6666666666666669E-002  0.58532364897335709     
   5.0000000000000003E-002  0.72889248359954906     
   5.3333333333333337E-002  0.96751178629004531     
   5.6666666666666671E-002   1.4077881264558820     
   6.0000000000000005E-002   1.3094106815679250     
   6.3333333333333339E-002   1.2844066314980307     
   6.6666666666666666E-002   1.6467239465947106     
   7.0000000000000007E-002   1.6239317258402777     
   7.3333333333333334E-002   1.5036903471837755     
   7.6666666666666675E-002   1.2081640610849804     
   8.0000000000000002E-002  0.95136068278480512     
   8.3333333333333343E-002   1.0855711538555499     
   8.6666666666666670E-002  0.73386625562734575     
   9.0000000000000011E-002  0.22233286943021491     
   9.3333333333333338E-002  0.10994087434789611     
   9.6666666666666679E-002  -5.6490264809807539E-002
  0.10000000000000001      -0.10881116510989966     
  0.10333333333333335      -0.34705312534448357     
  0.10666666666666667      -0.79909536151345972     
  0.11000000000000000      -0.67023994083334770     
  0.11333333333333334      -0.55627584499985128     
  0.11666666666666667      -0.81131953566827741     
  0.12000000000000001      -0.90726449638428341     
  0.12333333333333334       -1.0402307742769454     
  0.12666666666666668      -0.96071555558818578     
  0.13000000000000000      -0.70290010160613636     
  0.13333333333333333      -0.98375461792514418     
  0.13666666666666669       -1.1920688879889108     
  0.14000000000000001      -0.97462034317094859     
  0.14333333333333334      -0.93006860800377644     
  0.14666666666666667      -0.88635282165421569     
  0.15000000000000002      -0.95468830492070722     
  0.15333333333333335       -1.2383998271582186     
  0.15666666666666668       -1.0374635785745641     
  0.16000000000000000      -0.76230475999660585     
  0.16333333333333333      -0.97948468353885043     
  0.16666666666666669       -1.0845483951712829     
  0.17000000000000001       -1.0782454859152890     
  0.17333333333333334       -1.0878895195435714     
  0.17666666666666667      -0.81802985058742217     
  0.18000000000000002      -0.83954015142440563     
  0.18333333333333335       -1.2098185705640323     
  0.18666666666666668       -1.1262323085930337     
  0.19000000000000000      -0.90781902686817650     
  0.19333333333333336      -0.93528500038963547     
  0.19666666666666668      -0.88984535366738371     
  0.20000000000000001       -1.0369502055522439     
  0.20333333333333334       -1.2562487471165769     
  0.20666666666666669      -0.96925354342466907     
  0.21000000000000002      -0.75658751107725486     
  0.21333333333333335      -0.99762918880641827     
  0.21666666666666667       -1.0827499452170188     
  0.22000000000000000       -1.0753160027157718     
  0.22333333333333336       -1.1182548618811250     
  0.22666666666666668      -0.86038049557590979     
  0.23000000000000001      -0.76502135819163430     
  0.23333333333333334       -1.1290388741427113     
  0.23666666666666669       -1.2023983972503649     
  0.24000000000000002      -0.97281272119192652     
  0.24333333333333335      -0.95378146316907053     
  0.24666666666666667      -0.89423786600457511     
  0.25000000000000000      -0.86287092032776080     
  0.25333333333333335       -1.1741915057803736     
  0.25666666666666671       -1.2341900528642376     
  0.26000000000000001      -0.87573903937433628     
  0.26333333333333336      -0.82212924605044024     
  0.26666666666666666      -0.99302871506949941     
  0.27000000000000002      -0.99312380220932894     
  0.27333333333333337       -1.1162029599155221     
  0.27666666666666667       -1.2045704362776422     
  0.28000000000000003      -0.88061867398372717     
  0.28333333333333333      -0.72659456997433747     
  0.28666666666666668       -1.0285955819753108     
  0.29000000000000004       -1.1470282278541555     
  0.29333333333333333       -1.0539491920531159     
  0.29666666666666669       -1.0973113210585657     
  0.30000000000000004      -0.96609458098395273     
  0.30333333333333334      -0.72278012201436947     
  0.30666666666666670      -0.93091224815326723     
  0.31000000000000000       -1.2485483693084678     
  0.31333333333333335       -1.1225855416582458     
  0.31666666666666671      -0.95739246309582282     
  0.32000000000000001      -0.98282386007044409     
  0.32333333333333336      -0.85312126679050770     
  0.32666666666666666      -0.81221806071965474     
  0.33000000000000002       -1.1505898220181363     
  0.33333333333333337       -1.2864364597276550     
  0.33666666666666667      -0.98993085139677239     
  0.34000000000000002      -0.85751512631399396     
  0.34333333333333338      -0.94185751276603924     
  0.34666666666666668      -0.87272343845065137     
  0.35000000000000003      -0.93076112387525822     
  0.35333333333333333       -1.2451756876374176     
  0.35666666666666669       -1.2440273310542573     
  0.36000000000000004      -0.88368499201808259     
  0.36333333333333334      -0.80974896280636699     
  0.36666666666666670      -0.94396706309409495     
  0.37000000000000005      -0.93033447633689703     
  0.37333333333333335      -0.96988920926253019     
  0.37666666666666671       -1.2773413362557133     
  0.38000000000000000       -1.2064460290533368     
  0.38333333333333336      -0.88905844520877486     
  0.38666666666666671      -0.73072524905660996     
  0.39000000000000001      -0.99575190021062276     
  0.39333333333333337      -0.88977099661521430     
  0.39666666666666667       -1.0440364951172116     
  0.40000000000000002       -1.1433959562040719     
  0.40333333333333338       -1.3828739323374613     
  0.40666666666666668      -0.81757299220461954     
  0.41000000000000003      -0.86564733383991388     
  0.41333333333333339      -0.77364866401099941     
  0.41666666666666669       -1.0689503831244411     
  0.42000000000000004      -0.79787743023491320     
  0.42333333333333334       -1.2194207615422541     
  0.42666666666666669       -1.2882341026675503     
  0.43000000000000005       -1.1538165256233603     
  0.43333333333333335      -0.82543060963438508     
  0.43666666666666670      -0.78693657465342792     
  0.44000000000000000      -0.99922506915671627     
  0.44333333333333336      -0.72488686683448900     
  0.44666666666666671      -0.99887361836373978     
  0.45000000000000001       -1.1639428250032668     
  0.45333333333333337       -1.4052689078168257     
  0.45666666666666672       -1.0661944146407500     
  0.46000000000000002      -0.87716751209553256     
  0.46333333333333337       -1.0319376570975041     
  0.46666666666666667      -0.76611661027541622     
  0.47000000000000003      -0.75193383064648900     
  0.47333333333333338      -0.74680396518326686     
  0.47666666666666668       -1.2120459905960819     
  0.48000000000000004       -1.3073602578982300     
  0.48333333333333334       -1.0645442210240978     
  0.48666666666666669       -1.2350337842480217     
  0.49000000000000005       -1.1265857481100707     
  0.49333333333333335       -1.0162182944430334     
  0.49666666666666670      -0.63114544306818210     
  0.50000000000000000      -0.59656249651356041     
  0.50333333333333341      -0.98085005400913483     
  0.50666666666666671      -0.86619905091819183     
  0.51000000000000001      -0.97686556013353198     
  0.51333333333333342       -1.1560134482085018     
  0.51666666666666672       -1.3955947463388858     
  0.52000000000000002       -1.4777231214591711     
  0.52333333333333332       -1.0160238354776649     
  0.52666666666666673       -1.0287613077127378     
  0.53000000000000003       -1.0401052109923559     
  0.53333333333333333      -0.75167317164621350     
  0.53666666666666674      -0.59772144596483101     
  0.54000000000000004      -0.43589470836875283     
  0.54333333333333333      -0.77776628083962518     
  0.54666666666666675      -0.98782734789748361     
  0.55000000000000004      -0.81454615571871714     
  0.55333333333333334       -1.1227990774725760     
  0.55666666666666675       -1.4126237108547244     
  0.56000000000000005       -1.5894107273897164     
  0.56333333333333335       -1.6034585788234419     
  0.56666666666666665       -1.3092232381651445     
  0.57000000000000006       -1.4782229774168516     
  0.57333333333333336       -1.5176633525473717     
  0.57666666666666666       -1.0511605198932661     
  0.58000000000000007      -0.80055946537183220     
  0.58333333333333337      -0.55942613320458667     
  0.58666666666666667      -0.46030181717170304     
  0.59000000000000008      -0.35186705925551820     
  0.59333333333333338       0.22376633857386205     
  0.59666666666666668       0.40182460351411964     
  0.60000000000000009       0.27183095260041185     
  0.60333333333333339       0.48140628201924823     
  0.60666666666666669       0.63876973413762117     
  0.60999999999999999       0.86318938063136619     
  0.61333333333333340       0.95245966190390252     
  0.61666666666666670       0.65224297684587162     
  0.62000000000000000       0.80252901665152088     
  0.62333333333333341        1.1231637430840169     
  0.62666666666666671        1.0055141349753181     
  0.63000000000000000       0.94564142691525299     
  0.63333333333333341       0.87355915127506412     
  0.63666666666666671       0.87511041579832749     
  0.64000000000000001        1.2042719029085733     
  0.64333333333333342        1.1100835736390902     
  0.64666666666666672       0.78459699628958524     
  0.65000000000000002       0.93418788523744345     
  0.65333333333333332        1.0596618216176359     
  0.65666666666666673        1.0770905239611333     
  0.66000000000000003        1.1168531868241223     
  0.66333333333333333       0.84138163595989590     
  0.66666666666666674       0.81268896170686900     
  0.67000000000000004        1.1874815191519070     
  0.67333333333333334        1.1377751519360222     
  0.67666666666666675       0.91931514187945063     
  0.68000000000000005       0.93635721544845119     
  0.68333333333333335       0.88757399224019939     
  0.68666666666666676        1.0392036732600041     
  0.69000000000000006        1.2525581288940422     
  0.69333333333333336       0.95358418777593035     
  0.69666666666666666       0.76039431041669914     
  0.70000000000000007        1.0169981909444934     
  0.70333333333333337        1.0903913090284867     
  0.70666666666666667        1.0746387115001617     
  0.71000000000000008        1.0891972069554852     
  0.71333333333333337       0.82788454508607412     
  0.71666666666666667       0.80846003775591424     
  0.72000000000000008        1.1854662326913352     
  0.72333333333333338        1.1740078684738604     
  0.72666666666666668       0.92428226936434443     
  0.73000000000000009       0.93321764957612918     
  0.73333333333333339       0.89830768678138828     
  0.73666666666666669       0.93867116649584315     
  0.74000000000000010        1.2305105402927197     
  0.74333333333333340        1.1427500738851373     
  0.74666666666666670       0.78266517256404344     
  0.75000000000000000       0.86287092032776058     
  0.75333333333333341        1.0626188123398417     
  0.75666666666666671        1.0452214421481736     
  0.76000000000000001        1.1334368584751280     
  0.76333333333333342        1.0858564768049632     
  0.76666666666666672       0.76229752770817383     
  0.77000000000000002       0.82492751082483484     
  0.77333333333333343        1.1801047337039572     
  0.77666666666666673        1.1488174296849072     
  0.78000000000000003       0.99076890395929151     
  0.78333333333333344        1.0008844774354422     
  0.78666666666666674       0.85885093825496839     
  0.79000000000000004       0.81441853197592284     
  0.79333333333333333        1.1593343601286070     
  0.79666666666666675        1.2631687591466583     
  0.80000000000000004       0.94614256637620442     
  0.80333333333333334       0.85223116526505405     
  0.80666666666666675       0.94921143553956189     
  0.81000000000000005       0.90380926728259992     
  0.81333333333333335        1.0355569063252166     
  0.81666666666666676        1.2796370414196567     
  0.82000000000000006        1.0796409240944875     
  0.82333333333333336       0.75183597549848202     
  0.82666666666666677       0.86210369311210655     
  0.83000000000000007        1.0413537887815192     
  0.83333333333333337        1.0145770262632401     
  0.83666666666666667        1.1280338989757310     
  0.84000000000000008        1.2120635531415043     
  0.84333333333333338       0.90223056737947060     
  0.84666666666666668       0.69398543291006654     
  0.85000000000000009       0.95126154355852510     
  0.85333333333333339        1.1434198622727842     
  0.85666666666666669        1.0640123654189440     
  0.86000000000000010        1.1133365517557088     
  0.86333333333333340        1.1267074349969532     
  0.86666666666666670       0.83377159644401266     
  0.87000000000000011       0.68759315102778162     
  0.87333333333333341        1.0146877886496628     
  0.87666666666666671        1.1944083674486425     
  0.88000000000000000        1.1017105493205710     
  0.88333333333333341        1.0481350040311814     
  0.88666666666666671        1.1269090659606591     
  0.89000000000000001       0.80280246041260550     
  0.89333333333333342       0.72944536923937764     
  0.89666666666666672       0.90968333844244731     
  0.90000000000000002        1.3064157436945789     
  0.90333333333333343        1.0375395936331475     
  0.90666666666666673        1.1512802051263780     
  0.91000000000000003       0.99518152366521750     
  0.91333333333333344        1.0472131024666402     
  0.91666666666666674       0.54280536247347888     
  0.92000000000000004       0.94867864764788701     
  0.92333333333333334        1.0624172203505380     
  0.92666666666666675        1.2742610973039505     
  0.93000000000000005        1.0081077771999301     
  0.93333333333333335        1.1629313180639489     
  0.93666666666666676        1.1059885219788363     
  0.94000000000000006       0.71922502333492522     
  0.94333333333333336       0.72972245123333135     
  0.94666666666666677       0.84358632718120785     
  0.95000000000000007        1.2495964971224349     
  0.95333333333333337        1.0027652088926968     
  0.95666666666666678        1.1775990592745864     
  0.96000000000000008        1.2614341258018127     
  0.96333333333333337        1.0804342749834268     
  0.96666666666666667       0.81031620030789164     
  0.97000000000000008       0.58627925923216551     
  0.97333333333333338       0.99332740361085670     
  0.97666666666666668       0.90593510217891737     
  0.98000000000000009       0.95632781936473055     
  0.98333333333333339        1.1649577525157508     
  0.98666666666666669        1.3302135456935558     
  0.99000000000000010        1.3655432260357085     
  0.99333333333333340       0.85447657166696300     
  0.99666666666666670       0.89221087515664121     
