   0.0000000000000000      -0.83656404345914948     
   3.3333333333333335E-003 -0.77163257030558274     
   6.6666666666666671E-003  -1.1384865549252963     
   1.0000000000000000E-002  -1.2752973329985311     
   1.3333333333333334E-002 -0.94941132987790522     
   1.6666666666666666E-002 -0.68499692016197611     
   2.0000000000000000E-002 -0.88007727579456918     
   2.3333333333333334E-002  -1.2586937790173620     
   2.6666666666666668E-002  -1.3251922345111780     
   3.0000000000000002E-002  -1.0003980206283651     
   3.3333333333333333E-002 -0.64539292734894105     
   3.6666666666666667E-002 -0.61768114045985389     
   4.0000000000000001E-002 -0.94147340951801917     
   4.3333333333333335E-002  -1.3559899925442749     
   4.6666666666666669E-002  -1.5708284836714825     
   5.0000000000000003E-002  -1.4576735566927415     
   5.3333333333333337E-002  -1.0711528321623134     
   5.6666666666666671E-002 -0.55839650461131052     
   6.0000000000000005E-002  -5.9888145067177281E-002
   6.3333333333333339E-002  0.34161659188916255     
   6.6666666666666666E-002  0.62325421384374113     
   7.0000000000000007E-002  0.80000674893401558     
   7.3333333333333334E-002  0.90093973810178596     
   7.6666666666666675E-002  0.95399468830741230     
   8.0000000000000002E-002  0.97988484670623266     
   8.3333333333333343E-002  0.99169059461322906     
   8.6666666666666670E-002  0.99674714666019404     
   9.0000000000000011E-002  0.99879008589677432     
   9.3333333333333338E-002  0.99957140377231002     
   9.6666666666666679E-002  0.99985511013270745     
  0.10000000000000001       0.99995317067251588     
  0.10333333333333335       0.99998550562931898     
  0.10666666666666667       0.99999569748468342     
  0.11000000000000000       0.99999877350542232     
  0.11333333333333334       0.99999966383389982     
  0.11666666666666667       0.99999991131192845     
  0.12000000000000001       0.99999997745573976     
  0.12333333333333334       0.99999999447329968     
  0.12666666666666668       0.99999999869225908     
  0.13000000000000000       0.99999999970108977     
  0.13333333333333333       0.99999999993395594     
  0.13666666666666669       0.99999999998588474     
  0.14000000000000001       0.99999999999708022     
  0.14333333333333334       0.99999999999941491     
  0.14666666666666667       0.99999999999988642     
  0.15000000000000002       0.99999999999997879     
  0.15333333333333335       0.99999999999999611     
  0.15666666666666668       0.99999999999999944     
  0.16000000000000000        1.0000000000000000     
  0.16333333333333333        1.0000000000000000     
  0.16666666666666669        1.0000000000000000     
  0.17000000000000001        1.0000000000000000     
  0.17333333333333334        1.0000000000000000     
  0.17666666666666667        1.0000000000000000     
  0.18000000000000002        1.0000000000000000     
  0.18333333333333335        1.0000000000000000     
  0.18666666666666668        1.0000000000000000     
  0.19000000000000000        1.0000000000000000     
  0.19333333333333336        1.0000000000000000     
  0.19666666666666668        1.0000000000000000     
  0.20000000000000001        1.0000000000000000     
  0.20333333333333334        1.0000000000000000     
  0.20666666666666669        1.0000000000000000     
  0.21000000000000002        1.0000000000000000     
  0.21333333333333335        1.0000000000000000     
  0.21666666666666667        1.0000000000000000     
  0.22000000000000000        1.0000000000000000     
  0.22333333333333336        1.0000000000000000     
  0.22666666666666668        1.0000000000000000     
  0.23000000000000001        1.0000000000000000     
  0.23333333333333334        1.0000000000000000     
  0.23666666666666669        1.0000000000000000     
  0.24000000000000002        1.0000000000000000     
  0.24333333333333335        1.0000000000000000     
  0.24666666666666667        1.0000000000000000     
  0.25000000000000000        1.0000000000000000     
  0.25333333333333335        1.0000000000000000     
  0.25666666666666671        1.0000000000000000     
  0.26000000000000001        1.0000000000000000     
  0.26333333333333336        1.0000000000000000     
  0.26666666666666666        1.0000000000000000     
  0.27000000000000002        1.0000000000000000     
  0.27333333333333337        1.0000000000000000     
  0.27666666666666667        1.0000000000000000     
  0.28000000000000003        1.0000000000000000     
  0.28333333333333333        1.0000000000000000     
  0.28666666666666668        1.0000000000000000     
  0.29000000000000004        1.0000000000000000     
  0.29333333333333333        1.0000000000000000     
  0.29666666666666669        1.0000000000000000     
  0.30000000000000004        1.0000000000000000     
  0.30333333333333334        1.0000000000000000     
  0.30666666666666670        1.0000000000000000     
  0.31000000000000000        1.0000000000000000     
  0.31333333333333335        1.0000000000000000     
  0.31666666666666671        1.0000000000000000     
  0.32000000000000001        1.0000000000000000     
  0.32333333333333336        1.0000000000000000     
  0.32666666666666666        1.0000000000000000     
  0.33000000000000002        1.0000000000000000     
  0.33333333333333337        1.0000000000000000     
  0.33666666666666667        1.0000000000000000     
  0.34000000000000002        1.0000000000000000     
  0.34333333333333338       0.99999999999999956     
  0.34666666666666668        1.0000000000000024     
  0.35000000000000003       0.99999999999998546     
  0.35333333333333333        1.0000000000000768     
  0.35666666666666669       0.99999999999960620     
  0.36000000000000004        1.0000000000019409     
  0.36333333333333334       0.99999999999074562     
  0.36666666666666670        1.0000000000426745     
  0.37000000000000005       0.99999999980980836     
  0.37333333333333335        1.0000000008186389     
  0.37666666666666671       0.99999999659968009     
  0.38000000000000000        1.0000000136172396     
  0.38333333333333336       0.99999994747342880     
  0.38666666666666671        1.0000001949514574     
  0.39000000000000001       0.99999930462297992     
  0.39333333333333337        1.0000023806437182     
  0.39666666666666667       0.99999218878835427     
  0.40000000000000002        1.0000245237451570     
  0.40333333333333338       0.99992646320534861     
  0.40666666666666668        1.0002101695657468     
  0.41000000000000003       0.99942885169021090     
  0.41333333333333339        1.0014717909267907     
  0.41666666666666669       0.99641523887982597     
  0.42000000000000004        1.0082209867868230     
  0.42333333333333334       0.98233082838800279     
  0.42666666666666669        1.0353857785936287     
  0.43000000000000005       0.93445278942585819     
  0.43333333333333335        1.1112053245161315     
  0.43666666666666670       0.82956770256155365     
  0.44000000000000000        1.2310724395178940     
  0.44333333333333336       0.73256407997376138     
  0.44666666666666671        1.2453204075247639     
  0.45000000000000001       0.85879968299433507     
  0.45333333333333337       0.97195460997307614     
  0.45666666666666672        1.1867931011002828     
  0.46000000000000002       0.77227651807402931     
  0.46333333333333337        1.0960687871321944     
  0.46666666666666667        1.1237805740212812     
  0.47000000000000003       0.76877548074185698     
  0.47333333333333338        1.0935696946246700     
  0.47666666666666668        1.1600681501184846     
  0.48000000000000004       0.78145164689569235     
  0.48333333333333334       0.97653200252828576     
  0.48666666666666669        1.2409464122442153     
  0.49000000000000005       0.91506040912358932     
  0.49333333333333335       0.77824963105035327     
  0.49666666666666670        1.1451036156700671     
  0.50000000000000000        1.2100350888236344     
  0.50333333333333341       0.83656404345914948     
  0.50666666666666671       0.77163257030558274     
  0.51000000000000001        1.1384865549252963     
  0.51333333333333342        1.2752973329985311     
  0.51666666666666672       0.94941132987790522     
  0.52000000000000002       0.68499692016197611     
  0.52333333333333332       0.88007727579456918     
  0.52666666666666673        1.2586937790173620     
  0.53000000000000003        1.3251922345111780     
  0.53333333333333333        1.0003980206283651     
  0.53666666666666674       0.64539292734894105     
  0.54000000000000004       0.61768114045985389     
  0.54333333333333333       0.94147340951801917     
  0.54666666666666675        1.3559899925442749     
  0.55000000000000004        1.5708284836714825     
  0.55333333333333334        1.4576735566927415     
  0.55666666666666675        1.0711528321623134     
  0.56000000000000005       0.55839650461131052     
  0.56333333333333335        5.9888145067177281E-002
  0.56666666666666665      -0.34161659188916255     
  0.57000000000000006      -0.62325421384374113     
  0.57333333333333336      -0.80000674893401558     
  0.57666666666666666      -0.90093973810178596     
  0.58000000000000007      -0.95399468830741230     
  0.58333333333333337      -0.97988484670623266     
  0.58666666666666667      -0.99169059461322906     
  0.59000000000000008      -0.99674714666019404     
  0.59333333333333338      -0.99879008589677432     
  0.59666666666666668      -0.99957140377231002     
  0.60000000000000009      -0.99985511013270745     
  0.60333333333333339      -0.99995317067251588     
  0.60666666666666669      -0.99998550562931898     
  0.60999999999999999      -0.99999569748468342     
  0.61333333333333340      -0.99999877350542232     
  0.61666666666666670      -0.99999966383389982     
  0.62000000000000000      -0.99999991131192845     
  0.62333333333333341      -0.99999997745573976     
  0.62666666666666671      -0.99999999447329968     
  0.63000000000000000      -0.99999999869225908     
  0.63333333333333341      -0.99999999970108977     
  0.63666666666666671      -0.99999999993395594     
  0.64000000000000001      -0.99999999998588474     
  0.64333333333333342      -0.99999999999708022     
  0.64666666666666672      -0.99999999999941491     
  0.65000000000000002      -0.99999999999988642     
  0.65333333333333332      -0.99999999999997879     
  0.65666666666666673      -0.99999999999999611     
  0.66000000000000003      -0.99999999999999944     
  0.66333333333333333       -1.0000000000000000     
  0.66666666666666674       -1.0000000000000000     
  0.67000000000000004       -1.0000000000000000     
  0.67333333333333334       -1.0000000000000000     
  0.67666666666666675       -1.0000000000000000     
  0.68000000000000005       -1.0000000000000000     
  0.68333333333333335       -1.0000000000000000     
  0.68666666666666676       -1.0000000000000000     
  0.69000000000000006       -1.0000000000000000     
  0.69333333333333336       -1.0000000000000000     
  0.69666666666666666       -1.0000000000000000     
  0.70000000000000007       -1.0000000000000000     
  0.70333333333333337       -1.0000000000000000     
  0.70666666666666667       -1.0000000000000000     
  0.71000000000000008       -1.0000000000000000     
  0.71333333333333337       -1.0000000000000000     
  0.71666666666666667       -1.0000000000000000     
  0.72000000000000008       -1.0000000000000000     
  0.72333333333333338       -1.0000000000000000     
  0.72666666666666668       -1.0000000000000000     
  0.73000000000000009       -1.0000000000000000     
  0.73333333333333339       -1.0000000000000000     
  0.73666666666666669       -1.0000000000000000     
  0.74000000000000010       -1.0000000000000000     
  0.74333333333333340       -1.0000000000000000     
  0.74666666666666670       -1.0000000000000000     
  0.75000000000000000       -1.0000000000000000     
  0.75333333333333341       -1.0000000000000000     
  0.75666666666666671       -1.0000000000000000     
  0.76000000000000001       -1.0000000000000000     
  0.76333333333333342       -1.0000000000000000     
  0.76666666666666672       -1.0000000000000000     
  0.77000000000000002       -1.0000000000000000     
  0.77333333333333343       -1.0000000000000000     
  0.77666666666666673       -1.0000000000000000     
  0.78000000000000003       -1.0000000000000000     
  0.78333333333333344       -1.0000000000000000     
  0.78666666666666674       -1.0000000000000000     
  0.79000000000000004       -1.0000000000000000     
  0.79333333333333333       -1.0000000000000000     
  0.79666666666666675       -1.0000000000000000     
  0.80000000000000004       -1.0000000000000000     
  0.80333333333333334       -1.0000000000000000     
  0.80666666666666675       -1.0000000000000000     
  0.81000000000000005       -1.0000000000000000     
  0.81333333333333335       -1.0000000000000000     
  0.81666666666666676       -1.0000000000000000     
  0.82000000000000006       -1.0000000000000000     
  0.82333333333333336       -1.0000000000000000     
  0.82666666666666677       -1.0000000000000000     
  0.83000000000000007       -1.0000000000000000     
  0.83333333333333337       -1.0000000000000000     
  0.83666666666666667       -1.0000000000000000     
  0.84000000000000008      -0.99999999999999956     
  0.84333333333333338       -1.0000000000000024     
  0.84666666666666668      -0.99999999999998546     
  0.85000000000000009       -1.0000000000000768     
  0.85333333333333339      -0.99999999999960620     
  0.85666666666666669       -1.0000000000019409     
  0.86000000000000010      -0.99999999999074562     
  0.86333333333333340       -1.0000000000426745     
  0.86666666666666670      -0.99999999980980836     
  0.87000000000000011       -1.0000000008186389     
  0.87333333333333341      -0.99999999659968009     
  0.87666666666666671       -1.0000000136172396     
  0.88000000000000000      -0.99999994747342880     
  0.88333333333333341       -1.0000001949514574     
  0.88666666666666671      -0.99999930462297992     
  0.89000000000000001       -1.0000023806437182     
  0.89333333333333342      -0.99999218878835427     
  0.89666666666666672       -1.0000245237451570     
  0.90000000000000002      -0.99992646320534861     
  0.90333333333333343       -1.0002101695657468     
  0.90666666666666673      -0.99942885169021090     
  0.91000000000000003       -1.0014717909267907     
  0.91333333333333344      -0.99641523887982597     
  0.91666666666666674       -1.0082209867868230     
  0.92000000000000004      -0.98233082838800279     
  0.92333333333333334       -1.0353857785936287     
  0.92666666666666675      -0.93445278942585819     
  0.93000000000000005       -1.1112053245161315     
  0.93333333333333335      -0.82956770256155365     
  0.93666666666666676       -1.2310724395178940     
  0.94000000000000006      -0.73256407997376138     
  0.94333333333333336       -1.2453204075247639     
  0.94666666666666677      -0.85879968299433507     
  0.95000000000000007      -0.97195460997307614     
  0.95333333333333337       -1.1867931011002828     
  0.95666666666666678      -0.77227651807402931     
  0.96000000000000008       -1.0960687871321944     
  0.96333333333333337       -1.1237805740212812     
  0.96666666666666667      -0.76877548074185698     
  0.97000000000000008       -1.0935696946246700     
  0.97333333333333338       -1.1600681501184846     
  0.97666666666666668      -0.78145164689569235     
  0.98000000000000009      -0.97653200252828576     
  0.98333333333333339       -1.2409464122442153     
  0.98666666666666669      -0.91506040912358932     
  0.99000000000000010      -0.77824963105035327     
  0.99333333333333340       -1.1451036156700671     
  0.99666666666666670       -1.2100350888236344     
