   0.0000000000000000      -0.92708254539403656     
   3.3333333333333335E-003 -0.80601129398877569     
   6.6666666666666671E-003 -0.80752094877532277     
   1.0000000000000000E-002  -1.1196371702861712     
   1.3333333333333334E-002  -1.0091594589101092     
   1.6666666666666666E-002 -0.94075115853815428     
   2.0000000000000000E-002 -0.79250263238135932     
   2.3333333333333334E-002  -1.2027075760832322     
   2.6666666666666668E-002 -0.99322348472528454     
   3.0000000000000002E-002  -1.0342310998994622     
   3.3333333333333333E-002 -0.73471632554849609     
   3.6666666666666667E-002  -1.2041163477885171     
   4.0000000000000001E-002  -1.0247826698248872     
   4.3333333333333335E-002  -1.0394900268516365     
   4.6666666666666669E-002 -0.79098993374310167     
   5.0000000000000003E-002  -1.0381501502510693     
   5.3333333333333337E-002  -1.1856837556643354     
   5.6666666666666671E-002 -0.94298100365955462     
   6.0000000000000005E-002 -0.94201110624168227     
   6.3333333333333339E-002 -0.84173797563655017     
   6.6666666666666666E-002  -1.2414896940029168     
   7.0000000000000007E-002  -1.0214105558757169     
   7.3333333333333334E-002 -0.90290062527804071     
   7.6666666666666675E-002 -0.90605442905790545     
   8.0000000000000002E-002  -1.0045406067940834     
   8.3333333333333343E-002  -1.2508460385563478     
   8.6666666666666670E-002 -0.87535963479439238     
   9.0000000000000011E-002 -0.90132016084259581     
   9.3333333333333338E-002 -0.95920339978687896     
   9.6666666666666679E-002  -1.1047807337140918     
  0.10000000000000001       -1.1773651384830406     
  0.10333333333333335      -0.78680838934494690     
  0.10666666666666667      -0.93352569940924113     
  0.11000000000000000       -1.0382365834704304     
  0.11333333333333334       -1.1193278071596755     
  0.11666666666666667       -1.1075699903866598     
  0.12000000000000001      -0.74997512299202285     
  0.12333333333333334      -0.96447185716585604     
  0.12666666666666668       -1.1128024553780360     
  0.13000000000000000       -1.0840706682576855     
  0.13333333333333333       -1.0670177843283504     
  0.13666666666666669      -0.75441126780675771     
  0.14000000000000001      -0.95717713992295839     
  0.14333333333333334       -1.1825745195866817     
  0.14666666666666667       -1.0452641809956498     
  0.15000000000000002       -1.0352621019814918     
  0.15333333333333335      -0.80277348478515487     
  0.15666666666666668      -0.89747035931917740     
  0.16000000000000000       -1.2298431917017003     
  0.16333333333333333       -1.0591614461411889     
  0.16666666666666669      -0.97847554990806140     
  0.17000000000000001      -0.88624775871375305     
  0.17333333333333334      -0.82595861542065496     
  0.17666666666666667       -1.1914813126161168     
  0.18000000000000002       -1.1635423606387709     
  0.18333333333333335      -0.92061862026648389     
  0.18666666666666668      -0.93499394105162725     
  0.19000000000000000      -0.83241425396526403     
  0.19333333333333336       -1.0306995054793575     
  0.19666666666666668       -1.2734217678257371     
  0.20000000000000001      -0.98911936818288904     
  0.20333333333333334      -0.87935181415049701     
  0.20666666666666669      -0.91264849459838571     
  0.21000000000000002      -0.88234319133146999     
  0.21333333333333335       -1.1853728983766547     
  0.21666666666666667       -1.2118354231588084     
  0.22000000000000000      -0.87675142851586652     
  0.22333333333333336      -0.88692841073579498     
  0.22666666666666668      -0.90700269712543991     
  0.23000000000000001      -0.94537231057642335     
  0.23333333333333334       -1.2509220858647752     
  0.23666666666666669       -1.1463143929740269     
  0.24000000000000002      -0.83528936066608972     
  0.24333333333333335      -0.89744701629694024     
  0.24666666666666667      -0.90131170144658179     
  0.25000000000000000      -0.96752308596870129     
  0.25333333333333335       -1.2695420355530702     
  0.25666666666666671       -1.1398037860256831     
  0.26000000000000001      -0.83902852624656576     
  0.26333333333333336      -0.89704560744235473     
  0.26666666666666666      -0.88525184289300207     
  0.27000000000000002      -0.92950112423910669     
  0.27333333333333337       -1.2543051254023982     
  0.27666666666666667       -1.2014433071874226     
  0.28000000000000003      -0.89148085807916977     
  0.28333333333333333      -0.89958053730105103     
  0.28666666666666668      -0.87156214035835089     
  0.29000000000000004      -0.82980701214759678     
  0.29333333333333333       -1.1576282517488816     
  0.29666666666666669       -1.2873150593354259     
  0.30000000000000004       -1.0169634044579394     
  0.30333333333333334      -0.94619952872649926     
  0.30666666666666670      -0.91507108425663719     
  0.31000000000000000      -0.73087271040471213     
  0.31333333333333335      -0.91720770847572941     
  0.31666666666666671       -1.2531977185691074     
  0.32000000000000001       -1.1706670532132275     
  0.32333333333333336       -1.0581219782866036     
  0.32666666666666666       -1.0816598286376766     
  0.33000000000000002      -0.83085296732798486     
  0.33333333333333337      -0.66357984832717920     
  0.33666666666666667      -0.95171552920421842     
  0.34000000000000002       -1.1373324390852899     
  0.34333333333333338       -1.0884804502015275     
  0.34666666666666668       -1.2231699325035601     
  0.35000000000000003       -1.2305563236592221     
  0.35333333333333333      -0.86229602287691376     
  0.35666666666666669      -0.71072902532098647     
  0.36000000000000004      -0.87443574142289981     
  0.36333333333333334      -0.86830929862721307     
  0.36666666666666670      -0.90640264698606132     
  0.37000000000000005       -1.2496342234904942     
  0.37333333333333335       -1.3623718054501766     
  0.37666666666666671       -1.1046175132040834     
  0.38000000000000000       -1.0113065351050701     
  0.38333333333333336       -1.0023315728076065     
  0.38666666666666671      -0.72502697270318328     
  0.39000000000000001      -0.59039715376115165     
  0.39333333333333337      -0.87393954282623154     
  0.39666666666666667       -1.0668707390804333     
  0.40000000000000002       -1.0475676181075140     
  0.40333333333333338       -1.2428365329760895     
  0.40666666666666668       -1.4600463620349893     
  0.41000000000000003       -1.2547026848627731     
  0.41333333333333339      -0.96242246900657924     
  0.41666666666666669      -0.94691863369481866     
  0.42000000000000004      -0.84354466853601595     
  0.42333333333333334      -0.53312193961770293     
  0.42666666666666669      -0.51696881144217555     
  0.43000000000000005      -0.81282429311639670     
  0.43333333333333335      -0.92479091574992989     
  0.43666666666666670      -0.93897073431251510     
  0.44000000000000000       -1.2501571254748853     
  0.44333333333333336       -1.5826854048167021     
  0.44666666666666671       -1.5341361344476541     
  0.45000000000000001       -1.4130267449767737     
  0.45333333333333337       -1.5149380145210336     
  0.45666666666666672       -1.4662029170655226     
  0.46000000000000002       -1.0645159137543145     
  0.46333333333333337      -0.75177944550080422     
  0.46666666666666667      -0.69134863725133322     
  0.47000000000000003      -0.46577151641845949     
  0.47333333333333338       -5.3284662062532406E-003
  0.47666666666666668       0.22811590554135747     
  0.48000000000000004       0.21580412149288036     
  0.48333333333333334       0.37929741615453938     
  0.48666666666666669       0.73259983306128351     
  0.49000000000000005       0.79985681056187730     
  0.49333333333333335       0.69228376964898464     
  0.49666666666666670       0.75071034576282492     
  0.50000000000000000        1.0478739917829729     
  0.50333333333333341       0.98667028203783513     
  0.50666666666666671       0.87982442362410829     
  0.51000000000000001       0.82092519463597402     
  0.51333333333333342        1.1732168841152395     
  0.51666666666666672       0.99573560676827944     
  0.52000000000000002       0.98382682795562792     
  0.52333333333333332       0.76998498065527954     
  0.52666666666666673        1.2319686772236453     
  0.53000000000000003       0.98140286982656078     
  0.53333333333333333        1.0366005675522887     
  0.53666666666666674       0.75359666768467370     
  0.54000000000000004        1.1662784548489287     
  0.54333333333333333        1.0843622547118463     
  0.54666666666666675       0.96349690505146912     
  0.55000000000000004       0.87682651519615151     
  0.55333333333333334       0.95428551740439693     
  0.55666666666666675        1.2543862058084405     
  0.56000000000000005       0.90303043373777936     
  0.56333333333333335       0.94324711382240856     
  0.56666666666666665       0.88268086372065813     
  0.57000000000000006        1.1641395891608237     
  0.57333333333333336        1.1197367973916865     
  0.57666666666666666       0.80658581566467091     
  0.58000000000000007       0.97492585192737036     
  0.58333333333333337       0.98388518571775807     
  0.58666666666666667        1.2144712899716859     
  0.59000000000000008       0.96074978663262456     
  0.59333333333333338       0.79177369416278676     
  0.59666666666666668        1.0573138120397967     
  0.60000000000000009        1.0530805794502685     
  0.60333333333333339        1.1615625775597038     
  0.60666666666666669       0.86721689000225066     
  0.60999999999999999       0.81734064928090344     
  0.61333333333333340        1.1442406775097402     
  0.61666666666666670        1.0688162839793318     
  0.62000000000000000        1.0781889316770323     
  0.62333333333333341       0.84916713211149319     
  0.62666666666666671       0.83902532560888410     
  0.63000000000000000        1.2051571171255686     
  0.63333333333333341        1.0718100821050114     
  0.63666666666666671       0.98998756654838949     
  0.64000000000000001       0.88357631424791949     
  0.64333333333333342       0.84358380363038266     
  0.64666666666666672        1.2172649623972782     
  0.65000000000000002        1.1118421788593857     
  0.65333333333333332       0.90271468507714969     
  0.65666666666666673       0.92453760265053109     
  0.66000000000000003       0.86108145334776587     
  0.66333333333333333        1.1554187563028635     
  0.66666666666666674        1.2004090023663949     
  0.67000000000000004       0.86045021150991596     
  0.67333333333333334       0.90169217983455274     
  0.67666666666666675       0.92670902539086331     
  0.68000000000000005        1.0410427616559268     
  0.68333333333333335        1.2585284885698274     
  0.68666666666666676       0.95134394312705639     
  0.69000000000000006       0.79758003730402161     
  0.69333333333333336       0.97638304620446781     
  0.69666666666666666       0.99009172120033639     
  0.70000000000000007        1.1761806805611386     
  0.70333333333333337        1.1509031626226525     
  0.70666666666666667       0.78178028673361233     
  0.71000000000000008       0.86422251258150085     
  0.71333333333333337        1.0402209416111119     
  0.71666666666666667        1.0491212015285509     
  0.72000000000000008        1.2084129811123681     
  0.72333333333333338        1.0204273782672926     
  0.72666666666666668       0.72731745096697642     
  0.73000000000000009       0.93868503158651351     
  0.73333333333333339        1.0738648747229536     
  0.73666666666666669        1.0780111461380031     
  0.74000000000000010        1.2012768751229357     
  0.74333333333333340       0.95381903618219954     
  0.74666666666666670       0.71660645157694292     
  0.75000000000000000       0.96752308596870240     
  0.75333333333333341        1.0848367856834316     
  0.75666666666666671        1.0834317661404238     
  0.76000000000000001        1.2050160407034132     
  0.76333333333333342       0.96534885427837791     
  0.76666666666666672       0.70819463175118014     
  0.77000000000000002       0.93618840322901375     
  0.77333333333333343        1.0746198792439348     
  0.77666666666666673        1.0679443396559272     
  0.78000000000000003        1.2231424106756690     
  0.78333333333333344        1.0622947589313076     
  0.78666666666666674       0.72641018359280829     
  0.79000000000000004       0.84792769089756548     
  0.79333333333333333        1.0267600438841096     
  0.79666666666666675        1.0157637108632682     
  0.80000000000000004        1.2040247168361859     
  0.80333333333333334        1.2295295753519009     
  0.80666666666666675       0.86075462498174826     
  0.81000000000000005       0.76570692706595300     
  0.81333333333333335       0.93355771055115755     
  0.81666666666666676       0.91528785026576276     
  0.82000000000000006        1.0481674542303807     
  0.82333333333333336        1.3228942655118534     
  0.82666666666666677        1.1573933930515732     
  0.83000000000000007       0.85665051453182262     
  0.83333333333333337       0.88551330078551227     
  0.83666666666666667       0.85545821904254460     
  0.84000000000000008       0.76857070073135647     
  0.84333333333333338        1.0614132068701736     
  0.84666666666666668        1.3231111327955516     
  0.85000000000000009        1.1539762467813268     
  0.85333333333333339        1.0342968042785430     
  0.85666666666666669        1.0497197412772876     
  0.86000000000000010       0.80083491574786148     
  0.86333333333333340       0.63273299988558251     
  0.86666666666666670       0.91119494476272533     
  0.87000000000000011        1.1285477746226100     
  0.87333333333333341        1.0885946756810199     
  0.87666666666666671        1.2199222382584465     
  0.88000000000000000        1.3395203437900753     
  0.88333333333333341        1.0410852792149312     
  0.88666666666666671       0.74993984305324635     
  0.89000000000000001       0.81129308795067745     
  0.89333333333333342       0.80763073341923997     
  0.89666666666666672       0.69211655086567692     
  0.90000000000000002       0.92328305907474195     
  0.90333333333333343        1.2903034546503809     
  0.90666666666666673        1.2926166564108954     
  0.91000000000000003        1.1952730590727458     
  0.91333333333333344        1.3015341241838763     
  0.91666666666666674        1.2138794865334077     
  0.92000000000000004       0.81392991366930290     
  0.92333333333333334       0.63259055301093969     
  0.92666666666666675       0.73380498355582191     
  0.93000000000000005       0.67009525983128826     
  0.93333333333333335       0.56598208546767226     
  0.93666666666666676       0.83746159612665938     
  0.94000000000000006        1.2111764529709799     
  0.94333333333333336        1.2712802026678161     
  0.94666666666666677        1.3027378961877139     
  0.95000000000000007        1.5743503800316929     
  0.95333333333333337        1.6874449858293985     
  0.95666666666666678        1.4213306892053152     
  0.96000000000000008        1.2060116987783518     
  0.96333333333333337        1.2022991256046480     
  0.96666666666666667       0.99323287925512438     
  0.97000000000000008       0.51859974649136564     
  0.97333333333333338       0.24407365870461611     
  0.97666666666666668       0.20460668988659586     
  0.98000000000000009       -2.4479925918613255E-002
  0.98333333333333339      -0.43428186438466204     
  0.98666666666666669      -0.56854240785615306     
  0.99000000000000010      -0.50114483491167827     
  0.99333333333333340      -0.61998029480019834     
  0.99666666666666670      -0.93136933381188236     
