   0.0000000000000000        1.1891419432837333     
   3.3333333333333335E-003  0.78672057169258680     
   6.6666666666666671E-003  0.74618807563355494     
   1.0000000000000000E-002  0.98808732213884454     
   1.3333333333333334E-002   1.2109420344014274     
   1.6666666666666666E-002   1.2727227332257705     
   2.0000000000000000E-002  0.90059786289735222     
   2.3333333333333334E-002  0.72770839438799950     
   2.6666666666666668E-002   1.0586647864848477     
   3.0000000000000002E-002   1.0196760248049961     
   3.3333333333333333E-002  0.84070024095364781     
   3.6666666666666667E-002   1.1694620828791142     
   4.0000000000000001E-002   1.2859115817917859     
   4.3333333333333335E-002  0.93585830923590696     
   4.6666666666666669E-002  0.76316404865217258     
   5.0000000000000003E-002  0.78340429436612202     
   5.3333333333333337E-002   1.0351394066305970     
   5.6666666666666671E-002   1.3173671478995777     
   6.0000000000000005E-002   1.1021649039018369     
   6.3333333333333339E-002  0.80819688521769362     
   6.6666666666666666E-002   1.0756474445326423     
   7.0000000000000007E-002   1.0033904877485473     
   7.3333333333333334E-002  0.72745671977093451     
   7.6666666666666675E-002  0.87870446778652733     
   8.0000000000000002E-002   1.3188884150103792     
   8.3333333333333343E-002   1.1754045367766002     
   8.6666666666666670E-002   1.1138997559414308     
   9.0000000000000011E-002  0.73106121678580704     
   9.3333333333333338E-002  0.79142203649877452     
   9.6666666666666679E-002  0.95889325662233538     
  0.10000000000000001        1.2733122320012966     
  0.10333333333333335       0.79842056168028397     
  0.10666666666666667        1.1693877231658767     
  0.11000000000000000        1.2176589827206132     
  0.11333333333333334        1.0717950225277684     
  0.11666666666666667       0.57030134063896298     
  0.12000000000000001       0.87738312088844950     
  0.12333333333333334       0.97286894265236401     
  0.12666666666666668        1.2115828798044361     
  0.13000000000000000        1.2731661033951476     
  0.13333333333333333       0.91876103857936786     
  0.13666666666666669       0.93120414244233873     
  0.14000000000000001        1.0289818563446618     
  0.14333333333333334        1.0192637322080167     
  0.14666666666666667       0.53511501602085321     
  0.15000000000000002        1.0113892639043518     
  0.15333333333333335        1.3119204914514544     
  0.15666666666666668        1.2422135286957483     
  0.16000000000000000        1.0704071978002516     
  0.16333333333333333       0.85962268373072703     
  0.16666666666666669       0.84887074471389035     
  0.17000000000000001       0.83440470762827768     
  0.17333333333333334        1.1293110749375206     
  0.17666666666666667       0.79976627707979597     
  0.18000000000000002       0.92764251120578911     
  0.18333333333333335        1.4180281448764527     
  0.18666666666666668        1.2995785340457826     
  0.19000000000000000       0.92957329919230647     
  0.19333333333333336       0.66138023312124739     
  0.19666666666666668       0.92901552369733365     
  0.20000000000000001       0.85726882511107172     
  0.20333333333333334       0.98020047522509646     
  0.20666666666666669        1.1340124977307748     
  0.21000000000000002       0.91514290705553969     
  0.21333333333333335        1.2267683644778069     
  0.21666666666666667        1.3615460508993285     
  0.22000000000000000        1.0907484659711097     
  0.22333333333333336       0.59808085027393787     
  0.22666666666666668       0.65392281781704065     
  0.23000000000000001        1.0964388824842419     
  0.23333333333333334       0.89735913492530073     
  0.23666666666666669       0.99453405197485356     
  0.24000000000000002        1.1344829880158875     
  0.24333333333333335        1.0962360603990702     
  0.24666666666666667        1.2917175886157588     
  0.25000000000000000        1.2424787615281063     
  0.25333333333333335       0.99306580034239156     
  0.25666666666666671       0.52705236244279707     
  0.26000000000000001       0.67000621125157001     
  0.26333333333333336        1.1536789286131173     
  0.26666666666666666       0.87677276067560084     
  0.27000000000000002       0.85353782378294063     
  0.27333333333333337        1.1172787207516706     
  0.27666666666666667        1.2392212943351140     
  0.28000000000000003        1.3599866115654566     
  0.28333333333333333        1.2345942000887442     
  0.28666666666666668        1.0981245512990205     
  0.29000000000000004       0.70829137667269992     
  0.29333333333333333       0.60793302099849800     
  0.29666666666666669        1.0736689193250932     
  0.30000000000000004       0.85250168282592109     
  0.30333333333333334       0.55578723089588966     
  0.30666666666666670       0.84345059704957337     
  0.31000000000000000        1.1517147242521233     
  0.31333333333333335        1.3832268710320748     
  0.31666666666666671        1.3114191801694832     
  0.32000000000000001        1.2930245962454183     
  0.32333333333333336        1.2443194035527507     
  0.32666666666666666       0.91203929056216193     
  0.33000000000000002        1.1234248678913747     
  0.33333333333333337        1.1758139632578173     
  0.33666666666666667       0.55794946149511115     
  0.34000000000000002       0.37495716480768831     
  0.34333333333333338       0.58899672770311018     
  0.34666666666666668       0.83495983245216998     
  0.35000000000000003       0.88643458646423556     
  0.35333333333333333       0.76458566451760313     
  0.35666666666666669        1.0548583446082458     
  0.36000000000000004        1.2015989860141345     
  0.36333333333333334        1.2120638986510557     
  0.36666666666666670        1.7264200607018712     
  0.37000000000000005        1.7780843040729390     
  0.37333333333333335        1.3250229241861216     
  0.37666666666666671        1.2711191447291286     
  0.38000000000000000        1.4090669429070690     
  0.38333333333333336        1.4866674972483036     
  0.38666666666666671        1.1614218148859619     
  0.39000000000000001       0.65548489894603945     
  0.39333333333333337       0.63408985149518882     
  0.39666666666666667       0.42451664847930848     
  0.40000000000000002        6.3684088491430785E-002
  0.40333333333333338       0.23414950358172265     
  0.40666666666666668        8.4467949693135647E-002
  0.41000000000000003      -0.48863388428258026     
  0.41333333333333339      -0.68593644111680319     
  0.41666666666666669      -0.59856696183086033     
  0.42000000000000004      -0.40780364246683348     
  0.42333333333333334      -0.54785744564518402     
  0.42666666666666669      -0.99470247157358116     
  0.43000000000000005      -0.92026504046271029     
  0.43333333333333335      -0.82719717499986301     
  0.43666666666666670       -1.0865049749727065     
  0.44000000000000000      -0.87216378343369039     
  0.44333333333333336      -0.65001599811409871     
  0.44666666666666671      -0.98352512608864040     
  0.45000000000000001       -1.2196272186461652     
  0.45333333333333337       -1.1745084811079138     
  0.45666666666666672      -0.89517667085659258     
  0.46000000000000002      -0.67619179561145004     
  0.46333333333333337       -1.0152069912093669     
  0.46666666666666667       -1.1847333495066352     
  0.47000000000000003      -0.92732886136181303     
  0.47333333333333338       -1.0833385043946937     
  0.47666666666666668       -1.1801060482535168     
  0.48000000000000004      -0.79025737786027472     
  0.48333333333333334      -0.74656810803431706     
  0.48666666666666669       -1.0439450161193540     
  0.49000000000000005       -1.2294502234066766     
  0.49333333333333335       -1.2245900946524901     
  0.49666666666666670      -0.86214122983417596     
  0.50000000000000000      -0.71233267396261901     
  0.50333333333333341       -1.0739851639320230     
  0.50666666666666671       -1.0661983149477789     
  0.51000000000000001      -0.88338238699673999     
  0.51333333333333342       -1.1863408780811679     
  0.51666666666666672       -1.2263030376048887     
  0.52000000000000002      -0.82713586352324353     
  0.52333333333333332      -0.73632321756506536     
  0.52666666666666673      -0.90331325918352423     
  0.53000000000000003       -1.1563895793081023     
  0.53333333333333333       -1.3080344770630952     
  0.53666666666666674      -0.97856149272239334     
  0.54000000000000004      -0.77366016063598042     
  0.54333333333333333       -1.0547112827250638     
  0.54666666666666675      -0.97673783815754878     
  0.55000000000000004      -0.75854131259349700     
  0.55333333333333334       -1.0990892388413562     
  0.55666666666666675       -1.3464806119132799     
  0.56000000000000005       -1.0666853134489180     
  0.56333333333333335      -0.85208167846131311     
  0.56666666666666665      -0.72960585376527454     
  0.57000000000000006      -0.89223686497580446     
  0.57333333333333336       -1.2016887062871713     
  0.57666666666666666       -1.1765681787656803     
  0.58000000000000007      -0.86164594101037528     
  0.58333333333333337       -1.1646971654368623     
  0.58666666666666667       -1.0955688948412845     
  0.59000000000000008      -0.76476125764935488     
  0.59333333333333338      -0.63326709666050418     
  0.59666666666666668       -1.1924406187394792     
  0.60000000000000009       -1.1443058966903987     
  0.60333333333333339       -1.2969796560695879     
  0.60666666666666669      -0.91395069441793597     
  0.60999999999999999      -0.87832043860228670     
  0.61333333333333340      -0.80363454489099662     
  0.61666666666666670       -1.1760121900598992     
  0.62000000000000000      -0.74141151972730890     
  0.62333333333333341      -0.94855721152897254     
  0.62666666666666671       -1.3225963232386659     
  0.63000000000000000       -1.3175347708208451     
  0.63333333333333341      -0.87083916357887026     
  0.63666666666666671      -0.72192582275506767     
  0.64000000000000001      -0.90709607294069505     
  0.64333333333333342      -0.85381445552513213     
  0.64666666666666672       -1.2213872990748209     
  0.65000000000000002       -1.0101795917155061     
  0.65333333333333332       -1.0295572209315580     
  0.65666666666666673       -1.1752020736990352     
  0.66000000000000003       -1.2494340360046641     
  0.66333333333333333      -0.74220286871942964     
  0.66666666666666674      -0.51188689711492130     
  0.67000000000000004       -1.0685891508070890     
  0.67333333333333334       -1.0889183375139353     
  0.67666666666666675       -1.1702642532206182     
  0.68000000000000005       -1.0937419065938279     
  0.68333333333333335       -1.0869039691565232     
  0.68666666666666676       -1.0221408032131030     
  0.69000000000000006       -1.0188553737948118     
  0.69333333333333336      -0.93959479196925488     
  0.69666666666666666      -0.46713562007430492     
  0.70000000000000007      -0.91683439174578396     
  0.70333333333333337       -1.3390922288338085     
  0.70666666666666667       -1.2307188181407129     
  0.71000000000000008       -1.0356530216282347     
  0.71333333333333337       -1.0116627160591354     
  0.71666666666666667       -1.1642970338809626     
  0.72000000000000008      -0.85673458623310139     
  0.72333333333333338      -0.87292427007062767     
  0.72666666666666668      -0.77636070468645280     
  0.73000000000000009      -0.63215305944047717     
  0.73333333333333339       -1.1723220827519794     
  0.73666666666666669       -1.3962105041201274     
  0.74000000000000010       -1.2157444904633534     
  0.74333333333333340      -0.90861664496164229     
  0.74666666666666670       -1.0610571726066498     
  0.75000000000000000       -1.2424787615281070     
  0.75333333333333341      -0.76240538433328198     
  0.75666666666666671      -0.71467177788022895     
  0.76000000000000001      -0.75126771369903100     
  0.76333333333333342      -0.75200247646784535     
  0.76666666666666672       -1.1517357085022748     
  0.77000000000000002       -1.3178236468267066     
  0.77333333333333343       -1.2397166076210762     
  0.77666666666666673      -0.96437787453842805     
  0.78000000000000003       -1.1259727318274504     
  0.78333333333333344       -1.4318432171071065     
  0.78666666666666674      -0.88301890288034734     
  0.79000000000000004      -0.58778126210000925     
  0.79333333333333333      -0.70463934140843765     
  0.79666666666666675      -0.71477716571638039     
  0.80000000000000004      -0.91206724946063589     
  0.80333333333333334       -1.0176671345189212     
  0.80666666666666675       -1.1216651558975812     
  0.81000000000000005       -1.0624326496496179     
  0.81333333333333335       -1.1057891401994040     
  0.81666666666666676       -1.6425433558894169     
  0.82000000000000006       -1.4591239916334524     
  0.82333333333333336      -0.87382142741193058     
  0.82666666666666677      -0.87164655313857820     
  0.83000000000000007      -0.88924042471256171     
  0.83333333333333337      -0.83883011565885002     
  0.83666666666666667      -0.67536927650640788     
  0.84000000000000008      -0.55398400301209516     
  0.84333333333333338      -0.65600818269982231     
  0.84666666666666668      -0.55259656193227102     
  0.85000000000000009      -0.88764425865308572     
  0.85333333333333339       -1.4508579475715719     
  0.85666666666666669       -1.2203076212911264     
  0.86000000000000010       -1.0797132026101699     
  0.86333333333333340       -1.4213422183383311     
  0.86666666666666670       -1.6784981857013748     
  0.87000000000000011       -1.7337156366472444     
  0.87333333333333341       -1.4360363676203567     
  0.87666666666666671       -1.2954308758525193     
  0.88000000000000000       -1.2730953417459305     
  0.88333333333333341      -0.88095664782736793     
  0.88666666666666671      -0.89326133724919354     
  0.89000000000000001      -0.99482344306436465     
  0.89333333333333342      -0.37865282274725054     
  0.89666666666666672        7.4042445909991289E-002
  0.90000000000000002        6.5322246819473295E-002
  0.90333333333333343       -6.0214146457855840E-004
  0.90666666666666673        7.3686990145135439E-002
  0.91000000000000003       0.52233392514613053     
  0.91333333333333344       0.70426730221694700     
  0.91666666666666674       0.58785959049112513     
  0.92000000000000004       0.86504611646683849     
  0.92333333333333334       0.84572115662433467     
  0.92666666666666675       0.52047048505734150     
  0.93000000000000005       0.80911141768996808     
  0.93333333333333335        1.1732387657672343     
  0.93666666666666676        1.1303897682163269     
  0.94000000000000006       0.90764337388660710     
  0.94333333333333336       0.67912946212780179     
  0.94666666666666677       0.91957529387788339     
  0.95000000000000007        1.1947642368735480     
  0.95333333333333337       0.96093469160253808     
  0.95666666666666678        1.0140296443457544     
  0.96000000000000008        1.1884432167672612     
  0.96333333333333337       0.82430640105265274     
  0.96666666666666667       0.71739911339718543     
  0.97000000000000008        1.0640424158649204     
  0.97333333333333338        1.2386900316960172     
  0.97666666666666668        1.1887208714305870     
  0.98000000000000009       0.86371937723438796     
  0.98333333333333339       0.70014841241343773     
  0.98666666666666669        1.0685461724396152     
  0.99000000000000010        1.1247452882645728     
  0.99333333333333340       0.90457985533826768     
  0.99666666666666670        1.1494058220736139     
