   0.0000000000000000       -1.1520769895010479     
   3.3333333333333335E-003 -0.97323763752675541     
   6.6666666666666671E-003 -0.84576079557786110     
   1.0000000000000000E-002  -1.0197313125823002     
   1.3333333333333334E-002  -1.1569273103752398     
   1.6666666666666666E-002 -0.99341846473682438     
   2.0000000000000000E-002 -0.84101948960846806     
   2.3333333333333334E-002 -0.98713935540894993     
   2.6666666666666668E-002  -1.1585108119853667     
   3.0000000000000002E-002  -1.0383922377062949     
   3.3333333333333333E-002 -0.84706082562453033     
   3.6666666666666667E-002 -0.93099105168058038     
   4.0000000000000001E-002  -1.1391955414238784     
   4.3333333333333335E-002  -1.1023941715010173     
   4.6666666666666669E-002 -0.88579794081343399     
   5.0000000000000003E-002 -0.86555612889522759     
   5.3333333333333337E-002  -1.0757467345643414     
   5.6666666666666671E-002  -1.1590587107335346     
   6.0000000000000005E-002 -0.97623024453143725     
   6.3333333333333339E-002 -0.83145255206458291     
   6.6666666666666666E-002 -0.96188762523917859     
   7.0000000000000007E-002  -1.1550298841241644     
   7.3333333333333334E-002  -1.1013397142843755     
   7.6666666666666675E-002 -0.88691733496276670     
   8.0000000000000002E-002 -0.84772837557047709     
   8.3333333333333343E-002  -1.0434061179333152     
   8.6666666666666670E-002  -1.1742722220061448     
   9.0000000000000011E-002  -1.0435758024340918     
   9.3333333333333338E-002 -0.84713421942141287     
   9.6666666666666679E-002 -0.87375769478649490     
  0.10000000000000001       -1.0834888540521126     
  0.10333333333333335       -1.1753725001057964     
  0.10666666666666667       -1.0203128765850866     
  0.11000000000000000      -0.83608592614708621     
  0.11333333333333334      -0.87519071891896572     
  0.11666666666666667       -1.0843001153780836     
  0.12000000000000001       -1.1811324972710053     
  0.12333333333333334       -1.0425220354986788     
  0.12666666666666668      -0.84402247727864699     
  0.13000000000000000      -0.84945978164664926     
  0.13333333333333333       -1.0344335026223463     
  0.13666666666666669       -1.1940459067147193     
  0.14000000000000001       -1.0934259868513152     
  0.14333333333333334      -0.91726739025656245     
  0.14666666666666667      -0.78183629260566334     
  0.15000000000000002      -0.97933740325673835     
  0.15333333333333335       -1.0892417885867787     
  0.15666666666666668       -1.2538853375774297     
  0.16000000000000000      -0.93563085104262034     
  0.16333333333333333      -0.94441487165373439     
  0.16666666666666669      -0.69310672633205395     
  0.17000000000000001       -1.1366081494433027     
  0.17333333333333334       -1.0239041508138351     
  0.17666666666666667       -1.3284334024908981     
  0.18000000000000002      -0.87918241898695582     
  0.18333333333333335      -0.92204335208743038     
  0.18666666666666668      -0.75646688198966228     
  0.19000000000000000      -0.96242332404656383     
  0.19333333333333336       -1.2194567834335504     
  0.19666666666666668       -1.1104105691730566     
  0.20000000000000001       -1.2021598231300408     
  0.20333333333333334      -0.76402590048210794     
  0.20666666666666669      -0.84758766429734922     
  0.21000000000000002      -0.84088354588538428     
  0.21333333333333335      -0.99851031369445487     
  0.21666666666666667       -1.3136041016072078     
  0.22000000000000000       -1.1001411451648424     
  0.22333333333333336       -1.1468537799383525     
  0.22666666666666668      -0.83408481759390851     
  0.23000000000000001      -0.70244411232134196     
  0.23333333333333334      -0.91326602320382666     
  0.23666666666666669      -0.88675094454231262     
  0.24000000000000002       -1.2540447030637427     
  0.24333333333333335       -1.2798349215357048     
  0.24666666666666667       -1.1058561392587138     
  0.25000000000000000       -1.1104756248076368     
  0.25333333333333335      -0.72375128585884019     
  0.25666666666666671      -0.70774586280197205     
  0.26000000000000001      -0.84186435792878311     
  0.26333333333333336      -0.82519598516795745     
  0.26666666666666666       -1.2224537548832437     
  0.27000000000000002       -1.3141596892853293     
  0.27333333333333337       -1.2322400447100361     
  0.27666666666666667       -1.3226996024571251     
  0.28000000000000003      -0.96484564897662795     
  0.28333333333333333      -0.74478033491045181     
  0.28666666666666668      -0.75189689105413160     
  0.29000000000000004      -0.51460534425086313     
  0.29333333333333333      -0.68064446344234786     
  0.29666666666666669      -0.97034037113554883     
  0.30000000000000004       -1.0030199144377125     
  0.30333333333333334       -1.3601209272362917     
  0.30666666666666670       -1.5736972084875194     
  0.31000000000000000       -1.4450853414139440     
  0.31333333333333335       -1.5611334565057042     
  0.31666666666666671       -1.4340341329934967     
  0.32000000000000001       -1.0251538167426493     
  0.32333333333333336      -0.92130026734294723     
  0.32666666666666666      -0.63021005562208465     
  0.33000000000000002      -0.15548150658575566     
  0.33333333333333337       -5.7254496629785122E-002
  0.33666666666666667       0.16438329516325623     
  0.34000000000000002       0.54967991593150789     
  0.34333333333333338       0.54663543048181062     
  0.34666666666666668       0.62505130265926345     
  0.35000000000000003       0.91623885975638841     
  0.35333333333333333       0.84986083292194903     
  0.35666666666666669       0.80660459834977927     
  0.36000000000000004        1.0458498383429780     
  0.36333333333333334       0.98733315229404206     
  0.36666666666666670       0.85515643114716688     
  0.37000000000000005        1.0576058307699983     
  0.37333333333333335        1.0630604965147170     
  0.37666666666666671       0.87120938566104156     
  0.38000000000000000        1.0137974560558578     
  0.38333333333333336        1.1129639637927597     
  0.38666666666666671       0.90519891058872215     
  0.39000000000000001       0.94506409629542032     
  0.39333333333333337        1.1297136615065690     
  0.39666666666666667       0.97488495070554793     
  0.40000000000000002       0.88312539813686231     
  0.40333333333333338        1.0929221771917135     
  0.40666666666666668        1.0663328587893173     
  0.41000000000000003       0.86990878409823402     
  0.41333333333333339        1.0006140442873530     
  0.41666666666666669        1.1314845471788031     
  0.42000000000000004       0.93580896225797860     
  0.42333333333333334       0.89662104618765892     
  0.42666666666666669        1.1110439231240756     
  0.43000000000000005        1.0573539874251237     
  0.43333333333333335       0.86421183725210837     
  0.43666666666666670       0.99464696024580879     
  0.44000000000000000        1.1394246752514152     
  0.44333333333333336       0.95659621911797943     
  0.44666666666666671       0.87328424739110933     
  0.45000000000000001        1.0834748549963296     
  0.45333333333333337        1.1037166677482337     
  0.45666666666666672       0.88712043741540658     
  0.46000000000000002       0.92392180748746378     
  0.46333333333333337        1.1321262972927870     
  0.46666666666666667        1.0481960712622322     
  0.47000000000000003       0.85686465919083066     
  0.47333333333333338       0.97698323347406923     
  0.47666666666666668        1.1483546900521406     
  0.48000000000000004        1.0022348242523094     
  0.48333333333333334       0.84983584912420695     
  0.48666666666666669        1.0133446947627198     
  0.49000000000000005        1.1505406925556949     
  0.49333333333333335       0.97657017555126990     
  0.49666666666666670       0.84909333360237949     
  0.50000000000000000        1.0279326855766759     
  0.50333333333333341        1.1520769895010481     
  0.50666666666666671       0.97323763752676051     
  0.51000000000000001       0.84576079557784956     
  0.51333333333333342        1.0197313125823311     
  0.51666666666666672        1.1569273103751618     
  0.52000000000000002       0.99341846473702244     
  0.52333333333333332       0.84101948960796691     
  0.52666666666666673       0.98713935541020370     
  0.53000000000000003        1.1585108119822691     
  0.53333333333333333        1.0383922377138601     
  0.53666666666666674       0.84706082560626528     
  0.54000000000000004       0.93099105172416452     
  0.54333333333333333        1.1391955413210995     
  0.54666666666666675        1.1023941717404893     
  0.55000000000000004       0.88579794026223024     
  0.55333333333333334       0.86555613014833532     
  0.55666666666666675        1.0757467317511715     
  0.56000000000000005        1.1590587169685795     
  0.56333333333333335       0.97623023089126193     
  0.56666666666666665       0.83145258151101664     
  0.57000000000000006       0.96188756252474406     
  0.57333333333333336        1.1550300158611475     
  0.57666666666666666        1.1013394414307942     
  0.58000000000000007       0.88691789202278892     
  0.58333333333333337       0.84772725488217249     
  0.58666666666666667        1.0434083388325361     
  0.59000000000000008        1.1742678881538813     
  0.59333333333333338        1.0435841267546386     
  0.59666666666666668       0.84711848800813827     
  0.60000000000000009       0.87378693163437859     
  0.60333333333333339        1.0834354444347678     
  0.60666666666666669        1.1754683511325252     
  0.60999999999999999        1.0201439875042522     
  0.61333333333333340       0.83637790130721745     
  0.61666666666666670       0.87469582762451625     
  0.62000000000000000        1.0851218567673380     
  0.62333333333333341        1.1797970778990718     
  0.62666666666666671        1.0446437968718612     
  0.63000000000000000       0.84073062301144141     
  0.63333333333333341       0.85443978379583230     
  0.63666666666666671        1.0270997271878601     
  0.64000000000000001        1.2045376115067066     
  0.64333333333333342        1.0788818770111732     
  0.64666666666666672       0.93674150062551398     
  0.65000000000000002       0.75675624863043778     
  0.65333333333333332        1.0102255279572478     
  0.65666666666666673        1.0531664986282738     
  0.66000000000000003        1.2933206577245546     
  0.66333333333333333       0.89619820317494137     
  0.66666666666666674       0.97880611962998010     
  0.67000000000000004       0.67025466903276387     
  0.67333333333333334        1.1407016073093643     
  0.67666666666666675        1.0451616160609747     
  0.68000000000000005        1.2777517607147353     
  0.68333333333333335       0.95871514685762771     
  0.68666666666666676       0.82065961876501381     
  0.69000000000000006       0.86563184162893736     
  0.69333333333333336       0.86532287244740802     
  0.69666666666666666        1.2825706690554721     
  0.70000000000000007        1.0994289695757906     
  0.70333333333333337        1.1533819259092128     
  0.70666666666666667       0.86428311743460395     
  0.71000000000000008       0.72138365599852561     
  0.71333333333333337       0.95503977227282044     
  0.71666666666666667       0.93573479432472140     
  0.72000000000000008        1.2991232604799396     
  0.72333333333333338        1.1912697369931682     
  0.72666666666666668        1.0108385472910388     
  0.73000000000000009       0.96048820988755712     
  0.73333333333333339       0.64182161077522570     
  0.73666666666666669       0.87669229189572750     
  0.74000000000000010        1.0078994990951859     
  0.74333333333333340        1.1048884620693831     
  0.74666666666666670        1.3805147311176318     
  0.75000000000000000        1.1104756248076353     
  0.75333333333333341       0.99840987771775913     
  0.75666666666666671       0.88269232226828853     
  0.76000000000000001       0.59571915396022967     
  0.76333333333333342       0.83525463781454212     
  0.76666666666666672       0.95100934245464208     
  0.77000000000000002        1.0561155917191134     
  0.77333333333333343        1.4089937744071646     
  0.77666666666666673        1.2782836454023097     
  0.78000000000000003        1.1638277642917272     
  0.78333333333333344        1.1226496421929388     
  0.78666666666666674       0.70842634963249873     
  0.79000000000000004       0.63410523413772224     
  0.79333333333333333       0.69733991657960270     
  0.79666666666666675       0.58098434570844504     
  0.80000000000000004       0.90028906088346028     
  0.80333333333333334        1.1879608273538751     
  0.80666666666666675        1.2195632975013773     
  0.81000000000000005        1.5418768238315690     
  0.81333333333333335        1.6253261932810559     
  0.81666666666666676        1.3973623382232985     
  0.82000000000000006        1.4237231584704293     
  0.82333333333333336        1.2045720537728675     
  0.82666666666666677       0.74700751211761629     
  0.83000000000000007       0.62183498699629280     
  0.83333333333333337       0.34295388992771420     
  0.83666666666666667      -0.11616662668446343     
  0.84000000000000008      -0.19199010924957077     
  0.84333333333333338      -0.34591659153265225     
  0.84666666666666668      -0.70406756328879239     
  0.85000000000000009      -0.69365770513008895     
  0.85333333333333339      -0.69495562490209584     
  0.85666666666666669      -0.96821908510438781     
  0.86000000000000010      -0.93473821368758558     
  0.86333333333333340      -0.82038697276718286     
  0.86666666666666670       -1.0351501499736808     
  0.87000000000000011       -1.0488766721347884     
  0.87333333333333341      -0.86243917692150118     
  0.87666666666666671       -1.0084844280614338     
  0.88000000000000000       -1.1098080965595247     
  0.88333333333333341      -0.90335967603919098     
  0.88666666666666671      -0.94401172820047052     
  0.89000000000000001       -1.1291221576525867     
  0.89333333333333342      -0.97455818695912821     
  0.89666666666666672      -0.88294789503451665     
  0.90000000000000002       -1.0928273205545949     
  0.90333333333333343       -1.0662829704133547     
  0.90666666666666673      -0.86988295145609207     
  0.91000000000000003       -1.0006008698180204     
  0.91333333333333344       -1.1314779274609572     
  0.91666666666666674      -0.93580568412765885     
  0.92000000000000004      -0.89661944580566666     
  0.92333333333333334       -1.1110431526556868     
  0.92666666666666675       -1.0573536215473009     
  0.93000000000000005      -0.86421166582570408     
  0.93333333333333335      -0.99464688098027276     
  0.93666666666666676       -1.1394246390724867     
  0.94000000000000006      -0.95659620281427160     
  0.94333333333333336      -0.87328424013561712     
  0.94666666666666677       -1.0834748518071156     
  0.95000000000000007       -1.1037166663633318     
  0.95333333333333337      -0.88712043682118025     
  0.95666666666666678      -0.92392180723548811     
  0.96000000000000008       -1.1321262971871757     
  0.96333333333333337       -1.0481960712184726     
  0.96666666666666667      -0.85686465917290355     
  0.97000000000000008      -0.97698323346680604     
  0.97333333333333338       -1.1483546900492303     
  0.97666666666666668       -1.0022348242511561     
  0.98000000000000009      -0.84983584912375498     
  0.98333333333333339       -1.0133446947625442     
  0.98666666666666669       -1.1505406925556281     
  0.99000000000000010      -0.97657017555124470     
  0.99333333333333340      -0.84909333360237027     
  0.99666666666666670       -1.0279326855766715     
