   0.0000000000000000        1.2034249130477583     
   3.3333333333333335E-003   1.0625970414541355     
   6.6666666666666671E-003  0.85553650668218240     
   1.0000000000000000E-002   1.0145982429945652     
   1.3333333333333334E-002   1.0237946361754076     
   1.6666666666666666E-002  0.66661709296204685     
   2.0000000000000000E-002   1.0492388113829110     
   2.3333333333333334E-002   1.3391204829598438     
   2.6666666666666668E-002   1.1463080865571624     
   3.0000000000000002E-002  0.71709455534737221     
   3.3333333333333333E-002  0.86681592731558144     
   3.6666666666666667E-002  0.85353869321090003     
   4.0000000000000001E-002   1.2989745992759436     
   4.3333333333333335E-002   1.0577034038487896     
   4.6666666666666669E-002  0.98815337314348339     
   5.0000000000000003E-002  0.91913694716437377     
   5.3333333333333337E-002   1.1915164933579925     
   5.6666666666666671E-002  0.62118111712312907     
   6.0000000000000005E-002  0.89491266651642232     
   6.3333333333333339E-002   1.2630993962869350     
   6.6666666666666666E-002   1.3040196498113477     
   7.0000000000000007E-002  0.91531779412680170     
   7.3333333333333334E-002  0.78625806523478026     
   7.6666666666666675E-002  0.85280061512184013     
   8.0000000000000002E-002  0.96128441844000334     
   8.3333333333333343E-002   1.2925184571061099     
   8.6666666666666670E-002  0.91111083339597565     
   9.0000000000000011E-002   1.0417445814993211     
   9.3333333333333338E-002   1.1514634039942617     
   9.6666666666666679E-002  0.98953335146654942     
  0.10000000000000001       0.57508728347830440     
  0.10333333333333335       0.90105762450872062     
  0.10666666666666667        1.3731551161701543     
  0.11000000000000000        1.1263936982495881     
  0.11333333333333334        1.0917021055333491     
  0.11666666666666667       0.80245941253083042     
  0.12000000000000001       0.84303659176085299     
  0.12333333333333334       0.98655447228924575     
  0.12666666666666668        1.0699335385552640     
  0.13000000000000000       0.93466520049719248     
  0.13333333333333333        1.0033513050284666     
  0.13666666666666669        1.4606751762503813     
  0.14000000000000001       0.94846314434629564     
  0.14333333333333334       0.61153510138114142     
  0.14666666666666667       0.81234813957687524     
  0.15000000000000002        1.0775663492705445     
  0.15333333333333335        1.2003011494535627     
  0.15666666666666668        1.0785734645687342     
  0.16000000000000000        1.1172797235094178     
  0.16333333333333333       0.86787232426122984     
  0.16666666666666669        1.0114334460133090     
  0.17000000000000001        1.0392715204173446     
  0.17333333333333334       0.60175917489206332     
  0.17666666666666667       0.91134857167313643     
  0.18000000000000002        1.3447458591817751     
  0.18333333333333335        1.3585838383020530     
  0.18666666666666668       0.92415623496020616     
  0.19000000000000000       0.77226647985365260     
  0.19333333333333336       0.99799556054917715     
  0.19666666666666668       0.82171561189162079     
  0.20000000000000001       0.98934155520575739     
  0.20333333333333334        1.0611327912963320     
  0.20666666666666669       0.91678951027426314     
  0.21000000000000002        1.2576756035850944     
  0.21333333333333335        1.3217756392263764     
  0.21666666666666667       0.97408891012499399     
  0.22000000000000000       0.54979764621760774     
  0.22333333333333336       0.73817094640569181     
  0.22666666666666668        1.2242175791887580     
  0.23000000000000001       0.99001051177469457     
  0.23333333333333334        1.0051448680100947     
  0.23666666666666669        1.2062342347391355     
  0.24000000000000002        1.0706153772278502     
  0.24333333333333335        1.1399553963829667     
  0.24666666666666667        1.0079775403806321     
  0.25000000000000000       0.72565292401872461     
  0.25333333333333335       0.60746662273304253     
  0.25666666666666671       0.89309763023988953     
  0.26000000000000001        1.4278500891750283     
  0.26333333333333336        1.1464066880949593     
  0.26666666666666666       0.87249569325177756     
  0.27000000000000002        1.2210447576498180     
  0.27333333333333337        1.1475740060479531     
  0.27666666666666667       0.93725717774916961     
  0.28000000000000003       0.81362015871366700     
  0.28333333333333333       0.68301963856688297     
  0.28666666666666668       0.79754731899188092     
  0.29000000000000004       0.97966216524286787     
  0.29333333333333333        1.3588433215804383     
  0.29666666666666669        1.3395848922169402     
  0.30000000000000004       0.83386013085047195     
  0.30333333333333334        1.0597300740628810     
  0.30666666666666670        1.3233118922248481     
  0.31000000000000000       0.91908067561946338     
  0.31333333333333335       0.67210230050513986     
  0.31666666666666671       0.64766632175922789     
  0.32000000000000001       0.81700155445609257     
  0.32333333333333336        1.0353450470934145     
  0.32666666666666666        1.1215661201805072     
  0.33000000000000002        1.3379339054389447     
  0.33333333333333337        1.1544087080143137     
  0.33666666666666667       0.90677802795697349     
  0.34000000000000002        1.3371615511414270     
  0.34333333333333338        1.3198663425794939     
  0.34666666666666668       0.71706455451914985     
  0.35000000000000003       0.54931374539280742     
  0.35333333333333333       0.67312261921218330     
  0.35666666666666669       0.88183780884147389     
  0.36000000000000004       0.95997990085091378     
  0.36333333333333334       0.91387237069402683     
  0.36666666666666670        1.1537115688921975     
  0.37000000000000005        1.1635267560807336     
  0.37333333333333335        1.1056859767908054     
  0.37666666666666671        1.5718971181954624     
  0.38000000000000000        1.5242789199664182     
  0.38333333333333336       0.88182113155366904     
  0.38666666666666671       0.74461701983360051     
  0.39000000000000001       0.87971345107152710     
  0.39333333333333337       0.89620823435260655     
  0.39666666666666667       0.73449230079790562     
  0.40000000000000002       0.45393494878405632     
  0.40333333333333338       0.59231189726122313     
  0.40666666666666668       0.78308349298974445     
  0.41000000000000003       0.74646693004980613     
  0.41333333333333339        1.1970569615978437     
  0.41666666666666669        1.5318288127160857     
  0.42000000000000004        1.1722412244395617     
  0.42333333333333334        1.1673150977232563     
  0.42666666666666669        1.6011720168043253     
  0.43000000000000005        1.7701016922329433     
  0.43333333333333335        1.6557314700302912     
  0.43666666666666670        1.2870553567599552     
  0.44000000000000000        1.0886394905582784     
  0.44333333333333336        1.1850352441601082     
  0.44666666666666671       0.90121004252995585     
  0.45000000000000001       0.64563596737404705     
  0.45333333333333337       0.77107239166875052     
  0.45666666666666672       0.35519922908618973     
  0.46000000000000002      -0.27757771813344456     
  0.46333333333333337      -0.21553984713944974     
  0.46666666666666667       -3.6656774128640379E-002
  0.47000000000000003      -0.18128267406655468     
  0.47333333333333338      -0.47986757502771960     
  0.47666666666666668      -0.83925750579220804     
  0.48000000000000004      -0.81105847317921420     
  0.48333333333333334      -0.63324802136967495     
  0.48666666666666669      -0.86340741125828413     
  0.49000000000000005      -0.87174493444957524     
  0.49333333333333335      -0.60679100323747737     
  0.49666666666666670      -0.97055524668896465     
  0.50000000000000000       -1.3269165979027082     
  0.50333333333333341       -1.0257792637460958     
  0.50666666666666671      -0.72423855489254463     
  0.51000000000000001      -0.80301984422709694     
  0.51333333333333342      -0.95151860132696076     
  0.51666666666666672       -1.2405016446282329     
  0.52000000000000002       -1.0776744975592172     
  0.52333333333333332      -0.90397896728129679     
  0.52666666666666673      -0.99770500425194542     
  0.53000000000000003       -1.0835415074479917     
  0.53333333333333333      -0.62356213780477188     
  0.53666666666666674       -1.0244726622873570     
  0.54000000000000004       -1.3030284576366558     
  0.54333333333333333       -1.2520158785282489     
  0.54666666666666675      -0.71776538206794616     
  0.55000000000000004      -0.89932968352542875     
  0.55333333333333334      -0.78428459538087225     
  0.55666666666666675       -1.2333250575531971     
  0.56000000000000005       -1.0895460666067884     
  0.56333333333333335       -1.0143360346295587     
  0.56666666666666665      -0.96205564967302570     
  0.57000000000000006       -1.1867888063386989     
  0.57333333333333336      -0.75159558279809724     
  0.57666666666666666      -0.65437971893870472     
  0.58000000000000007       -1.2499902668940859     
  0.58333333333333337       -1.2833773456153701     
  0.58666666666666667       -1.1092224290878150     
  0.59000000000000008      -0.78768382145113036     
  0.59333333333333338      -0.90194488714870780     
  0.59666666666666668      -0.83707802011060584     
  0.60000000000000009       -1.1547626382331408     
  0.60333333333333339       -1.0335419090537998     
  0.60666666666666669      -0.92462030296126008     
  0.60999999999999999       -1.2917294348301733     
  0.61333333333333340       -1.1005768268692049     
  0.61666666666666670      -0.71474251030076008     
  0.62000000000000000      -0.59708714731818069     
  0.62333333333333341       -1.2133997349749133     
  0.62666666666666671       -1.2226357967405157     
  0.63000000000000000       -1.0704704050310965     
  0.63333333333333341       -1.0826581828689696     
  0.63666666666666671      -0.83293386050985030     
  0.64000000000000001      -0.97398032773259380     
  0.64333333333333342      -0.94569219077151201     
  0.64666666666666672      -0.88700388323080026     
  0.65000000000000002      -0.86054480304236225     
  0.65333333333333332       -1.2955953963866402     
  0.65666666666666673       -1.4515437262307029     
  0.66000000000000003      -0.74938352854179058     
  0.66333333333333333      -0.72534948314047032     
  0.66666666666666674      -0.92151918102293429     
  0.67000000000000004       -1.0065428017942164     
  0.67333333333333334       -1.0403834021309117     
  0.67666666666666675       -1.0393137268120320     
  0.68000000000000005       -1.1594703349578255     
  0.68333333333333335       -1.0375654413496009     
  0.68666666666666676       -1.1766963572620619     
  0.69000000000000006      -0.88244947700916199     
  0.69333333333333336      -0.46308452848895598     
  0.69666666666666666      -0.97481262040268446     
  0.70000000000000007       -1.3072215538834140     
  0.70333333333333337       -1.1962986987415012     
  0.70666666666666667      -0.96018440459018572     
  0.71000000000000008       -1.0207494197070328     
  0.71333333333333337       -1.1496758397680342     
  0.71666666666666667      -0.81322254243609660     
  0.72000000000000008      -0.85264817770970047     
  0.72333333333333338      -0.84366770807154579     
  0.72666666666666668      -0.79566769074173327     
  0.73000000000000009       -1.3256911315993778     
  0.73333333333333339       -1.4093524028775251     
  0.73666666666666669       -1.0341139195005304     
  0.74000000000000010      -0.76499688555344747     
  0.74333333333333340      -0.91473573309009226     
  0.74666666666666670       -1.1347128145971082     
  0.75000000000000000      -0.72565292401872461     
  0.75333333333333341      -0.73420189694952376     
  0.75666666666666671       -1.1183172935327617     
  0.76000000000000001       -1.1222315975006252     
  0.76333333333333342       -1.3185270033335665     
  0.76666666666666672       -1.2767032281192057     
  0.77000000000000002      -0.88536413782513268     
  0.77333333333333343      -0.71902411760092888     
  0.77666666666666673      -0.83176041608332008     
  0.78000000000000003       -1.1164706902057593     
  0.78333333333333344      -0.84388600625577948     
  0.78666666666666674      -0.62544751953354671     
  0.79000000000000004       -1.2165883491209362     
  0.79333333333333333       -1.4022382158963569     
  0.79666666666666675       -1.2044189847717779     
  0.80000000000000004       -1.1517401295281349     
  0.80333333333333334      -0.90663306555181544     
  0.80666666666666675      -0.78840086016463140     
  0.81000000000000005      -0.80889767846395610     
  0.81333333333333335      -0.92464242280699316     
  0.81666666666666676      -0.96868471871167761     
  0.82000000000000006      -0.63172603023214169     
  0.82333333333333336      -0.90737989195451818     
  0.82666666666666677       -1.5601903474193579     
  0.83000000000000007       -1.3706626240620667     
  0.83333333333333337       -1.0644944430239389     
  0.83666666666666667       -1.0493008690777343     
  0.84000000000000008      -0.96926535617379794     
  0.84333333333333338      -0.94689608091753019     
  0.84666666666666668      -0.81235880145222650     
  0.85000000000000009      -0.76633529162098923     
  0.85333333333333339      -0.74777836286610522     
  0.85666666666666669      -0.54768071945110652     
  0.86000000000000010      -0.98549708423722049     
  0.86333333333333340       -1.5416136864345567     
  0.86666666666666670       -1.2330184467327026     
  0.87000000000000011       -1.0277215515468334     
  0.87333333333333341       -1.2583882349760573     
  0.87666666666666671       -1.3450518555097990     
  0.88000000000000000       -1.2783294755237489     
  0.88333333333333341      -0.96953803378373637     
  0.88666666666666671      -0.75349174116945505     
  0.89000000000000001      -0.71437771449094023     
  0.89333333333333342      -0.44767342114371406     
  0.89666666666666672      -0.60200801625282274     
  0.90000000000000002       -1.0336103035388935     
  0.90333333333333343      -0.74476722861716393     
  0.90666666666666673      -0.53356497614419074     
  0.91000000000000003       -1.0005276900979960     
  0.91333333333333344       -1.3951685572896837     
  0.91666666666666674       -1.5409699242068253     
  0.92000000000000004       -1.4609470728936500     
  0.92333333333333334       -1.3657359939063944     
  0.92666666666666675       -1.5665095343676434     
  0.93000000000000005       -1.4986306800210447     
  0.93333333333333335       -1.3137674698919690     
  0.93666666666666676       -1.5358187184173362     
  0.94000000000000006       -1.2832728906486492     
  0.94333333333333336      -0.57289130373003838     
  0.94666666666666677      -0.49397814455283584     
  0.95000000000000007      -0.66544323101299452     
  0.95333333333333337      -0.50068440059321906     
  0.95666666666666678      -0.16088675440672395     
  0.96000000000000008       0.27352385977273375     
  0.96333333333333337       0.38647381621590782     
  0.96666666666666667       0.27991056363944689     
  0.97000000000000008       0.54772962616717780     
  0.97333333333333338       0.62847065733293617     
  0.97666666666666668       0.40411599011366356     
  0.98000000000000009       0.78262278700290500     
  0.98333333333333339        1.2071325730358631     
  0.98666666666666669       0.93568344610672738     
  0.99000000000000010       0.66016653568211259     
  0.99333333333333340       0.73808895502710614     
  0.99666666666666670       0.93373746898092869     
