   0.0000000000000000       0.91967562105140011     
   3.3333333333333335E-003   1.0475870868470143     
   6.6666666666666671E-003   1.0080855942998443     
   1.0000000000000000E-002   1.0666006650896025     
   1.3333333333333334E-002   1.3042878592398244     
   1.6666666666666666E-002  0.95152816836145138     
   2.0000000000000000E-002  0.57890753424811325     
   2.3333333333333334E-002  0.91741471901491700     
   2.6666666666666668E-002   1.1659794342993164     
   3.0000000000000002E-002   1.1214941371644869     
   3.3333333333333333E-002   1.1057571837692366     
   3.6666666666666667E-002  0.98322679029916504     
   4.0000000000000001E-002   1.0004965458616240     
   4.3333333333333335E-002  0.98546590746757412     
   4.6666666666666669E-002  0.67421381653952606     
   5.0000000000000003E-002  0.85879092164117443     
   5.3333333333333337E-002   1.3730558219378848     
   5.6666666666666671E-002   1.2399045017151398     
   6.0000000000000005E-002  0.93113231127696883     
   6.3333333333333339E-002  0.92348695722652496     
   6.6666666666666666E-002  0.88013701198402761     
   7.0000000000000007E-002  0.92145071541555779     
   7.3333333333333334E-002  0.95457139799925739     
   7.6666666666666675E-002  0.87728124529302831     
   8.0000000000000002E-002   1.1916594832206959     
   8.3333333333333343E-002   1.4294117933452264     
   8.6666666666666670E-002  0.96721899473760808     
   9.0000000000000011E-002  0.67589039500162362     
   9.3333333333333338E-002  0.89603642682490459     
   9.6666666666666679E-002  0.95493266221909257     
  0.10000000000000001       0.96114560354998224     
  0.10333333333333335        1.0619416959735577     
  0.10666666666666667        1.0643686729351731     
  0.11000000000000000        1.2304702986744005     
  0.11333333333333334        1.2755973716125504     
  0.11666666666666667       0.77649964322267662     
  0.12000000000000001       0.57322052482239960     
  0.12333333333333334       0.96612694491652706     
  0.12666666666666668        1.0853489877231917     
  0.13000000000000000       0.96835159264157733     
  0.13333333333333333        1.1071512174431770     
  0.13666666666666669        1.1718679546833239     
  0.14000000000000001        1.1818985510713635     
  0.14333333333333334        1.1459661359989497     
  0.14666666666666667       0.78963157813915219     
  0.15000000000000002       0.51308654697116352     
  0.15333333333333335       0.95186390850164770     
  0.15666666666666668        1.1461422644470629     
  0.16000000000000000        1.0004526710182640     
  0.16333333333333333       0.98835099363043510     
  0.16666666666666669        1.3288987053048122     
  0.17000000000000001        1.1607638473716344     
  0.17333333333333334        1.1920342552615601     
  0.17666666666666667       0.81368684138679381     
  0.18000000000000002       0.67003892721566549     
  0.18333333333333335       0.61322741264144398     
  0.18666666666666668        1.2210965294683029     
  0.19000000000000000       0.88413686392518298     
  0.19333333333333336       0.95395076367331677     
  0.19666666666666668        1.0991024681245471     
  0.20000000000000001        1.4944339322042783     
  0.20333333333333334        1.1939288556026313     
  0.20666666666666669        1.1296574358277645     
  0.21000000000000002       0.86839897280987033     
  0.21333333333333335       0.61802273842777944     
  0.21666666666666667       0.89345951559524761     
  0.22000000000000000       0.89649175021558092     
  0.22333333333333336       0.76292990440646169     
  0.22666666666666668       0.58636408497788761     
  0.23000000000000001        1.2596432656945336     
  0.23333333333333334        1.3633409122972868     
  0.23666666666666669        1.3053922033038659     
  0.24000000000000002        1.2898098660430275     
  0.24333333333333335        1.1357242832020853     
  0.24666666666666667        1.1082563284558287     
  0.25000000000000000        1.0289707531383738     
  0.25333333333333335        1.1018730128504406     
  0.25666666666666671       0.47227325334677506     
  0.26000000000000001       0.37062165031169192     
  0.26333333333333336       0.76268456472263979     
  0.26666666666666666       0.83280289113680450     
  0.27000000000000002       0.83196748391566255     
  0.27333333333333337       0.79285246992915936     
  0.27666666666666667        1.1549546385088645     
  0.28000000000000003        1.2097890151880668     
  0.28333333333333333        1.5096349733112771     
  0.28666666666666668        1.8085732070359781     
  0.29000000000000004        1.3884247536288432     
  0.29333333333333333        1.3004674431688108     
  0.29666666666666669        1.4321246077560419     
  0.30000000000000004        1.5675250517723605     
  0.30333333333333334        1.1828344505440909     
  0.30666666666666670       0.71801153895750580     
  0.31000000000000000       0.73920406260597227     
  0.31333333333333335       0.36859711234800419     
  0.31666666666666671       0.27017661326977849     
  0.32000000000000001       0.30434660618617032     
  0.32333333333333336       -9.8763609570252153E-002
  0.32666666666666666      -0.48146725399325091     
  0.33000000000000002      -0.66821712077878137     
  0.33333333333333337      -0.33321861318191448     
  0.33666666666666667      -0.42062534126181872     
  0.34000000000000002      -0.89196566325104298     
  0.34333333333333338      -0.81611669243431062     
  0.34666666666666668      -0.92103726707423905     
  0.35000000000000003      -0.98399985049467875     
  0.35333333333333333      -0.80884195730341413     
  0.35666666666666669      -0.77130669079045777     
  0.36000000000000004      -0.87728117380711890     
  0.36333333333333334       -1.2962424696235626     
  0.36666666666666670       -1.1377818762776610     
  0.37000000000000005      -0.68197008037377427     
  0.37333333333333335      -0.91775603153893048     
  0.37666666666666671       -1.0313661478563205     
  0.38000000000000000       -1.0164672566568160     
  0.38333333333333336       -1.1133667237476039     
  0.38666666666666671       -1.0601320961892680     
  0.39000000000000001       -1.0054068467971844     
  0.39333333333333337      -0.72985622276680306     
  0.39666666666666667      -0.85212064543395005     
  0.40000000000000002       -1.3663224173553647     
  0.40333333333333338       -1.1365674251595936     
  0.40666666666666668      -0.83341557843319225     
  0.41000000000000003      -0.91916383224303011     
  0.41333333333333339      -0.92469045998778698     
  0.41666666666666669       -1.0182222884393861     
  0.42000000000000004       -1.0327435989620224     
  0.42333333333333334       -1.1312034712895274     
  0.42666666666666669       -1.2009210771216861     
  0.43000000000000005      -0.72787619717929108     
  0.43333333333333335      -0.69685973592389105     
  0.43666666666666670       -1.1927927552989324     
  0.44000000000000000       -1.1875089183776586     
  0.44333333333333336       -1.0425272162224257     
  0.44666666666666671      -0.97026623482789953     
  0.45000000000000001      -0.90248106449783139     
  0.45333333333333337      -0.97075718618890394     
  0.45666666666666672      -0.84839359540727322     
  0.46000000000000002      -0.99682268264505525     
  0.46333333333333337       -1.3972594763513866     
  0.46666666666666667       -1.0722762374697388     
  0.47000000000000003      -0.68710350300806633     
  0.47333333333333338      -0.87629885966829379     
  0.47666666666666668       -1.0127128905950460     
  0.48000000000000004       -1.0935223876538636     
  0.48333333333333334       -1.0948653283531400     
  0.48666666666666669       -1.0171918282342618     
  0.49000000000000005       -1.1403176098632122     
  0.49333333333333335      -0.91247258263314357     
  0.49666666666666670      -0.59770396574547124     
  0.50000000000000000       -1.0175128352190816     
  0.50333333333333341       -1.3311693508562663     
  0.50666666666666671       -1.1005556707971098     
  0.51000000000000001      -0.98070132234032159     
  0.51333333333333342      -0.90866477585161032     
  0.51666666666666672      -0.90208947633489311     
  0.52000000000000002      -0.97420472186795881     
  0.52333333333333332      -0.84464121733974928     
  0.52666666666666673       -1.0458450909564432     
  0.53000000000000003       -1.4230523545952269     
  0.53333333333333333       -1.0824552115218375     
  0.53666666666666674      -0.69041684852144325     
  0.54000000000000004      -0.85834249564909515     
  0.54333333333333333      -0.97275152021027922     
  0.54666666666666675       -1.0174482707907233     
  0.55000000000000004       -1.0916654652492763     
  0.55333333333333334       -1.0471098061459299     
  0.55666666666666675       -1.1884544269877817     
  0.56000000000000005       -1.1515446620878083     
  0.56333333333333335      -0.65502623348234290     
  0.56666666666666665      -0.65899409600582137     
  0.57000000000000006       -1.1383684143351400     
  0.57333333333333336       -1.1707472232415714     
  0.57666666666666666       -1.0587443073623062     
  0.58000000000000007       -1.1113772384166913     
  0.58333333333333337       -1.0399339800146725     
  0.58666666666666667       -1.0086484938200075     
  0.59000000000000008      -0.89151689774871357     
  0.59333333333333338      -0.62096147834223570     
  0.59666666666666668      -0.89189258792212456     
  0.60000000000000009       -1.3804155611549165     
  0.60333333333333339       -1.2087258128697167     
  0.60666666666666669      -0.94729847397521649     
  0.60999999999999999       -1.0595703349547174     
  0.61333333333333340       -1.0042302818654116     
  0.61666666666666670      -0.84934190089291184     
  0.62000000000000000      -0.81541411492445393     
  0.62333333333333341      -0.76503025251434553     
  0.62666666666666671       -1.0283271862029368     
  0.63000000000000000       -1.4420489761177080     
  0.63333333333333341       -1.2187853749414443     
  0.63666666666666671      -0.85581393967609876     
  0.64000000000000001       -1.0024236389412404     
  0.64333333333333342       -1.0575199393700694     
  0.64666666666666672      -0.76071502814590242     
  0.65000000000000002      -0.75168750501455295     
  0.65333333333333332      -0.85059340131886130     
  0.65666666666666673       -1.0665430624882870     
  0.66000000000000003       -1.3408412754417276     
  0.66333333333333333       -1.3566424851162040     
  0.66666666666666674      -0.86335480266265274     
  0.67000000000000004      -0.99959229309198905     
  0.67333333333333334       -1.0852022331979465     
  0.67666666666666675      -0.92083330557190146     
  0.68000000000000005      -0.49481702267771299     
  0.68333333333333335      -0.87927248234467614     
  0.68666666666666676      -0.88477536387318323     
  0.69000000000000006       -1.2834233835240241     
  0.69333333333333336       -1.2346273836423893     
  0.69666666666666666       -1.2642585031179594     
  0.70000000000000007      -0.88647013924129348     
  0.70333333333333337       -1.3101740443014744     
  0.70666666666666667       -1.1409711517298817     
  0.71000000000000008      -0.70774451565421947     
  0.71333333333333337      -0.52138590063663903     
  0.71666666666666667      -0.75771110652093654     
  0.72000000000000008      -0.95070050072285717     
  0.72333333333333338      -0.89506181354698544     
  0.72666666666666668       -1.2118951763336065     
  0.73000000000000009      -0.99399230202026723     
  0.73333333333333339       -1.2470408676815465     
  0.73666666666666669       -1.4875476831685488     
  0.74000000000000010       -1.4674155019759934     
  0.74333333333333340      -0.93505901901513822     
  0.74666666666666670      -0.73109650856236064     
  0.75000000000000000       -1.0289707531383734     
  0.75333333333333341      -0.72471319295697045     
  0.75666666666666671      -0.67293851753372091     
  0.76000000000000001      -0.54822728624465455     
  0.76333333333333342      -0.58052908485795696     
  0.76666666666666672      -0.71650284652106466     
  0.77000000000000002       -1.0976184475899295     
  0.77333333333333343       -1.4183835612848745     
  0.77666666666666673       -1.0228227293683443     
  0.78000000000000003       -1.2639977656953452     
  0.78333333333333344       -1.6453833823855935     
  0.78666666666666674       -1.7119363692448377     
  0.79000000000000004       -1.5490792107844973     
  0.79333333333333333       -1.3117811590709272     
  0.79666666666666675       -1.3158794190571990     
  0.80000000000000004      -0.95956125880937926     
  0.80333333333333334       -1.0176784155506824     
  0.80666666666666675      -0.99868815892657903     
  0.81000000000000005      -0.33991754300712351     
  0.81333333333333335       -3.2275946752888023E-002
  0.81666666666666676       -4.1315435665479107E-003
  0.82000000000000006      -0.12912470164821790     
  0.82333333333333336       0.20591007375536186     
  0.82666666666666677       0.58829927605686450     
  0.83000000000000007       0.50704556649913768     
  0.83333333333333337       0.79876251582408020     
  0.83666666666666667       0.78891683274758384     
  0.84000000000000008       0.55157705882758046     
  0.84333333333333338       0.73651749047553228     
  0.84666666666666668        1.0223077742570281     
  0.85000000000000009        1.2226008085380624     
  0.85333333333333339       0.83775850729666601     
  0.85666666666666669       0.68286049416158012     
  0.86000000000000010        1.0567560859372422     
  0.86333333333333340       0.98018845461633597     
  0.86666666666666670        1.0261477187793984     
  0.87000000000000011        1.1556674638499072     
  0.87333333333333341       0.97477783305918952     
  0.87666666666666671       0.83026945545414499     
  0.88000000000000000       0.77427366655476360     
  0.88333333333333341        1.1862089814178445     
  0.88666666666666671        1.3314991859364098     
  0.89000000000000001       0.83450688307750309     
  0.89333333333333342       0.84692642172676391     
  0.89666666666666672       0.99890476233010439     
  0.90000000000000002       0.94705245975043095     
  0.90333333333333343        1.0735273508626320     
  0.90666666666666673        1.1084905269158625     
  0.91000000000000003        1.1347903349901194     
  0.91333333333333344       0.88326096090539008     
  0.91666666666666674       0.62874447510883213     
  0.92000000000000004        1.1130258437660285     
  0.92333333333333334        1.3126665333588039     
  0.92666666666666675       0.98474525187937179     
  0.93000000000000005       0.94479389609887199     
  0.93333333333333335       0.91800265190209973     
  0.93666666666666676       0.92433203155475174     
  0.94000000000000006       0.96709656756681672     
  0.94333333333333336       0.99107714149506598     
  0.94666666666666677        1.2962122506198597     
  0.95000000000000007        1.1353556081059348     
  0.95333333333333337       0.62752273193770924     
  0.95666666666666678       0.83567920814998164     
  0.96000000000000008        1.1389767328575848     
  0.96333333333333337        1.1044495345736691     
  0.96666666666666667        1.0955782097171383     
  0.97000000000000008       0.98866172043880540     
  0.97333333333333338       0.99643320301116989     
  0.97666666666666668       0.93993938891987883     
  0.98000000000000009       0.69822520003402011     
  0.98333333333333339        1.0454266363265829     
  0.98666666666666669        1.4128149116224751     
  0.99000000000000010        1.0544182671139306     
  0.99333333333333340       0.82000250613587544     
  0.99666666666666670       0.88128622975472359     
