   0.0000000000000000       0.62949288566579842     
   3.3333333333333335E-003   1.1384598916032995     
   6.6666666666666671E-003   1.2349307801942266     
   1.0000000000000000E-002   1.0877053522341189     
   1.3333333333333334E-002   1.2262434264512150     
   1.6666666666666666E-002   1.1877946217601900     
   2.0000000000000000E-002   1.1667715466398219     
   2.3333333333333334E-002  0.78006046924913353     
   2.6666666666666668E-002  0.53365774450824044     
   3.0000000000000002E-002  0.88416695701285697     
   3.3333333333333333E-002  0.87595042389699729     
   3.6666666666666667E-002  0.86108214639552483     
   4.0000000000000001E-002   1.0355322048455307     
   4.3333333333333335E-002   1.2161372633559808     
   4.6666666666666669E-002   1.5346007128329175     
   5.0000000000000003E-002   1.2825761009887566     
   5.3333333333333337E-002  0.97302015979050016     
   5.6666666666666671E-002   1.1248751687925584     
   6.0000000000000005E-002  0.95847770332602455     
   6.3333333333333339E-002  0.72056447989791783     
   6.6666666666666666E-002  0.53858804970558616     
   7.0000000000000007E-002  0.46200869847363407     
   7.3333333333333334E-002  0.86938434478047077     
   7.6666666666666675E-002  0.95199545998559121     
   8.0000000000000002E-002  0.81059997838161657     
   8.3333333333333343E-002   1.1642165078319742     
   8.6666666666666670E-002   1.4416787066030381     
   9.0000000000000011E-002   1.5882857994299373     
   9.3333333333333338E-002   1.6007224271104470     
   9.6666666666666679E-002   1.3173021432642389     
  0.10000000000000001        1.4348074278061225     
  0.10333333333333335        1.5463941642304206     
  0.10666666666666667        1.0785550031672517     
  0.11000000000000000       0.76653740749331101     
  0.11333333333333334       0.59942514915057254     
  0.11666666666666667       0.41243728213210318     
  0.12000000000000001       0.36445831298648579     
  0.12333333333333334       -6.7709452768764972E-002
  0.12666666666666668      -0.48797231218695614     
  0.13000000000000000      -0.33170462720129090     
  0.13333333333333333      -0.37206976834902689     
  0.13666666666666669      -0.65385154086232389     
  0.14000000000000001      -0.77364131534468172     
  0.14333333333333334      -0.95351707132817642     
  0.14666666666666667      -0.86243739519528384     
  0.15000000000000002      -0.64224921956739467     
  0.15333333333333335      -0.95623381869504009     
  0.15666666666666668       -1.1717918453562894     
  0.16000000000000000      -0.95092792690047423     
  0.16333333333333333      -0.90344565121924736     
  0.16666666666666669      -0.89690541726362938     
  0.17000000000000001      -0.93258949960685289     
  0.17333333333333334       -1.2088425697543401     
  0.17666666666666667       -1.0943012192188832     
  0.18000000000000002      -0.75296431963790589     
  0.18333333333333335      -0.92315545268962518     
  0.18666666666666668       -1.1254454693799214     
  0.19000000000000000       -1.0609007870096230     
  0.19333333333333336       -1.0706729730876274     
  0.19666666666666668      -0.91247114377436478     
  0.20000000000000001      -0.77757693473065759     
  0.20333333333333334       -1.1116081535052982     
  0.20666666666666669       -1.2403007852415213     
  0.21000000000000002      -0.92648052060072505     
  0.21333333333333335      -0.87047352537189515     
  0.21666666666666667      -0.96135589752877026     
  0.22000000000000000      -0.96678072813385163     
  0.22333333333333336       -1.1639270748825967     
  0.22666666666666668       -1.1559780076465735     
  0.23000000000000001      -0.78761873508841151     
  0.23333333333333334      -0.81771044153440808     
  0.23666666666666669       -1.1353687328915301     
  0.24000000000000002       -1.1096685478093917     
  0.24333333333333335       -1.0318596583779021     
  0.24666666666666667       -1.0187542992484202     
  0.25000000000000000      -0.81211407683265879     
  0.25333333333333335      -0.86451449262349112     
  0.25666666666666671       -1.2316462671543091     
  0.26000000000000001       -1.1753485474977714     
  0.26333333333333336      -0.86710228260067812     
  0.26666666666666666      -0.89390771389065549     
  0.27000000000000002      -0.95719982315055607     
  0.27333333333333337      -0.95451633811810710     
  0.27666666666666667       -1.1763539793181095     
  0.28000000000000003       -1.1924416293794780     
  0.28333333333333333      -0.81950763450684450     
  0.28666666666666668      -0.77042240713525045     
  0.29000000000000004       -1.0676435393769910     
  0.29333333333333333       -1.1071341294148280     
  0.29666666666666669       -1.0575699565770558     
  0.30000000000000004       -1.1133043273911305     
  0.30333333333333334      -0.91380663075373103     
  0.30666666666666670      -0.71934222326545683     
  0.31000000000000000       -1.0077141069158788     
  0.31333333333333335       -1.2614759759753431     
  0.31666666666666671       -1.0726639702972620     
  0.32000000000000001      -0.93669529364068127     
  0.32333333333333336      -0.96966779737298292     
  0.32666666666666666      -0.84249152868444266     
  0.33000000000000002      -0.87345904314866341     
  0.33333333333333337       -1.2117296489969176     
  0.33666666666666667       -1.2564692949431098     
  0.34000000000000002      -0.90150697190138662     
  0.34333333333333338      -0.83112701755967222     
  0.34666666666666668      -0.94630902116758187     
  0.35000000000000003      -0.94973319036899717     
  0.35333333333333333      -0.98367737942160605     
  0.35666666666666669       -1.2906569256885898     
  0.36000000000000004       -1.1186784084509354     
  0.36333333333333334      -0.83487340002860388     
  0.36666666666666670      -0.71866357317295060     
  0.37000000000000005       -1.0951460491334626     
  0.37333333333333335      -0.94746019796721759     
  0.37666666666666671       -1.1513036803917200     
  0.38000000000000000       -1.1086251863957668     
  0.38333333333333336       -1.2265893868662112     
  0.38666666666666671      -0.62263511845719122     
  0.39000000000000001      -0.86870108677900582     
  0.39333333333333337      -0.94793623920104486     
  0.39666666666666667       -1.2045037812808759     
  0.40000000000000002      -0.99241066624367980     
  0.40333333333333338       -1.1895391040433014     
  0.40666666666666668       -1.1345300547920278     
  0.41000000000000003      -0.73864939332065660     
  0.41333333333333339      -0.76575254849552221     
  0.41666666666666669      -0.90597634392102422     
  0.42000000000000004       -1.2685496794266420     
  0.42333333333333334      -0.98867912802487934     
  0.42666666666666669       -1.1655594929942301     
  0.43000000000000005       -1.1585119017349881     
  0.43333333333333335      -0.89748115091832792     
  0.43666666666666670      -0.71762952881607767     
  0.44000000000000000      -0.73849895959669176     
  0.44333333333333336       -1.2173935722801092     
  0.44666666666666671       -1.0524763190399584     
  0.45000000000000001       -1.1038282712546248     
  0.45333333333333337       -1.2113646976429939     
  0.45666666666666672       -1.0965590665257812     
  0.46000000000000002      -0.88788508476815142     
  0.46333333333333337      -0.56107117766918468     
  0.46666666666666667      -0.95471664399755041     
  0.47000000000000003       -1.0696736485954159     
  0.47333333333333338       -1.0002712968316512     
  0.47666666666666668       -1.1783529422923684     
  0.48000000000000004       -1.2175478842668452     
  0.48333333333333334       -1.2765535259299319     
  0.48666666666666669      -0.80955471826587178     
  0.49000000000000005      -0.65485496539530019     
  0.49333333333333335      -0.93705360356913370     
  0.49666666666666670      -0.84361878352638009     
  0.50000000000000000      -0.92299206852170357     
  0.50333333333333341       -1.0186158854490523     
  0.50666666666666671       -1.3008993510270048     
  0.51000000000000001       -1.4490362988449208     
  0.51333333333333342      -0.98160045960040598     
  0.51666666666666672      -0.93350526188194571     
  0.52000000000000002      -0.97402219566035675     
  0.52333333333333332      -0.78077129383091193     
  0.52666666666666673      -0.70837171451875380     
  0.53000000000000003      -0.61262440602180424     
  0.53333333333333333       -1.0119687825694410     
  0.53666666666666674       -1.3159710010849326     
  0.54000000000000004       -1.0976796675464249     
  0.54333333333333333       -1.2381322835190194     
  0.54666666666666675       -1.3605277109251612     
  0.55000000000000004       -1.2819026733985606     
  0.55333333333333334       -1.0955910321632483     
  0.55666666666666675      -0.64384299859647331     
  0.56000000000000005      -0.69370723339383722     
  0.56333333333333335      -0.84889340295723659     
  0.56666666666666665      -0.55069702482856819     
  0.57000000000000006      -0.57699461746431813     
  0.57333333333333336      -0.79896605734390791     
  0.57666666666666666       -1.0683676197665983     
  0.58000000000000007       -1.3793279273624728     
  0.58333333333333337       -1.2373141125323885     
  0.58666666666666667       -1.3196908335056357     
  0.59000000000000008       -1.7326924751798605     
  0.59333333333333338       -1.6232297774571405     
  0.59666666666666668       -1.3916961839328374     
  0.60000000000000009       -1.2272373773289200     
  0.60333333333333339       -1.0223508869281710     
  0.60666666666666669       -1.0677995910329685     
  0.60999999999999999      -0.75557466820902397     
  0.61333333333333340      -0.16447722644729068     
  0.61666666666666670      -0.12098249662879654     
  0.62000000000000000       -9.2042567448468948E-002
  0.62333333333333341       0.18501798781046397     
  0.62666666666666671       0.37547170678040248     
  0.63000000000000000       0.69210520383136920     
  0.63333333333333341       0.73912423543988937     
  0.63666666666666671       0.48905795106351863     
  0.64000000000000001       0.74777106050291253     
  0.64333333333333342        1.0575183870223026     
  0.64666666666666672       0.93440082405497393     
  0.65000000000000002       0.89407559701956896     
  0.65333333333333332       0.85114161525859844     
  0.65666666666666673       0.86079989382294786     
  0.66000000000000003        1.1799099326377742     
  0.66333333333333333        1.1237676565760100     
  0.66666666666666674       0.77125209546202267     
  0.67000000000000004       0.89922244781696881     
  0.67333333333333334        1.0925172509892491     
  0.67666666666666675        1.0609778309065481     
  0.68000000000000005        1.0931989261487012     
  0.68333333333333335       0.91278322999816752     
  0.68666666666666676       0.77074118248085555     
  0.69000000000000006        1.1153642285292515     
  0.69333333333333336        1.2281041109613411     
  0.69666666666666666       0.92160830933458160     
  0.70000000000000007       0.88442361491409793     
  0.70333333333333337       0.95628958816016862     
  0.70666666666666667       0.97451695561520968     
  0.71000000000000008        1.1842524264086594     
  0.71333333333333337        1.1170713888714141     
  0.71666666666666667       0.75670274300235296     
  0.72000000000000008       0.86813066373867875     
  0.72333333333333338        1.1642543634595290     
  0.72666666666666668        1.0880334681017307     
  0.73000000000000009        1.0198320217366628     
  0.73333333333333339       0.97973707297493351     
  0.73666666666666669       0.79616364657836658     
  0.74000000000000010       0.95763992301443768     
  0.74333333333333340        1.2759261706225842     
  0.74666666666666670        1.0793525469752761     
  0.75000000000000000       0.81211407683265868     
  0.75333333333333341       0.92511274035034707     
  0.75666666666666671       0.98757975490962746     
  0.76000000000000001        1.0233199227028207     
  0.76333333333333342        1.2063073689138435     
  0.76666666666666672        1.0559343453311820     
  0.77000000000000002       0.72498653650230482     
  0.77333333333333343       0.88657179857326418     
  0.77666666666666673        1.1760266907411796     
  0.78000000000000003        1.0937915649843062     
  0.78333333333333344        1.0241607890332596     
  0.78666666666666674        1.0170202706347715     
  0.79000000000000004       0.80987163356905711     
  0.79333333333333333       0.84135029978851372     
  0.79666666666666675        1.2128885219221870     
  0.80000000000000004        1.2201510075745698     
  0.80333333333333334       0.90466946519351732     
  0.80666666666666675       0.87677336113916893     
  0.81000000000000005       0.95325066539624992     
  0.81333333333333335       0.90677168907627292     
  0.81666666666666676        1.0830361929887258     
  0.82000000000000006        1.2769299001514747     
  0.82333333333333336        1.0029911856853211     
  0.82666666666666677       0.72616620991935199     
  0.83000000000000007       0.90682609493854893     
  0.83333333333333337        1.0860763271953082     
  0.83666666666666667        1.0361472895863479     
  0.84000000000000008        1.1304889776386866     
  0.84333333333333338        1.1421189690930136     
  0.84666666666666668       0.84121681773113788     
  0.85000000000000009       0.69790681291682677     
  0.85333333333333339        1.0556408082812989     
  0.85666666666666669        1.1866556099944634     
  0.86000000000000010        1.0928081536091629     
  0.86333333333333340       0.99966698982741153     
  0.86666666666666670        1.0857180402638131     
  0.87000000000000011       0.73474547250338174     
  0.87333333333333341       0.83495959256066277     
  0.87666666666666671        1.0339951453500218     
  0.88000000000000000        1.3810409319337822     
  0.88333333333333341       0.93513460136290627     
  0.88666666666666671        1.0575830411604741     
  0.89000000000000001       0.85773834749471900     
  0.89333333333333342       0.95869165133532863     
  0.89666666666666672       0.68046050397862878     
  0.90000000000000002        1.1999807167208822     
  0.90333333333333343        1.2639331447118951     
  0.90666666666666673        1.1120227044453341     
  0.91000000000000003       0.88305606907058165     
  0.91333333333333344       0.88774042159292688     
  0.91666666666666674       0.97907394862143760     
  0.92000000000000004       0.69982173044578411     
  0.92333333333333334        1.1050512878058865     
  0.92666666666666675        1.2359777804307905     
  0.93000000000000005        1.2734978207256717     
  0.93333333333333335       0.88537217579534377     
  0.93666666666666676       0.84595845187539742     
  0.94000000000000006        1.0032694295288795     
  0.94333333333333336       0.73636140208402479     
  0.94666666666666677       0.92990544666720787     
  0.95000000000000007        1.1031548436644238     
  0.95333333333333337        1.3854376995507482     
  0.95666666666666678        1.1185540866888144     
  0.96000000000000008       0.82573762206725576     
  0.96333333333333337        1.0159600323585882     
  0.96666666666666667       0.81869828532510835     
  0.97000000000000008       0.79813109760436252     
  0.97333333333333338       0.82555732682113903     
  0.97666666666666668        1.1790637668741419     
  0.98000000000000009        1.4102972352463103     
  0.98333333333333339        1.0222641660516851     
  0.98666666666666669        1.0541976851166810     
  0.99000000000000010        1.0161859120061048     
  0.99333333333333340       0.87108503273636140     
  0.99666666666666670       0.72377477737213425     
