   0.0000000000000000       -1.1347839462066742     
   3.3333333333333335E-003  -1.0942495246135380     
   6.6666666666666671E-003 -0.86706236130243675     
   1.0000000000000000E-002 -0.89641364661624445     
   1.3333333333333334E-002  -1.1255720496904866     
   1.6666666666666666E-002  -1.1187634221079730     
   2.0000000000000000E-002 -0.88908983566548883     
   2.3333333333333334E-002 -0.86205178540392302     
   2.6666666666666668E-002  -1.0866302696336045     
   3.0000000000000002E-002  -1.1577164776458884     
   3.3333333333333333E-002 -0.94940506893972099     
   3.6666666666666667E-002 -0.82737625767744660     
   4.0000000000000001E-002  -1.0021031821748396     
   4.3333333333333335E-002  -1.1752034238960007     
   4.6666666666666669E-002  -1.0563428772508994     
   5.0000000000000003E-002 -0.84304847592622201     
   5.3333333333333337E-002 -0.88287283006667139     
   5.6666666666666671E-002  -1.1108924871493115     
   6.0000000000000005E-002  -1.1664366329680562     
   6.3333333333333339E-002 -0.96406463100318796     
   6.6666666666666666E-002 -0.81436143112301074     
   7.0000000000000007E-002 -0.94212127326914663     
   7.3333333333333334E-002  -1.1569162870614285     
   7.6666666666666675E-002  -1.1459982648797828     
   8.0000000000000002E-002 -0.92630431527178869     
   8.3333333333333343E-002 -0.80755136711777997     
   8.6666666666666670E-002 -0.95286433422130223     
   9.0000000000000011E-002  -1.1637504202027840     
   9.3333333333333338E-002  -1.1594654698905993     
   9.6666666666666679E-002 -0.94708073603887999     
  0.10000000000000001      -0.79975894166362027     
  0.10333333333333335      -0.90180997954202258     
  0.10666666666666667       -1.1259470480615272     
  0.11000000000000000       -1.2013402481878750     
  0.11333333333333334       -1.0402275970666313     
  0.11666666666666667      -0.83039087201977746     
  0.12000000000000001      -0.80912066372590041     
  0.12333333333333334      -0.99838590684902861     
  0.12666666666666668       -1.1923153883830016     
  0.13000000000000000       -1.1865585233612825     
  0.13333333333333333      -0.98868552465092618     
  0.13666666666666669      -0.79877907204437504     
  0.14000000000000001      -0.80246439213769583     
  0.14333333333333334      -0.99460334660558458     
  0.14666666666666667       -1.1954659782862411     
  0.15000000000000002       -1.2238486304332918     
  0.15333333333333335       -1.0563330722553785     
  0.15666666666666668      -0.83710053411881657     
  0.16000000000000000      -0.74752853575789924     
  0.16333333333333333      -0.85817779693343010     
  0.16666666666666669       -1.0817310371389337     
  0.17000000000000001       -1.2499298849929890     
  0.17333333333333334       -1.2416364912877966     
  0.17666666666666667       -1.0640431717257839     
  0.18000000000000002      -0.83766081283468630     
  0.18333333333333335      -0.70900968102276340     
  0.18666666666666668      -0.75696442146059384     
  0.19000000000000000      -0.95196706056394287     
  0.19333333333333336       -1.1819787090016196     
  0.19666666666666668       -1.3229710109320614     
  0.20000000000000001       -1.3015546912225198     
  0.20333333333333334       -1.1317323596268971     
  0.20666666666666669      -0.88828276969909636     
  0.21000000000000002      -0.68605251960926494     
  0.21333333333333335      -0.59311242552240673     
  0.21666666666666667      -0.66936971433805692     
  0.22000000000000000      -0.84549283843581902     
  0.22333333333333336       -1.1304056111132841     
  0.22666666666666668       -1.3311247664395893     
  0.23000000000000001       -1.5559778551560248     
  0.23333333333333334       -1.5058272898320124     
  0.23666666666666669       -1.5424632075673506     
  0.24000000000000002       -1.1720918353125269     
  0.24333333333333335       -1.1066754190136938     
  0.24666666666666667      -0.52353226497685057     
  0.25000000000000000      -0.50067238834475780     
  0.25333333333333335       0.12639207717926826     
  0.25666666666666671        6.8096826295952068E-002
  0.26000000000000001       0.56435981073275743     
  0.26333333333333336       0.53079598369380676     
  0.26666666666666666       0.74628509553285005     
  0.27000000000000002       0.87762136997494966     
  0.27333333333333337       0.77880504080036372     
  0.27666666666666667        1.0641932569154606     
  0.28000000000000003       0.83442209727989258     
  0.28333333333333333        1.0454240853890397     
  0.28666666666666668       0.99062819185083040     
  0.29000000000000004       0.91055160217723441     
  0.29333333333333333        1.1203012971474187     
  0.29666666666666669       0.88114308560848353     
  0.30000000000000004        1.0533587450023021     
  0.30333333333333334        1.0332479050972814     
  0.30666666666666670       0.89295260483054406     
  0.31000000000000000        1.1233287521406239     
  0.31333333333333335       0.92851293778503907     
  0.31666666666666671       0.97656158632698109     
  0.32000000000000001        1.1052590347853655     
  0.32333333333333336       0.87889910201070298     
  0.32666666666666666        1.0565030864575042     
  0.33000000000000002        1.0482146762229685     
  0.33333333333333337       0.88001811743087244     
  0.33666666666666667        1.1035723915835338     
  0.34000000000000002       0.99292358982769369     
  0.34333333333333338       0.90335179234720142     
  0.34666666666666668        1.1225844169448078     
  0.35000000000000003       0.95506889540970918     
  0.35333333333333333       0.92668625855825226     
  0.35666666666666669        1.1275488965291969     
  0.36000000000000004       0.93540994461056493     
  0.36333333333333334       0.93909526572224444     
  0.36666666666666670        1.1290017187298784     
  0.37000000000000005       0.93112872017530024     
  0.37333333333333335       0.93688558525669685     
  0.37666666666666671        1.1308150668132264     
  0.38000000000000000       0.94154982369851081     
  0.38333333333333336       0.92027961540773273     
  0.38666666666666671        1.1301163404557115     
  0.39000000000000001       0.96900368933487135     
  0.39333333333333337       0.89361048920866859     
  0.39666666666666667        1.1177475577282228     
  0.40000000000000002        1.0156965198498389     
  0.40333333333333338       0.86837472547458239     
  0.40666666666666668        1.0807594593263041     
  0.41000000000000003        1.0764745090141197     
  0.41333333333333339       0.86558842303263817     
  0.41666666666666669        1.0109013901361592     
  0.42000000000000004        1.1296543382901683     
  0.42333333333333334       0.90996038868217344     
  0.42666666666666669       0.92087841086382216     
  0.43000000000000005        1.1356734246561047     
  0.43333333333333335        1.0079135825099670     
  0.43666666666666670       0.85821038262979021     
  0.44000000000000000        1.0605823845946605     
  0.44333333333333336        1.1161265304134036     
  0.44666666666666671       0.88810687333076499     
  0.45000000000000001       0.92793122747121470     
  0.45333333333333337        1.1412256287958911     
  0.45666666666666672        1.0223650821507893     
  0.46000000000000002       0.84926484042962957     
  0.46333333333333337        1.0239917649270216     
  0.46666666666666667        1.1460205761892945     
  0.47000000000000003       0.93770916748312583     
  0.47333333333333338       0.86662295947084200     
  0.47666666666666668        1.0912014437005233     
  0.48000000000000004        1.1182394939620874     
  0.48333333333333334       0.88856590751960352     
  0.48666666666666669       0.89537453510211762     
  0.49000000000000005        1.1245329381763600     
  0.49333333333333335        1.0951816528625538     
  0.49666666666666670       0.86799448955145375     
  0.50000000000000000       0.90852891114459111     
  0.50333333333333341        1.1347839462066742     
  0.50666666666666671        1.0942495246135380     
  0.51000000000000001       0.86706236130243675     
  0.51333333333333342       0.89641364661624445     
  0.51666666666666672        1.1255720496904866     
  0.52000000000000002        1.1187634221079730     
  0.52333333333333332       0.88908983566548883     
  0.52666666666666673       0.86205178540392302     
  0.53000000000000003        1.0866302696336045     
  0.53333333333333333        1.1577164776458884     
  0.53666666666666674       0.94940506893972099     
  0.54000000000000004       0.82737625767744660     
  0.54333333333333333        1.0021031821748396     
  0.54666666666666675        1.1752034238960007     
  0.55000000000000004        1.0563428772508994     
  0.55333333333333334       0.84304847592622201     
  0.55666666666666675       0.88287283006667139     
  0.56000000000000005        1.1108924871493115     
  0.56333333333333335        1.1664366329680562     
  0.56666666666666665       0.96406463100318796     
  0.57000000000000006       0.81436143112301074     
  0.57333333333333336       0.94212127326914663     
  0.57666666666666666        1.1569162870614285     
  0.58000000000000007        1.1459982648797828     
  0.58333333333333337       0.92630431527178869     
  0.58666666666666667       0.80755136711777997     
  0.59000000000000008       0.95286433422130212     
  0.59333333333333338        1.1637504202027844     
  0.59666666666666668        1.1594654698905973     
  0.60000000000000009       0.94708073603888543     
  0.60333333333333339       0.79975894166360462     
  0.60666666666666669       0.90180997954206854     
  0.60999999999999999        1.1259470480613978     
  0.61333333333333340        1.2013402481882347     
  0.61666666666666670        1.0402275970656463     
  0.62000000000000000       0.83039087202243489     
  0.62333333333333341       0.80912066371882840     
  0.62666666666666671       0.99838590686758955     
  0.63000000000000000        1.1923153883349513     
  0.63333333333333341        1.1865585234839346     
  0.63666666666666671       0.98868552434228851     
  0.64000000000000001       0.79877907280982363     
  0.64333333333333342       0.80246439026717897     
  0.64666666666666672       0.99460335110823694     
  0.65000000000000002        1.1954659676126314     
  0.65333333333333332        1.2238486553424073     
  0.65666666666666673        1.0563330150456891     
  0.66000000000000003       0.83710066338844868     
  0.66333333333333333       0.74752824849416333     
  0.66666666666666674       0.85817842449082826     
  0.67000000000000004        1.0817296899345823     
  0.67333333333333334        1.2499327257000532     
  0.67666666666666675        1.2416306106719726     
  0.68000000000000005        1.0640551169907975     
  0.68333333333333335       0.83763701710586214     
  0.68666666666666676       0.70905613934459022     
  0.69000000000000006       0.75687558439827607     
  0.69333333333333336       0.95213331195959294     
  0.69666666666666666        1.1816744699312105     
  0.70000000000000007        1.3235149349288993     
  0.70333333333333337        1.3006056659271861     
  0.70666666666666667        1.1333463928726428     
  0.71000000000000008       0.88561073993264272     
  0.71333333333333337       0.69035146504135514     
  0.71666666666666667       0.58640369115543389     
  0.72000000000000008       0.67950108885331284     
  0.72333333333333338       0.83072911456237142     
  0.72666666666666668        1.1510894604898125     
  0.73000000000000009        1.3033997263274570     
  0.73333333333333339        1.5912969500601586     
  0.73666666666666669        1.4634860320112661     
  0.74000000000000010        1.5894827190283998     
  0.74333333333333340        1.1250911678047502     
  0.74666666666666670        1.1463537618828967     
  0.75000000000000000       0.50067238834475902     
  0.75333333333333341       0.49642941972677918     
  0.75666666666666671       -8.6512575087007396E-002
  0.76000000000000001      -0.14696892701688372     
  0.76333333333333342      -0.45181880813772157     
  0.76666666666666672      -0.66081543530470099     
  0.77000000000000002      -0.62504324114638110     
  0.77333333333333343      -0.95884034675013763     
  0.77666666666666673      -0.76451676036454774     
  0.78000000000000003       -1.0004138468623986     
  0.78333333333333344      -0.96245806220641672     
  0.78666666666666674      -0.89338915233188221     
  0.79000000000000004       -1.1101098225006094     
  0.79333333333333333      -0.87523767397387187     
  0.79666666666666675       -1.0500163919087697     
  0.80000000000000004       -1.0313985012959210     
  0.80333333333333334      -0.89195136409642939     
  0.80666666666666675       -1.1227980018725709     
  0.81000000000000005      -0.92823727597495631     
  0.81333333333333335      -0.97642121990104347     
  0.81666666666666676       -1.1051889224100790     
  0.82000000000000006      -0.87886473062925363     
  0.82333333333333336       -1.0564865409568918     
  0.82666666666666677       -1.0482068520452443     
  0.83000000000000007      -0.88001448116456216     
  0.83333333333333337       -1.1035707300789734     
  0.83666666666666667      -0.99292284314426793     
  0.84000000000000008      -0.90335146219714424     
  0.84333333333333338       -1.1225842732740721     
  0.84666666666666668      -0.95506883385777908     
  0.85000000000000009      -0.92668623258904703     
  0.85333333333333339       -1.1275488857362552     
  0.85666666666666669      -0.93540994019079415     
  0.86000000000000010      -0.93909526393843812     
  0.86333333333333340       -1.1290017180201586     
  0.86666666666666670      -0.93112871989686985     
  0.87000000000000011      -0.93688558514896703     
  0.87333333333333341       -1.1308150667721089     
  0.87666666666666671      -0.94154982368302675     
  0.88000000000000000      -0.92027961540197867     
  0.88333333333333341       -1.1301163404536010     
  0.88666666666666671      -0.96900368933410819     
  0.89000000000000001      -0.89361048920839536     
  0.89333333333333342       -1.1177475577281262     
  0.89666666666666672       -1.0156965198498056     
  0.90000000000000002      -0.86837472547457084     
  0.90333333333333343       -1.0807594593263004     
  0.90666666666666673       -1.0764745090141183     
  0.91000000000000003      -0.86558842303263761     
  0.91333333333333344       -1.0109013901361590     
  0.91666666666666674       -1.1296543382901683     
  0.92000000000000004      -0.90996038868217344     
  0.92333333333333334      -0.92087841086382216     
  0.92666666666666675       -1.1356734246561047     
  0.93000000000000005       -1.0079135825099670     
  0.93333333333333335      -0.85821038262979021     
  0.93666666666666676       -1.0605823845946605     
  0.94000000000000006       -1.1161265304134036     
  0.94333333333333336      -0.88810687333076499     
  0.94666666666666677      -0.92793122747121470     
  0.95000000000000007       -1.1412256287958911     
  0.95333333333333337       -1.0223650821507893     
  0.95666666666666678      -0.84926484042962957     
  0.96000000000000008       -1.0239917649270216     
  0.96333333333333337       -1.1460205761892945     
  0.96666666666666667      -0.93770916748312583     
  0.97000000000000008      -0.86662295947084200     
  0.97333333333333338       -1.0912014437005233     
  0.97666666666666668       -1.1182394939620874     
  0.98000000000000009      -0.88856590751960352     
  0.98333333333333339      -0.89537453510211762     
  0.98666666666666669       -1.1245329381763600     
  0.99000000000000010       -1.0951816528625538     
  0.99333333333333340      -0.86799448955145375     
  0.99666666666666670      -0.90852891114459111     
