   0.0000000000000000       0.88038332149183873     
   3.3333333333333335E-003  0.85932255927515888     
   6.6666666666666671E-003   1.0341097304958671     
   1.0000000000000000E-002   1.1696625879001972     
   1.3333333333333334E-002   1.2488259788576543     
   1.6666666666666666E-002  0.89821485339461993     
   2.0000000000000000E-002  0.58283066813876527     
   2.3333333333333334E-002   1.0008072199570288     
   2.6666666666666668E-002   1.2906474003792963     
   3.0000000000000002E-002  0.99831937383978642     
   3.3333333333333333E-002  0.99392307061300700     
   3.6666666666666667E-002   1.0998712201014107     
   4.0000000000000001E-002  0.91687993699719883     
   4.3333333333333335E-002  0.81107631088951671     
   4.6666666666666669E-002  0.91659220728759649     
   5.0000000000000003E-002   1.0514064888530041     
   5.3333333333333337E-002   1.3722999441012516     
   5.6666666666666671E-002   1.1058482173133815     
   6.0000000000000005E-002  0.67275201868454559     
   6.3333333333333339E-002  0.75967477256676308     
   6.6666666666666666E-002   1.2203967356315608     
   7.0000000000000007E-002  0.93742854756112848     
   7.3333333333333334E-002   1.0513803167933442     
   7.6666666666666675E-002   1.1030485586573833     
   8.0000000000000002E-002   1.1966265528133717     
   8.3333333333333343E-002  0.81160585931536366     
   8.6666666666666670E-002  0.90053421995020144     
   9.0000000000000011E-002  0.64409079758092669     
   9.3333333333333338E-002   1.2274729197906369     
   9.6666666666666679E-002   1.3274521219421445     
  0.10000000000000001        1.1045441310199302     
  0.10333333333333335       0.70231213603978471     
  0.10666666666666667        1.0550991562604815     
  0.11000000000000000       0.99913156925370827     
  0.11333333333333334       0.75795944081794953     
  0.11666666666666667        1.0089453711357670     
  0.12000000000000001        1.1161719643386485     
  0.12333333333333334        1.2985518837065859     
  0.12666666666666668        1.0726689760454595     
  0.13000000000000000       0.90180225998522578     
  0.13333333333333333       0.54059051372457279     
  0.13666666666666669        1.0168093597982992     
  0.14000000000000001        1.2552798425721283     
  0.14333333333333334       0.93794150498223716     
  0.14666666666666667        1.0297267832777834     
  0.15000000000000002        1.1835603838531714     
  0.15333333333333335        1.1883391714322882     
  0.15666666666666668       0.72174724133973234     
  0.16000000000000000       0.79518058176144435     
  0.16333333333333333       0.82149616361121991     
  0.16666666666666669        1.0275566114912669     
  0.17000000000000001        1.4241082549522917     
  0.17333333333333334        1.0932149437634557     
  0.17666666666666667       0.88974526702192003     
  0.18000000000000002       0.94206619481369758     
  0.18333333333333335        1.1517757909693223     
  0.18666666666666668       0.78669011443199766     
  0.19000000000000000       0.60451446094004579     
  0.19333333333333336        1.1163911758754239     
  0.19666666666666668        1.1796690782088872     
  0.20000000000000001        1.2862681881216831     
  0.20333333333333334        1.1661760743467589     
  0.20666666666666669       0.86563025667086035     
  0.21000000000000002       0.79025905463222090     
  0.21333333333333335       0.91033410137309867     
  0.21666666666666667        1.1002521217309946     
  0.22000000000000000       0.69065244478298182     
  0.22333333333333336       0.83908815558406846     
  0.22666666666666668        1.4180451087943231     
  0.23000000000000001        1.3056157739623064     
  0.23333333333333334        1.1089176040075541     
  0.23666666666666669       0.88248628865163370     
  0.24000000000000002       0.83071090544625470     
  0.24333333333333335       0.82387879321844681     
  0.24666666666666667       0.87027370856582398     
  0.25000000000000000        1.0757400247683924     
  0.25333333333333335       0.77911262031166284     
  0.25666666666666671       0.95982998916408580     
  0.26000000000000001        1.5297658706724284     
  0.26333333333333336        1.3312749344503219     
  0.26666666666666666       0.96568526396664445     
  0.27000000000000002       0.77726445617788376     
  0.27333333333333337       0.88299992675058714     
  0.27666666666666667       0.91303785150792860     
  0.28000000000000003       0.73673728543278827     
  0.28333333333333333       0.95169643465810116     
  0.28666666666666668       0.89401644341664643     
  0.29000000000000004       0.91235727928846289     
  0.29333333333333333        1.4861975740420039     
  0.29666666666666669        1.4673520185941438     
  0.30000000000000004        1.0483583340662586     
  0.30333333333333334       0.84444119000454387     
  0.30666666666666670       0.93759776430106723     
  0.31000000000000000        1.0765687598976412     
  0.31333333333333335       0.70186258327513606     
  0.31666666666666671       0.60626373182482240     
  0.32000000000000001       0.83832569562283499     
  0.32333333333333336       0.75218145865861263     
  0.32666666666666666        1.0993515234134099     
  0.33000000000000002        1.4917858806278570     
  0.33333333333333337        1.2749803597811569     
  0.33666666666666667        1.0866900404922160     
  0.34000000000000002        1.1344107368366383     
  0.34333333333333338        1.3948197952599204     
  0.34666666666666668        1.2787754773202757     
  0.35000000000000003       0.66798642810125286     
  0.35333333333333333       0.62764694625290329     
  0.35666666666666669       0.71009271392391460     
  0.36000000000000004       0.50587767406266415     
  0.36333333333333334       0.74990331586449299     
  0.36666666666666670       0.91378466314488194     
  0.37000000000000005       0.74189573234768147     
  0.37333333333333335       0.79579348984889953     
  0.37666666666666671        1.1084857371604726     
  0.38000000000000000        1.6251090639168007     
  0.38333333333333336        1.6714802438760157     
  0.38666666666666671        1.2499991625433982     
  0.39000000000000001        1.4272981546684340     
  0.39333333333333337        1.6406325606620378     
  0.39666666666666667        1.3831362797352240     
  0.40000000000000002        1.3818353223575801     
  0.40333333333333338        1.2809526772625652     
  0.40666666666666668       0.82947845222109373     
  0.41000000000000003       0.52202213206534664     
  0.41333333333333339       0.40270990992529027     
  0.41666666666666669       0.53590023084754057     
  0.42000000000000004       0.38926116853482101     
  0.42333333333333334      -0.32274413588306600     
  0.42666666666666669      -0.49309400383135349     
  0.43000000000000005      -0.25697561456457524     
  0.43333333333333335      -0.49034720665040910     
  0.43666666666666670      -0.60620268324519477     
  0.44000000000000000      -0.54136508332194411     
  0.44333333333333336      -0.78450394755164377     
  0.44666666666666671      -0.99225787247596209     
  0.45000000000000001       -1.0446589289596109     
  0.45333333333333337      -0.85130499777913604     
  0.45666666666666672      -0.55176967673952060     
  0.46000000000000002      -0.90484467690122394     
  0.46333333333333337       -1.3251916106045500     
  0.46666666666666667       -1.0149745486132491     
  0.47000000000000003      -0.85965509524862616     
  0.47333333333333338       -1.0285518078015945     
  0.47666666666666668      -0.89418260422722406     
  0.48000000000000004      -0.85927501793141881     
  0.48333333333333334       -1.0531380999694098     
  0.48666666666666669       -1.1690846344995429     
  0.49000000000000005       -1.2013324167999240     
  0.49333333333333335      -0.87094488201503073     
  0.49666666666666670      -0.59726307795089206     
  0.50000000000000000       -1.0450601712688763     
  0.50333333333333341       -1.3179859746849116     
  0.50666666666666671      -0.98613970822730046     
  0.51000000000000001      -0.96015019613412400     
  0.51333333333333342       -1.0757880967622804     
  0.51666666666666672      -0.87687004974428240     
  0.52000000000000002      -0.83512570250892271     
  0.52333333333333332      -0.98646984289831519     
  0.52666666666666673       -1.1511962549620829     
  0.53000000000000003       -1.3043933184549468     
  0.53333333333333333      -0.97164649265726044     
  0.53666666666666674      -0.59011950595779106     
  0.54000000000000004      -0.92183779872464922     
  0.54333333333333333       -1.2430412327430578     
  0.54666666666666675      -0.98433209480082839     
  0.55000000000000004       -1.0215685818623650     
  0.55333333333333334       -1.1563037873035229     
  0.55666666666666675       -1.0048335117402063     
  0.56000000000000005      -0.77877326286359716     
  0.56333333333333335      -0.85622783889903542     
  0.56666666666666665      -0.90730971780946867     
  0.57000000000000006       -1.3706335168887545     
  0.57333333333333336       -1.2234726817167834     
  0.57666666666666666      -0.85317571656855806     
  0.58000000000000007      -0.67464408793378872     
  0.58333333333333337       -1.1884950779992740     
  0.58666666666666667      -0.85409959997929996     
  0.59000000000000008      -0.96993152086257350     
  0.59333333333333338       -1.0577804122043997     
  0.59666666666666668       -1.3413043153785138     
  0.60000000000000009      -0.96509128513227682     
  0.60333333333333339      -0.95172398186561891     
  0.60666666666666669      -0.61530650918653562     
  0.60999999999999999      -0.88851159160493132     
  0.61333333333333340       -1.3034285069235680     
  0.61666666666666670       -1.1709918332242184     
  0.62000000000000000      -0.91862255402262194     
  0.62333333333333341      -0.99245493046967637     
  0.62666666666666671       -1.2295743167510869     
  0.63000000000000000      -0.69373640073580800     
  0.63333333333333341      -0.79142067085296597     
  0.63666666666666671      -0.93800732540906784     
  0.64000000000000001       -1.2014957732218059     
  0.64333333333333342       -1.2858337166910836     
  0.64666666666666672       -1.1221435691773862     
  0.65000000000000002      -0.82380819366970326     
  0.65333333333333332      -0.70528144695675898     
  0.65666666666666673       -1.1799865647783305     
  0.66000000000000003      -0.87796588351490512     
  0.66333333333333333      -0.79336308880967310     
  0.66666666666666674       -1.1370598100606382     
  0.67000000000000004       -1.3650057166579399     
  0.67333333333333334       -1.1795589072169348     
  0.67666666666666675      -0.80098341842907050     
  0.68000000000000005      -0.86165742861450190     
  0.68333333333333335      -0.70054774699868005     
  0.68666666666666676       -1.0176987885407738     
  0.69000000000000006       -1.2083792312632557     
  0.69333333333333336      -0.91499898022449366     
  0.69666666666666666       -1.0527928228194368     
  0.70000000000000007       -1.2804608465109051     
  0.70333333333333337       -1.2760232869362822     
  0.70666666666666667      -0.68187463938878912     
  0.71000000000000008      -0.61023244958111822     
  0.71333333333333337      -0.98326600173824563     
  0.71666666666666667      -0.93681284331141956     
  0.72000000000000008       -1.1652999963077602     
  0.72333333333333338       -1.1575180222048957     
  0.72666666666666668       -1.0345031918655074     
  0.73000000000000009       -1.1164032172202041     
  0.73333333333333339       -1.1826354626544249     
  0.73666666666666669       -1.0533636218576907     
  0.74000000000000010      -0.46896913206981772     
  0.74333333333333340      -0.65588305067808239     
  0.74666666666666670       -1.1884817956479974     
  0.75000000000000000       -1.0757400247683959     
  0.75333333333333341       -1.0973207073938378     
  0.75666666666666671       -1.1278257317044573     
  0.76000000000000001       -1.1680240972959914     
  0.76333333333333342       -1.1603976012442685     
  0.76666666666666672       -1.0394031226135187     
  0.77000000000000002      -0.96647701291998467     
  0.77333333333333343      -0.49945800982177169     
  0.77666666666666673      -0.59460798488710476     
  0.78000000000000003       -1.2113848369575633     
  0.78333333333333344       -1.1151357130776705     
  0.78666666666666674      -0.96694834378179395     
  0.79000000000000004       -1.0923838843395661     
  0.79333333333333333       -1.3024419567599312     
  0.79666666666666675       -1.3575048060046178     
  0.80000000000000004       -1.0425509924554828     
  0.80333333333333334      -0.97131744539399578     
  0.80666666666666675      -0.73620556865013276     
  0.81000000000000005      -0.47270398957443582     
  0.81333333333333335      -0.93287125738391663     
  0.81666666666666676       -1.0574917757954609     
  0.82000000000000006      -0.75791692942363897     
  0.82333333333333336      -0.84094330725146871     
  0.82666666666666677       -1.1856954868668896     
  0.83000000000000007       -1.5508884189222152     
  0.83333333333333337       -1.3844835583505288     
  0.83666666666666667       -1.1148231152937627     
  0.84000000000000008       -1.2171960385900999     
  0.84333333333333338      -0.93658047182132154     
  0.84666666666666668      -0.79571775284474910     
  0.85000000000000009       -1.0277386182847223     
  0.85333333333333339      -0.72006373215249975     
  0.85666666666666669      -0.36220050221506378     
  0.86000000000000010      -0.45209360471234578     
  0.86333333333333340      -0.82870535025372094     
  0.86666666666666670       -1.1646148202732758     
  0.87000000000000011      -0.94996159159709848     
  0.87333333333333341      -0.95269883055452786     
  0.87666666666666671       -1.4145826903973819     
  0.88000000000000000       -1.4275596536007751     
  0.88333333333333341       -1.5094337817875714     
  0.88666666666666671       -1.7954682286490158     
  0.89000000000000001       -1.5379181323172135     
  0.89333333333333342       -1.2008399135880967     
  0.89666666666666672       -1.1337244339093873     
  0.90000000000000002       -1.2423824764699283     
  0.90333333333333343       -1.2671004838261983     
  0.90666666666666673      -0.65978594463485862     
  0.91000000000000003      -0.19618140878370272     
  0.91333333333333344      -0.35627528995438862     
  0.91666666666666674      -0.15901101216362801     
  0.92000000000000004       0.13272129634476290     
  0.92333333333333334        7.2871293794240177E-002
  0.92666666666666675       0.32100163890791417     
  0.93000000000000005       0.69018058389220682     
  0.93333333333333335       0.80343422447250057     
  0.93666666666666676       0.70275574957746689     
  0.94000000000000006       0.43534383914288777     
  0.94333333333333336       0.68348924197847039     
  0.94666666666666677        1.2082540292736927     
  0.95000000000000007        1.0148210219689728     
  0.95333333333333337       0.78356511026589926     
  0.95666666666666678       0.98373459859306378     
  0.96000000000000008       0.89988681517377656     
  0.96333333333333337       0.81543989646093262     
  0.96666666666666667        1.0372511265689977     
  0.97000000000000008        1.1657290398637918     
  0.97333333333333338        1.1680029532188152     
  0.97666666666666668       0.87984522716851554     
  0.98000000000000009       0.60697998356126326     
  0.98333333333333339        1.0317932963190732     
  0.98666666666666669        1.3421225165949151     
  0.99000000000000010       0.99182002503385480     
  0.99333333333333340       0.91891490428359923     
  0.99666666666666670        1.0559264933606500     
