   0.0000000000000000       -1.1036081662956434     
   3.3333333333333335E-003 -0.85679252954709428     
   6.6666666666666671E-003 -0.88754518927534876     
   1.0000000000000000E-002  -1.1362172430704618     
   1.3333333333333334E-002  -1.1301731588977919     
   1.6666666666666666E-002 -0.88105920368114576     
   2.0000000000000000E-002 -0.84590113619079288     
   2.3333333333333334E-002  -1.0875052225982280     
   2.6666666666666668E-002  -1.1785005230409742     
   3.0000000000000002E-002 -0.96165300989423874     
   3.3333333333333333E-002 -0.80640954736624360     
   3.6666666666666667E-002 -0.97115885016766512     
   4.0000000000000001E-002  -1.1857428064418267     
   4.3333333333333335E-002  -1.1068460569082403     
   4.6666666666666669E-002 -0.85928977964194908     
   5.0000000000000003E-002 -0.82314648667806234     
   5.3333333333333337E-002  -1.0515128045404551     
   5.6666666666666671E-002  -1.2083980691092353     
   6.0000000000000005E-002  -1.0696054794620562     
   6.3333333333333339E-002 -0.83091057113472266     
   6.6666666666666666E-002 -0.81862886620880948     
   7.0000000000000007E-002  -1.0476706764909234     
   7.3333333333333334E-002  -1.2193070627381322     
   7.6666666666666675E-002  -1.1170296055955062     
   8.0000000000000002E-002 -0.86854802024672140     
   8.3333333333333343E-002 -0.77216598571156492     
   8.6666666666666670E-002 -0.93882430448786403     
   9.0000000000000011E-002  -1.1784536801255157     
   9.3333333333333338E-002  -1.2281326275702853     
   9.6666666666666679E-002  -1.0366034514241569     
  0.10000000000000001      -0.80243748714897400     
  0.10333333333333335      -0.75850013695703689     
  0.10666666666666667      -0.94544030996283179     
  0.11000000000000000       -1.1885706229645012     
  0.11333333333333334       -1.2709233642447506     
  0.11666666666666667       -1.1232253235378613     
  0.12000000000000001      -0.86863878376134274     
  0.12333333333333334      -0.70845296004773073     
  0.12666666666666668      -0.76257512091409940     
  0.13000000000000000      -0.99057365753181215     
  0.13333333333333333       -1.2353725377919078     
  0.13666666666666669       -1.3380542557558199     
  0.14000000000000001       -1.2365270570070208     
  0.14333333333333334      -0.99081315526069802     
  0.14666666666666667      -0.73529890901814243     
  0.15000000000000002      -0.59987854034924115     
  0.15333333333333335      -0.64796239239912201     
  0.15666666666666668      -0.85770684011310494     
  0.16000000000000000       -1.1442990497214458     
  0.16333333333333333       -1.4027647736827422     
  0.16666666666666669       -1.5480702668527269     
  0.17000000000000001       -1.5378626205898858     
  0.17333333333333334       -1.3749444435623457     
  0.17666666666666667       -1.0951863436424447     
  0.18000000000000002      -0.74970936385446307     
  0.18333333333333335      -0.38880357387617825     
  0.18666666666666668       -5.1593285774980888E-002
  0.19000000000000000       0.23791672922865187     
  0.19333333333333336       0.46991688219004818     
  0.19666666666666668       0.64522292042648122     
  0.20000000000000001       0.77102602434441025     
  0.20333333333333334       0.85721888415819003     
  0.20666666666666669       0.91383155235669977     
  0.21000000000000002       0.94959474355256013     
  0.21333333333333335       0.97138186435418550     
  0.21666666666666667       0.98421031342191723     
  0.22000000000000000       0.99152479699691165     
  0.22333333333333336       0.99556998063143598     
  0.22666666666666668       0.99774299092876984     
  0.23000000000000001       0.99887821563206114     
  0.23333333333333334       0.99945575305638146     
  0.23666666666666669       0.99974184828209911     
  0.24000000000000002       0.99988075038038360     
  0.24333333333333335       0.99994502153992804     
  0.24666666666666667       0.99997776828805929     
  0.25000000000000000       0.99998536753373224     
  0.25333333333333335        1.0000049691558879     
  0.25666666666666671       0.99997740672467716     
  0.26000000000000001        1.0000438711536470     
  0.26333333333333336       0.99990587831643507     
  0.26666666666666666        1.0001923431037392     
  0.27000000000000002       0.99961495300529035     
  0.27333333333333337        1.0007502353381934     
  0.27666666666666667       0.99857724716960017     
  0.28000000000000003        1.0026224391480820     
  0.28333333333333333       0.99530795866369104     
  0.28666666666666668        1.0081364088563189     
  0.29000000000000004       0.98634928845714920     
  0.29333333333333333        1.0221124797945826     
  0.29666666666666669       0.96549981164505672     
  0.30000000000000004        1.0516926714755075     
  0.30333333333333334       0.92588956756316287     
  0.30666666666666670        1.1011956058014358     
  0.31000000000000000       0.86919545284063948     
  0.31333333333333335        1.1587054678444615     
  0.31666666666666671       0.82149517974332376     
  0.32000000000000001        1.1824009697216282     
  0.32333333333333336       0.83692398993365258     
  0.32666666666666666        1.1166820898535554     
  0.33000000000000002       0.95376391282601503     
  0.33333333333333337       0.96397155908885712     
  0.33666666666666667        1.1092770522588395     
  0.34000000000000002       0.85081132829754402     
  0.34333333333333338        1.1374035379058838     
  0.34666666666666668       0.92765909019190007     
  0.35000000000000003       0.97574294224178049     
  0.35333333333333333        1.1111633109106811     
  0.35666666666666669       0.85564906466812585     
  0.36000000000000004        1.1013629664144498     
  0.36333333333333334       0.99983576766565174     
  0.36666666666666670       0.89715404970174040     
  0.37000000000000005        1.1419529299618358     
  0.37333333333333335       0.91395439334412365     
  0.37666666666666671       0.96807655421049410     
  0.38000000000000000        1.1282623779241050     
  0.38333333333333336       0.87367583814758776     
  0.38666666666666671        1.0213738788544764     
  0.39000000000000001        1.1037266201347238     
  0.39333333333333337       0.86059630713305657     
  0.39666666666666667        1.0475364801388489     
  0.40000000000000002        1.0914738303307872     
  0.40333333333333338       0.85730786605560316     
  0.40666666666666668        1.0488370422017304     
  0.41000000000000003        1.0985159896465007     
  0.41333333333333339       0.85888661400884880     
  0.41666666666666669        1.0255449327851469     
  0.42000000000000004        1.1219269673203034     
  0.42333333333333334       0.87344538197152055     
  0.42666666666666669       0.97572283911414859     
  0.43000000000000005        1.1473592253613567     
  0.43333333333333335       0.91831741507924358     
  0.43666666666666670       0.90603571015333084     
  0.44000000000000000        1.1447306184806658     
  0.44333333333333336        1.0059380288334867     
  0.44666666666666671       0.84905276426470500     
  0.45000000000000001        1.0774190821270992     
  0.45333333333333337        1.1135623750909853     
  0.45666666666666672       0.86600609782469162     
  0.46000000000000002       0.94490284735827879     
  0.46333333333333337        1.1594868036324402     
  0.46666666666666667       0.99473750083101631     
  0.47000000000000003       0.83949403830302238     
  0.47333333333333338        1.0563415514497592     
  0.47666666666666668        1.1473368518925033     
  0.48000000000000004       0.90573276548506965     
  0.48333333333333334       0.87057469799471698     
  0.48666666666666669        1.1196886532113641     
  0.49000000000000005        1.1136445690386942     
  0.49333333333333335       0.86497251524358088     
  0.49666666666666670       0.89572517497183524     
  0.50000000000000000        1.1425408117203870     
  0.50333333333333341        1.1036081662956434     
  0.50666666666666671       0.85679252954709428     
  0.51000000000000001       0.88754518927534876     
  0.51333333333333342        1.1362172430704618     
  0.51666666666666672        1.1301731588977919     
  0.52000000000000002       0.88105920368114576     
  0.52333333333333332       0.84590113619079288     
  0.52666666666666673        1.0875052225982280     
  0.53000000000000003        1.1785005230409742     
  0.53333333333333333       0.96165300989423874     
  0.53666666666666674       0.80640954736624360     
  0.54000000000000004       0.97115885016766512     
  0.54333333333333333        1.1857428064418267     
  0.54666666666666675        1.1068460569082403     
  0.55000000000000004       0.85928977964194908     
  0.55333333333333334       0.82314648667806234     
  0.55666666666666675        1.0515128045404551     
  0.56000000000000005        1.2083980691092353     
  0.56333333333333335        1.0696054794620562     
  0.56666666666666665       0.83091057113472266     
  0.57000000000000006       0.81862886620880948     
  0.57333333333333336        1.0476706764909234     
  0.57666666666666666        1.2193070627381322     
  0.58000000000000007        1.1170296055955062     
  0.58333333333333337       0.86854802024672140     
  0.58666666666666667       0.77216598571156492     
  0.59000000000000008       0.93882430448786403     
  0.59333333333333338        1.1784536801255157     
  0.59666666666666668        1.2281326275702853     
  0.60000000000000009        1.0366034514241569     
  0.60333333333333339       0.80243748714897400     
  0.60666666666666669       0.75850013695703689     
  0.60999999999999999       0.94544030996283179     
  0.61333333333333340        1.1885706229645012     
  0.61666666666666670        1.2709233642447506     
  0.62000000000000000        1.1232253235378613     
  0.62333333333333341       0.86863878376134274     
  0.62666666666666671       0.70845296004773073     
  0.63000000000000000       0.76257512091409940     
  0.63333333333333341       0.99057365753181215     
  0.63666666666666671        1.2353725377919078     
  0.64000000000000001        1.3380542557558199     
  0.64333333333333342        1.2365270570070208     
  0.64666666666666672       0.99081315526069802     
  0.65000000000000002       0.73529890901814243     
  0.65333333333333332       0.59987854034924115     
  0.65666666666666673       0.64796239239912201     
  0.66000000000000003       0.85770684011310494     
  0.66333333333333333        1.1442990497214458     
  0.66666666666666674        1.4027647736827422     
  0.67000000000000004        1.5480702668527269     
  0.67333333333333334        1.5378626205898860     
  0.67666666666666675        1.3749444435623439     
  0.68000000000000005        1.0951863436424512     
  0.68333333333333335       0.74970936385444242     
  0.68666666666666676       0.38880357387624376     
  0.69000000000000006        5.1593285774777786E-002
  0.69333333333333336      -0.23791672922803042     
  0.69666666666666666      -0.46991688219191985     
  0.70000000000000007      -0.64522292042093687     
  0.70333333333333337      -0.77102602436056533     
  0.70666666666666667      -0.85721888411189406     
  0.71000000000000008      -0.91383155248714021     
  0.71333333333333337      -0.94959474319133907     
  0.71666666666666667      -0.97138186533703785     
  0.72000000000000008      -0.98421031079523957     
  0.72333333333333338      -0.99152480388930309     
  0.72666666666666668      -0.99556996288100008     
  0.73000000000000009      -0.99774303577689905     
  0.73333333333333339      -0.99887810451420200     
  0.73666666666666669      -0.99945602290612279     
  0.74000000000000010      -0.99974120627792107     
  0.74333333333333340      -0.99988224590413044     
  0.74666666666666670      -0.99994161251014646     
  0.75000000000000000      -0.99998536753373168     
  0.75333333333333341      -0.99996881337797527     
  0.75666666666666671       -1.0000401823604728     
  0.76000000000000001      -0.99990432705118504     
  0.76333333333333342       -1.0001917036924086     
  0.76666666666666672      -0.99961469456156016     
  0.77000000000000002       -1.0007501328604516     
  0.77333333333333343      -0.99857720729042287     
  0.77666666666666673       -1.0026224239117330     
  0.78000000000000003      -0.99530795294641028     
  0.78333333333333344       -1.0081364067485687     
  0.78666666666666674      -0.98634928769347296     
  0.79000000000000004       -1.0221124795225680     
  0.79333333333333333      -0.96549981154977793     
  0.79666666666666675       -1.0516926714426800     
  0.80000000000000004      -0.92588956755203455     
  0.80333333333333334       -1.1011956057977235     
  0.80666666666666675      -0.86919545283942024     
  0.81000000000000005       -1.1587054678440674     
  0.81333333333333335      -0.82149517974319841     
  0.81666666666666676       -1.1824009697215885     
  0.82000000000000006      -0.83692398993364059     
  0.82333333333333336       -1.1166820898535519     
  0.82666666666666677      -0.95376391282601392     
  0.83000000000000007      -0.96397155908885668     
  0.83333333333333337       -1.1092770522588395     
  0.83666666666666667      -0.85081132829754402     
  0.84000000000000008       -1.1374035379058838     
  0.84333333333333338      -0.92765909019190007     
  0.84666666666666668      -0.97574294224178049     
  0.85000000000000009       -1.1111633109106811     
  0.85333333333333339      -0.85564906466812585     
  0.85666666666666669       -1.1013629664144498     
  0.86000000000000010      -0.99983576766565174     
  0.86333333333333340      -0.89715404970174040     
  0.86666666666666670       -1.1419529299618358     
  0.87000000000000011      -0.91395439334412365     
  0.87333333333333341      -0.96807655421049410     
  0.87666666666666671       -1.1282623779241050     
  0.88000000000000000      -0.87367583814758776     
  0.88333333333333341       -1.0213738788544764     
  0.88666666666666671       -1.1037266201347238     
  0.89000000000000001      -0.86059630713305657     
  0.89333333333333342       -1.0475364801388489     
  0.89666666666666672       -1.0914738303307872     
  0.90000000000000002      -0.85730786605560316     
  0.90333333333333343       -1.0488370422017304     
  0.90666666666666673       -1.0985159896465007     
  0.91000000000000003      -0.85888661400884880     
  0.91333333333333344       -1.0255449327851469     
  0.91666666666666674       -1.1219269673203034     
  0.92000000000000004      -0.87344538197152055     
  0.92333333333333334      -0.97572283911414859     
  0.92666666666666675       -1.1473592253613567     
  0.93000000000000005      -0.91831741507924358     
  0.93333333333333335      -0.90603571015333084     
  0.93666666666666676       -1.1447306184806658     
  0.94000000000000006       -1.0059380288334867     
  0.94333333333333336      -0.84905276426470500     
  0.94666666666666677       -1.0774190821270992     
  0.95000000000000007       -1.1135623750909853     
  0.95333333333333337      -0.86600609782469162     
  0.95666666666666678      -0.94490284735827879     
  0.96000000000000008       -1.1594868036324402     
  0.96333333333333337      -0.99473750083101631     
  0.96666666666666667      -0.83949403830302238     
  0.97000000000000008       -1.0563415514497592     
  0.97333333333333338       -1.1473368518925033     
  0.97666666666666668      -0.90573276548506965     
  0.98000000000000009      -0.87057469799471698     
  0.98333333333333339       -1.1196886532113641     
  0.98666666666666669       -1.1136445690386942     
  0.99000000000000010      -0.86497251524358088     
  0.99333333333333340      -0.89572517497183524     
  0.99666666666666670       -1.1425408117203870     
