   0.0000000000000000       -1.1881429267659498     
   3.3333333333333335E-003 -0.93233807026183269     
   6.6666666666666671E-003 -0.80237414650688144     
   1.0000000000000000E-002  -1.0454617365316388     
   1.3333333333333334E-002  -1.2102283792389430     
   1.6666666666666666E-002 -0.99922085800887628     
   2.0000000000000000E-002 -0.78422801143456788     
   2.3333333333333334E-002 -0.93275657547516722     
   2.6666666666666668E-002  -1.1969376498542186     
   3.0000000000000002E-002  -1.1503723043081189     
   3.3333333333333333E-002 -0.86715102326508475     
   3.6666666666666667E-002 -0.77753446398686499     
   4.0000000000000001E-002  -1.0120478078761890     
   4.3333333333333335E-002  -1.2364054638467867     
   4.6666666666666669E-002  -1.1433676282083562     
   5.0000000000000003E-002 -0.85766434567394745     
   5.3333333333333337E-002 -0.74392741772517423     
   5.6666666666666671E-002 -0.94022318613225819     
   6.0000000000000005E-002  -1.2140228660647117     
   6.3333333333333339E-002  -1.2566833228001075     
   6.6666666666666666E-002  -1.0238361761281047     
   7.0000000000000007E-002 -0.75647718309506473     
   7.3333333333333334E-002 -0.71621912616952099     
   7.6666666666666675E-002 -0.93890132963891948     
   8.0000000000000002E-002  -1.2271702994466978     
   8.3333333333333343E-002  -1.3417412737467624     
   8.6666666666666670E-002  -1.1944931916175423     
   9.0000000000000011E-002 -0.89423082888773797     
   9.3333333333333338E-002 -0.64536472329788719     
   9.6666666666666679E-002 -0.60373965188501444     
  0.10000000000000001      -0.79239871660233041     
  0.10333333333333335       -1.1113539738817300     
  0.10666666666666667       -1.4090965971420935     
  0.11000000000000000       -1.5600554808917537     
  0.11333333333333334       -1.5086161336270654     
  0.11666666666666667       -1.2711637489217946     
  0.12000000000000001      -0.91030350572736873     
  0.12333333333333334      -0.50190136825719067     
  0.12666666666666668      -0.10997467264140348     
  0.13000000000000000       0.22507271790839822     
  0.13333333333333333       0.48674947211975889     
  0.13666666666666669       0.67633153356962905     
  0.14000000000000001       0.80504463463287068     
  0.14333333333333334       0.88753635128672281     
  0.14666666666666667       0.93771858816152942     
  0.15000000000000002       0.96682004763457297     
  0.15333333333333335       0.98296424975742824     
  0.15666666666666668       0.99155646413078213     
  0.16000000000000000       0.99595423943590977     
  0.16333333333333333       0.99812344776170003     
  0.16666666666666669       0.99915642544041050     
  0.17000000000000001       0.99963207487576011     
  0.17333333333333334       0.99984415292172690     
  0.17666666666666667       0.99993582947347381     
  0.18000000000000002       0.99997429406550375     
  0.18333333333333335       0.99998997400515610     
  0.18666666666666668       0.99999618996775119     
  0.19000000000000000       0.99999858835418975     
  0.19333333333333336       0.99999948974430619     
  0.19666666666666668       0.99999981996109810     
  0.20000000000000001       0.99999993795646458     
  0.20333333333333334       0.99999997910707938     
  0.20666666666666669       0.99999999312169063     
  0.21000000000000002       0.99999999778517445     
  0.21333333333333335       0.99999999930215822     
  0.21666666666666667       0.99999999978476750     
  0.22000000000000000       0.99999999993499356     
  0.22333333333333336       0.99999999998076639     
  0.22666666666666668       0.99999999999442357     
  0.23000000000000001       0.99999999999841538     
  0.23333333333333334       0.99999999999955846     
  0.23666666666666669       0.99999999999987932     
  0.24000000000000002       0.99999999999996780     
  0.24333333333333335       0.99999999999999178     
  0.24666666666666667       0.99999999999999800     
  0.25000000000000000       0.99999999999999933     
  0.25333333333333335        1.0000000000000011     
  0.25666666666666671       0.99999999999999512     
  0.26000000000000001        1.0000000000000184     
  0.26333333333333336       0.99999999999993061     
  0.26666666666666666        1.0000000000002518     
  0.27000000000000002       0.99999999999910827     
  0.27333333333333337        1.0000000000030997     
  0.27666666666666667       0.99999999998944311     
  0.28000000000000003        1.0000000000352156     
  0.28333333333333333       0.99999999988498989     
  0.28666666666666668        1.0000000003675993     
  0.29000000000000004       0.99999999885061563     
  0.29333333333333333        1.0000000035140983     
  0.29666666666666669       0.99999998949948765     
  0.30000000000000004        1.0000000306501018     
  0.30333333333333334       0.99999991265473587     
  0.30666666666666670        1.0000002428715278     
  0.31000000000000000       0.99999934148141245     
  0.31333333333333335        1.0000017398678500     
  0.31666666666666671       0.99999552390525592     
  0.32000000000000001        1.0000112038449065     
  0.32333333333333336       0.99997273925287744     
  0.32666666666666666        1.0000644158046237     
  0.33000000000000002       0.99985233775865723     
  0.33333333333333337        1.0003279871940067     
  0.33666666666666667       0.99929500951529626     
  0.34000000000000002        1.0014642178410860     
  0.34333333333333338       0.99706644253595855     
  0.34666666666666668        1.0056586569093129     
  0.35000000000000003       0.98951445478645683     
  0.35333333333333333        1.0186159142595006     
  0.35666666666666669       0.96843367738469477     
  0.36000000000000004        1.0509253940385455     
  0.36333333333333334       0.92221229297530471     
  0.36666666666666670        1.1117943544251749     
  0.37000000000000005       0.85011760021381544     
  0.37333333333333335        1.1851649907636161     
  0.37666666666666671       0.79323829514782940     
  0.38000000000000000        1.2016404326180070     
  0.38333333333333336       0.84078018942358035     
  0.38666666666666671        1.0782325741288528     
  0.39000000000000001        1.0267932268641624     
  0.39333333333333337       0.87583434311450192     
  0.39666666666666667        1.1735769663748647     
  0.40000000000000002       0.85462170909546598     
  0.40333333333333338        1.0432807738127796     
  0.40666666666666668        1.0849058452256513     
  0.41000000000000003       0.83603973963580025     
  0.41333333333333339        1.1363021023656048     
  0.41666666666666669       0.98905402023638311     
  0.42000000000000004       0.87448304593631898     
  0.42333333333333334        1.1627520157440971     
  0.42666666666666669       0.94006981227469932     
  0.43000000000000005       0.89981175534915669     
  0.43333333333333335        1.1671707483821951     
  0.43666666666666670       0.93432360171019346     
  0.44000000000000000       0.89166314497479859     
  0.44333333333333336        1.1654628249072521     
  0.44666666666666671       0.96916705650016943     
  0.45000000000000001       0.85543012855139522     
  0.45333333333333337        1.1411334110858053     
  0.45666666666666672        1.0480955754473749     
  0.46000000000000002       0.82373791947677799     
  0.46333333333333337        1.0582512633661023     
  0.46666666666666667        1.1478678226443215     
  0.47000000000000003       0.86464654160128640     
  0.47333333333333338       0.91121188714738688     
  0.47666666666666668        1.1753929615264398     
  0.48000000000000004        1.0268643974858389     
  0.48333333333333334       0.81187155091152874     
  0.48666666666666669        1.0228790721415961     
  0.49000000000000005        1.1876457148489001     
  0.49333333333333335       0.94455812482414270     
  0.49666666666666670       0.81459420106919267     
  0.50000000000000000        1.0703990575733089     
  0.50333333333333341        1.1881429267659498     
  0.50666666666666671       0.93233807026183269     
  0.51000000000000001       0.80237414650688144     
  0.51333333333333342        1.0454617365316388     
  0.51666666666666672        1.2102283792389430     
  0.52000000000000002       0.99922085800887628     
  0.52333333333333332       0.78422801143456788     
  0.52666666666666673       0.93275657547516722     
  0.53000000000000003        1.1969376498542186     
  0.53333333333333333        1.1503723043081189     
  0.53666666666666674       0.86715102326508475     
  0.54000000000000004       0.77753446398686499     
  0.54333333333333333        1.0120478078761890     
  0.54666666666666675        1.2364054638467867     
  0.55000000000000004        1.1433676282083562     
  0.55333333333333334       0.85766434567394745     
  0.55666666666666675       0.74392741772517423     
  0.56000000000000005       0.94022318613225819     
  0.56333333333333335        1.2140228660647117     
  0.56666666666666665        1.2566833228001075     
  0.57000000000000006        1.0238361761281047     
  0.57333333333333336       0.75647718309506473     
  0.57666666666666666       0.71621912616952099     
  0.58000000000000007       0.93890132963891948     
  0.58333333333333337        1.2271702994466978     
  0.58666666666666667        1.3417412737467624     
  0.59000000000000008        1.1944931916175423     
  0.59333333333333338       0.89423082888773797     
  0.59666666666666668       0.64536472329788719     
  0.60000000000000009       0.60373965188501444     
  0.60333333333333339       0.79239871660233041     
  0.60666666666666669        1.1113539738817300     
  0.60999999999999999        1.4090965971420935     
  0.61333333333333340        1.5600554808917537     
  0.61666666666666670        1.5086161336270654     
  0.62000000000000000        1.2711637489217946     
  0.62333333333333341       0.91030350572736873     
  0.62666666666666671       0.50190136825719067     
  0.63000000000000000       0.10997467264140348     
  0.63333333333333341      -0.22507271790839822     
  0.63666666666666671      -0.48674947211975889     
  0.64000000000000001      -0.67633153356962905     
  0.64333333333333342      -0.80504463463287068     
  0.64666666666666672      -0.88753635128672281     
  0.65000000000000002      -0.93771858816152942     
  0.65333333333333332      -0.96682004763457297     
  0.65666666666666673      -0.98296424975742824     
  0.66000000000000003      -0.99155646413078213     
  0.66333333333333333      -0.99595423943590977     
  0.66666666666666674      -0.99812344776170003     
  0.67000000000000004      -0.99915642544041050     
  0.67333333333333334      -0.99963207487576011     
  0.67666666666666675      -0.99984415292172690     
  0.68000000000000005      -0.99993582947347381     
  0.68333333333333335      -0.99997429406550375     
  0.68666666666666676      -0.99998997400515610     
  0.69000000000000006      -0.99999618996775119     
  0.69333333333333336      -0.99999858835418975     
  0.69666666666666666      -0.99999948974430619     
  0.70000000000000007      -0.99999981996109810     
  0.70333333333333337      -0.99999993795646458     
  0.70666666666666667      -0.99999997910707938     
  0.71000000000000008      -0.99999999312169063     
  0.71333333333333337      -0.99999999778517445     
  0.71666666666666667      -0.99999999930215822     
  0.72000000000000008      -0.99999999978476750     
  0.72333333333333338      -0.99999999993499356     
  0.72666666666666668      -0.99999999998076639     
  0.73000000000000009      -0.99999999999442357     
  0.73333333333333339      -0.99999999999841538     
  0.73666666666666669      -0.99999999999955846     
  0.74000000000000010      -0.99999999999987932     
  0.74333333333333340      -0.99999999999996791     
  0.74666666666666670      -0.99999999999999145     
  0.75000000000000000      -0.99999999999999922     
  0.75333333333333341      -0.99999999999999467     
  0.75666666666666671       -1.0000000000000184     
  0.76000000000000001      -0.99999999999993061     
  0.76333333333333342       -1.0000000000002518     
  0.76666666666666672      -0.99999999999910827     
  0.77000000000000002       -1.0000000000030997     
  0.77333333333333343      -0.99999999998944311     
  0.77666666666666673       -1.0000000000352156     
  0.78000000000000003      -0.99999999988498989     
  0.78333333333333344       -1.0000000003675993     
  0.78666666666666674      -0.99999999885061563     
  0.79000000000000004       -1.0000000035140983     
  0.79333333333333333      -0.99999998949948765     
  0.79666666666666675       -1.0000000306501018     
  0.80000000000000004      -0.99999991265473587     
  0.80333333333333334       -1.0000002428715278     
  0.80666666666666675      -0.99999934148141245     
  0.81000000000000005       -1.0000017398678500     
  0.81333333333333335      -0.99999552390525592     
  0.81666666666666676       -1.0000112038449065     
  0.82000000000000006      -0.99997273925287744     
  0.82333333333333336       -1.0000644158046237     
  0.82666666666666677      -0.99985233775865723     
  0.83000000000000007       -1.0003279871940067     
  0.83333333333333337      -0.99929500951529626     
  0.83666666666666667       -1.0014642178410860     
  0.84000000000000008      -0.99706644253595855     
  0.84333333333333338       -1.0056586569093129     
  0.84666666666666668      -0.98951445478645683     
  0.85000000000000009       -1.0186159142595006     
  0.85333333333333339      -0.96843367738469477     
  0.85666666666666669       -1.0509253940385455     
  0.86000000000000010      -0.92221229297530471     
  0.86333333333333340       -1.1117943544251749     
  0.86666666666666670      -0.85011760021381544     
  0.87000000000000011       -1.1851649907636161     
  0.87333333333333341      -0.79323829514782940     
  0.87666666666666671       -1.2016404326180070     
  0.88000000000000000      -0.84078018942358035     
  0.88333333333333341       -1.0782325741288528     
  0.88666666666666671       -1.0267932268641624     
  0.89000000000000001      -0.87583434311450192     
  0.89333333333333342       -1.1735769663748647     
  0.89666666666666672      -0.85462170909546598     
  0.90000000000000002       -1.0432807738127796     
  0.90333333333333343       -1.0849058452256513     
  0.90666666666666673      -0.83603973963580025     
  0.91000000000000003       -1.1363021023656048     
  0.91333333333333344      -0.98905402023638311     
  0.91666666666666674      -0.87448304593631898     
  0.92000000000000004       -1.1627520157440971     
  0.92333333333333334      -0.94006981227469932     
  0.92666666666666675      -0.89981175534915669     
  0.93000000000000005       -1.1671707483821951     
  0.93333333333333335      -0.93432360171019346     
  0.93666666666666676      -0.89166314497479859     
  0.94000000000000006       -1.1654628249072521     
  0.94333333333333336      -0.96916705650016943     
  0.94666666666666677      -0.85543012855139522     
  0.95000000000000007       -1.1411334110858053     
  0.95333333333333337       -1.0480955754473749     
  0.95666666666666678      -0.82373791947677799     
  0.96000000000000008       -1.0582512633661023     
  0.96333333333333337       -1.1478678226443215     
  0.96666666666666667      -0.86464654160128640     
  0.97000000000000008      -0.91121188714738688     
  0.97333333333333338       -1.1753929615264398     
  0.97666666666666668       -1.0268643974858389     
  0.98000000000000009      -0.81187155091152874     
  0.98333333333333339       -1.0228790721415961     
  0.98666666666666669       -1.1876457148489001     
  0.99000000000000010      -0.94455812482414270     
  0.99333333333333340      -0.81459420106919267     
  0.99666666666666670       -1.0703990575733089     
