   0.0000000000000000       0.64236388027174196     
   3.3333333333333335E-003  -2.1843143929348011E-002
   6.6666666666666671E-003  0.14510316321844416     
   1.0000000000000000E-002 -0.15850742533218010     
   1.3333333333333334E-002 -0.25414757672550459     
   1.6666666666666666E-002 -0.74383451219115071     
   2.0000000000000000E-002 -0.63218761089900455     
   2.3333333333333334E-002 -0.58165610175805393     
   2.6666666666666668E-002 -0.82147655368369243     
   3.0000000000000002E-002 -0.93166718530320403     
   3.3333333333333333E-002  -1.0671519664736715     
   3.6666666666666667E-002 -0.69283559866198485     
   4.0000000000000001E-002 -0.96711188133134240     
   4.3333333333333335E-002  -1.0509735404687826     
   4.6666666666666669E-002  -1.0824278745137939     
   5.0000000000000003E-002 -0.92448656576709642     
   5.3333333333333337E-002 -0.78721495478321613     
   5.6666666666666671E-002  -1.1813763070462546     
   6.0000000000000005E-002  -1.0506799613736648     
   6.3333333333333339E-002 -0.99297289784424647     
   6.6666666666666666E-002 -0.84912100655645750     
   7.0000000000000007E-002 -0.95711249452265723     
   7.3333333333333334E-002  -1.2495707929571895     
   7.6666666666666675E-002 -0.93635044202954365     
   8.0000000000000002E-002 -0.91132811457971263     
   8.3333333333333343E-002 -0.91624110020960092     
   8.6666666666666670E-002  -1.0756940985372814     
   9.0000000000000011E-002  -1.2083399954449756     
   9.3333333333333338E-002 -0.82279702870456795     
   9.6666666666666679E-002 -0.90304043449044136     
  0.10000000000000001       -1.0395746572626370     
  0.10333333333333335       -1.0954435649441416     
  0.10666666666666667       -1.1277067395535483     
  0.11000000000000000      -0.77388784335041183     
  0.11333333333333334      -0.92409535773224660     
  0.11666666666666667       -1.1557073742612956     
  0.12000000000000001       -1.0539619639387898     
  0.12333333333333334       -1.0431309559463486     
  0.12666666666666668      -0.80178464951344908     
  0.13000000000000000      -0.92421217588590510     
  0.13333333333333333       -1.2360580386599826     
  0.13666666666666669       -1.0248159824074057     
  0.14000000000000001      -0.94332194944179559     
  0.14333333333333334      -0.88332089471662678     
  0.14666666666666667      -0.90971135058156471     
  0.15000000000000002       -1.2437472575850912     
  0.15333333333333335       -1.0722033354541078     
  0.15666666666666668      -0.83152486752999666     
  0.16000000000000000      -0.94154067902127536     
  0.16333333333333333      -0.94742305344317979     
  0.16666666666666669       -1.1538680246625557     
  0.17000000000000001       -1.1722628209085029     
  0.17333333333333334      -0.79952912538917476     
  0.17666666666666667      -0.87365026983975558     
  0.18000000000000002       -1.0507275783207832     
  0.18333333333333335       -1.0617280992026732     
  0.18666666666666668       -1.1812250482299476     
  0.19000000000000000      -0.93736214067825308     
  0.19333333333333336      -0.73800680513314454     
  0.19666666666666668       -1.0430107093776704     
  0.20000000000000001       -1.1258836893895365     
  0.20333333333333334       -1.0745990746804059     
  0.20666666666666669       -1.0775858072002999     
  0.21000000000000002      -0.79755565799428174     
  0.21333333333333335      -0.82530989952758727     
  0.21666666666666667       -1.1796836416711878     
  0.22000000000000000       -1.1266696770541218     
  0.22333333333333336       -1.0200941570835989     
  0.22666666666666668      -0.98836911150155871     
  0.23000000000000001      -0.77002690781702388     
  0.23333333333333334      -0.92020970422122161     
  0.23666666666666669       -1.2477968712587837     
  0.24000000000000002       -1.1016722653329472     
  0.24333333333333335      -0.95945609622879557     
  0.24666666666666667      -0.95042590401717741     
  0.25000000000000000      -0.78881965880799820     
  0.25333333333333335      -0.95646493136680211     
  0.25666666666666671       -1.2739186122976465     
  0.26000000000000001       -1.1038930154482944     
  0.26333333333333336      -0.91713010041534915     
  0.26666666666666666      -0.94160878647270108     
  0.27000000000000002      -0.81629107565241854     
  0.27333333333333337      -0.92360550093090676     
  0.27666666666666667       -1.2667166138109756     
  0.28000000000000003       -1.1628011215437222     
  0.28333333333333333      -0.91013281804817847     
  0.28666666666666668      -0.93465455279786069     
  0.29000000000000004      -0.85238934302447977     
  0.29333333333333333      -0.83937406151641869     
  0.29666666666666669       -1.1865580419969037     
  0.30000000000000004       -1.2636911757073559     
  0.30333333333333334      -0.97968728017468465     
  0.30666666666666670      -0.92656565212468489     
  0.31000000000000000      -0.90937518006453433     
  0.31333333333333335      -0.76606116654534617     
  0.31666666666666671      -0.98044787470936345     
  0.32000000000000001       -1.2925240300198515     
  0.32333333333333336       -1.1499079944060258     
  0.32666666666666666      -0.96799748910427474     
  0.33000000000000002      -0.98929294402171619     
  0.33333333333333337      -0.82123128073387641     
  0.33666666666666667      -0.72704708254609951     
  0.34000000000000002       -1.0612272517240926     
  0.34333333333333338       -1.2640583892677206     
  0.34666666666666668       -1.1062921211936627     
  0.35000000000000003       -1.0770803805057072     
  0.35333333333333333       -1.0616630140452401     
  0.35666666666666669      -0.76438544962875110     
  0.36000000000000004      -0.68295837902791956     
  0.36333333333333334       -1.0036132341475394     
  0.36666666666666670       -1.1447092912288623     
  0.37000000000000005       -1.0882060895947334     
  0.37333333333333335       -1.2215603521118108     
  0.37666666666666671       -1.2252488870536231     
  0.38000000000000000      -0.86187613658464191     
  0.38333333333333336      -0.68774660118897069     
  0.38666666666666671      -0.86503348991482343     
  0.39000000000000001      -0.90823929595119990     
  0.39333333333333337      -0.89681330499944290     
  0.39666666666666667       -1.1879324262598845     
  0.40000000000000002       -1.3950384950868684     
  0.40333333333333338       -1.1692115380088970     
  0.40666666666666668      -0.96125249608258734     
  0.41000000000000003      -0.98609789379506207     
  0.41333333333333339      -0.83753915085654373     
  0.41666666666666669      -0.59034742114626482     
  0.42000000000000004      -0.73400795693125309     
  0.42333333333333334       -1.0705692258716784     
  0.42666666666666669       -1.1258803634264296     
  0.43000000000000005       -1.1298734645816515     
  0.43333333333333335       -1.3601861493840355     
  0.43666666666666670       -1.4166731013300142     
  0.44000000000000000       -1.0848515948785700     
  0.44333333333333336      -0.84597155425422643     
  0.44666666666666671      -0.86678969060512245     
  0.45000000000000001      -0.74961428195791635     
  0.45333333333333337      -0.48754650019861878     
  0.45666666666666672      -0.57775343902204979     
  0.46000000000000002      -0.90449146616915910     
  0.46333333333333337       -1.0530720061509007     
  0.46666666666666667       -1.0349237732353134     
  0.47000000000000003       -1.3503506566795278     
  0.47333333333333338       -1.6106996718635274     
  0.47666666666666668       -1.6285990622306177     
  0.48000000000000004       -1.3303554865026364     
  0.48333333333333334       -1.4714120970733784     
  0.48666666666666669       -1.3118498937329177     
  0.49000000000000005       -1.1339461787434686     
  0.49333333333333335      -0.51369604018563586     
  0.49666666666666670      -0.63229920171559018     
  0.50000000000000000      -0.27768594387619100     
  0.50333333333333341      -0.15712531206041375     
  0.50666666666666671       0.45960193467465715     
  0.51000000000000001       0.27569541853772433     
  0.51333333333333342       0.44200021293717195     
  0.51666666666666672       0.59347700076785603     
  0.52000000000000002       0.88239540012396611     
  0.52333333333333332       0.88490356533888703     
  0.52666666666666673       0.63543683112217431     
  0.53000000000000003       0.97185319420878957     
  0.53333333333333333       0.97903895016249842     
  0.53666666666666674        1.1004963103511720     
  0.54000000000000004       0.78282582598270078     
  0.54333333333333333       0.90650433376073225     
  0.54666666666666675        1.1638674134093034     
  0.55000000000000004        1.0072676012045543     
  0.55333333333333334       0.98393466390762663     
  0.55666666666666675       0.78909836959082169     
  0.56000000000000005        1.1336453353588003     
  0.56333333333333335        1.1440547131637759     
  0.56666666666666665       0.88812982975525379     
  0.57000000000000006       0.93618610793324430     
  0.57333333333333336       0.92107245007633831     
  0.57666666666666666        1.2210745194612898     
  0.58000000000000007        1.0227461376972933     
  0.58333333333333337       0.79808497381086729     
  0.58666666666666667        1.0129740544414072     
  0.59000000000000008        1.0359476339464222     
  0.59333333333333338        1.1720924347870991     
  0.59666666666666668       0.92225188540777625     
  0.60000000000000009       0.78277548676481379     
  0.60333333333333339        1.1256472246248228     
  0.60666666666666669        1.0859382602533756     
  0.60999999999999999        1.0532169471369641     
  0.61333333333333340       0.89775706746111206     
  0.61666666666666670       0.81332044877475473     
  0.62000000000000000        1.1940407726404783     
  0.62333333333333341        1.1114039494315144     
  0.62666666666666671       0.91883870212849850     
  0.63000000000000000       0.92399261201111560     
  0.63333333333333341       0.87571444978892954     
  0.63666666666666671        1.1794693930700377     
  0.64000000000000001        1.1551094014222436     
  0.64333333333333342       0.81859140310385203     
  0.64666666666666672       0.92260397717285036     
  0.65000000000000002       0.98406015590409324     
  0.65333333333333332        1.1019133262505958     
  0.65666666666666673        1.1871707100465350     
  0.66000000000000003       0.82379944466940702     
  0.66333333333333333       0.83352216815903102     
  0.66666666666666674        1.0967816697258719     
  0.67000000000000004        1.0713771341285074     
  0.67333333333333334        1.1245595254837244     
  0.67666666666666675       0.94477558669894379     
  0.68000000000000005       0.74034308905905721     
  0.68333333333333335        1.0671315897021285     
  0.68666666666666676        1.1783954807820656     
  0.69000000000000006        1.0226776974110663     
  0.69333333333333336        1.0081520030228870     
  0.69666666666666666       0.81650411352000563     
  0.70000000000000007       0.87823637740747595     
  0.70333333333333337        1.2367601716799339     
  0.70666666666666667        1.1161769973316167     
  0.71000000000000008       0.91682288923128363     
  0.71333333333333337       0.93522617757120319     
  0.71666666666666667       0.83739476916824274     
  0.72000000000000008        1.0255124937632483     
  0.72333333333333338        1.2810326968515005     
  0.72666666666666668        1.0129588762511013     
  0.73000000000000009       0.83797333981200539     
  0.73333333333333339       0.93401369109908550     
  0.73666666666666669       0.90532018423193428     
  0.74000000000000010        1.0952578246519931     
  0.74333333333333340        1.2697887235651582     
  0.74666666666666670       0.94904208170441628     
  0.75000000000000000       0.78881965880799920     
  0.75333333333333341       0.95508110905404031     
  0.75666666666666671       0.96358598496128345     
  0.76000000000000001        1.0974785747673388     
  0.76333333333333342        1.2596067874421952     
  0.76666666666666672       0.95541277335056662     
  0.77000000000000002       0.74834464365743669     
  0.77333333333333343       0.94819526568044821     
  0.77666666666666673        1.0057780740430753     
  0.78000000000000003        1.0616439382528498     
  0.78333333333333344        1.2524216905511243     
  0.78666666666666674        1.0445708308414765     
  0.79000000000000004       0.73312211178747577     
  0.79333333333333333       0.87796525164773498     
  0.79666666666666675        1.0243969449973771     
  0.80000000000000004        1.0160438637252944     
  0.80333333333333334        1.2061938760323476     
  0.80666666666666675        1.1967108500144266     
  0.81000000000000005       0.82405962333172211     
  0.81333333333333335       0.76323159909746352     
  0.81666666666666676       0.97504438420990747     
  0.82000000000000006       0.98213954075812471     
  0.82333333333333336        1.0787826775468365     
  0.82666666666666677        1.2930278891988216     
  0.83000000000000007        1.0901786308017116     
  0.83333333333333337       0.76414492579719262     
  0.83666666666666667       0.84094796783024839     
  0.84000000000000008       0.94348601737222337     
  0.84333333333333338       0.90841254675118144     
  0.84666666666666668        1.1360021119901469     
  0.85000000000000009        1.3367674821867033     
  0.85333333333333339        1.0745556406365209     
  0.85666666666666669       0.82911494124152674     
  0.86000000000000010       0.89474583100837046     
  0.86333333333333340       0.84895982348490606     
  0.86666666666666670       0.78436570235780867     
  0.87000000000000011        1.0884256534695238     
  0.87333333333333341        1.3386144047268580     
  0.87666666666666671        1.1569758935684549     
  0.88000000000000000        1.0019549452863306     
  0.88333333333333341        1.0301335266755112     
  0.88666666666666671       0.83869519964369166     
  0.89000000000000001       0.62891019216464961     
  0.89333333333333342       0.85504482569927198     
  0.89666666666666672        1.1577287665792024     
  0.90000000000000002        1.1382393245890428     
  0.90333333333333343        1.1500000870915614     
  0.90666666666666673        1.3105479021651150     
  0.91000000000000003        1.1584902552936114     
  0.91333333333333344       0.77481910676066679     
  0.91666666666666674       0.70850354754500278     
  0.92000000000000004       0.84542598004883052     
  0.92333333333333334       0.78584514843993036     
  0.92666666666666675       0.79738202054557494     
  0.93000000000000005        1.1507998511710662     
  0.93333333333333335        1.3991949725828263     
  0.93666666666666676        1.2655912860104879     
  0.94000000000000006        1.1678169688637057     
  0.94333333333333336        1.2382494917096603     
  0.94666666666666677        1.0635093997295328     
  0.95000000000000007       0.66683324652045994     
  0.95333333333333337       0.56898603909412926     
  0.95666666666666678       0.72222264573010153     
  0.96000000000000008       0.72020541082051748     
  0.96333333333333337       0.64541129446171541     
  0.96666666666666667       0.94681075692413852     
  0.97000000000000008        1.3101646477739421     
  0.97333333333333338        1.4246599493020107     
  0.97666666666666668        1.3253515986497868     
  0.98000000000000009        1.5805632757275945     
  0.98333333333333339        1.6217696084966708     
  0.98666666666666669        1.4997025299445823     
  0.99000000000000010        1.0167581855379253     
  0.99333333333333340        1.1184011380787380     
  0.99666666666666670       0.81126765770535436     
