   0.0000000000000000        1.1559069904210102     
   3.3333333333333335E-003  0.73225957252926732     
   6.6666666666666671E-003  0.62666282426730846     
   1.0000000000000000E-002  0.86077514034873537     
   1.3333333333333334E-002   1.0319982482898704     
   1.6666666666666666E-002  0.70141715955402251     
   2.0000000000000000E-002   1.1793624216799652     
   2.3333333333333334E-002   1.1163036852222310     
   2.6666666666666668E-002   1.0395570016782105     
   3.0000000000000002E-002  0.66137134813329901     
   3.3333333333333333E-002  0.88137845037425933     
   3.6666666666666667E-002  0.96277970041324989     
   4.0000000000000001E-002   1.4417562858663302     
   4.3333333333333335E-002   1.0220405407415907     
   4.6666666666666669E-002  0.72361980476715559     
   5.0000000000000003E-002  0.95493709692793716     
   5.3333333333333337E-002   1.0741446764462523     
   5.6666666666666671E-002  0.89458599523325555     
   6.0000000000000005E-002  0.93421046313155842     
   6.3333333333333339E-002   1.3669837544370984     
   6.6666666666666666E-002   1.0075302399042334     
   7.0000000000000007E-002  0.91118675326936049     
   7.3333333333333334E-002  0.70179512845249348     
   7.6666666666666675E-002  0.89758087880468473     
   8.0000000000000002E-002   1.2463055340709057     
   8.3333333333333343E-002   1.2917740995923306     
   8.6666666666666670E-002  0.91741011731710953     
   9.0000000000000011E-002  0.72181082580453060     
   9.3333333333333338E-002   1.1825227646863652     
   9.6666666666666679E-002  0.87845428114305379     
  0.10000000000000001       0.82257518322483492     
  0.10333333333333335        1.1119629931199053     
  0.10666666666666667        1.2837099583675351     
  0.11000000000000000        1.1198531734784141     
  0.11333333333333334       0.79166763509881466     
  0.11666666666666667       0.80166823456459457     
  0.12000000000000001       0.77343993986032011     
  0.12333333333333334        1.2856227397211062     
  0.12666666666666668        1.2678409266000734     
  0.13000000000000000       0.83200745533851328     
  0.13333333333333333        1.0081114256705974     
  0.13666666666666669        1.0939938034571026     
  0.14000000000000001       0.92096186349192377     
  0.14333333333333334       0.63761715358876248     
  0.14666666666666667        1.0338130770382279     
  0.15000000000000002        1.3296400392307204     
  0.15333333333333335        1.1257205750606858     
  0.15666666666666668        1.1183421767056381     
  0.16000000000000000       0.73306091984297306     
  0.16333333333333333       0.71976237977023394     
  0.16666666666666669        1.0921533897387026     
  0.17000000000000001        1.1274475455723767     
  0.17333333333333334       0.97025828094973365     
  0.17666666666666667       0.94250822851082072     
  0.18000000000000002        1.3674907846148898     
  0.18333333333333335        1.1032572513752359     
  0.18666666666666668       0.58665830317677292     
  0.19000000000000000       0.81455675475025269     
  0.19333333333333336       0.94772926837547766     
  0.19666666666666668        1.1552608799996842     
  0.20000000000000001        1.2730921014220011     
  0.20333333333333334        1.0716140172626296     
  0.20666666666666669       0.91275187796336854     
  0.21000000000000002       0.87498176660336102     
  0.21333333333333335        1.1284908674529515     
  0.21666666666666667       0.85065346168746070     
  0.22000000000000000       0.56911293553592890     
  0.22333333333333336        1.1850622163671480     
  0.22666666666666668        1.4032342724150235     
  0.23000000000000001        1.1558275978428862     
  0.23333333333333334       0.96958252509284826     
  0.23666666666666669       0.81536667379902172     
  0.24000000000000002       0.87317333156096799     
  0.24333333333333335       0.86688726437691688     
  0.24666666666666667        1.0272844924441960     
  0.25000000000000000        1.0464219055237396     
  0.25333333333333335       0.83236895581651504     
  0.25666666666666671        1.3019055180187884     
  0.26000000000000001        1.4712587920219669     
  0.26333333333333336       0.86824889245683279     
  0.26666666666666666       0.64497669973394334     
  0.27000000000000002       0.78163789144577367     
  0.27333333333333337        1.0012196004798739     
  0.27666666666666667        1.0236691803660263     
  0.28000000000000003       0.95817728991552586     
  0.28333333333333333        1.1860585377483885     
  0.28666666666666668        1.1093122436118805     
  0.29000000000000004        1.0971471830993709     
  0.29333333333333333        1.3376705400489211     
  0.29666666666666669       0.85503569333138862     
  0.30000000000000004       0.44961651441521550     
  0.30333333333333334       0.79761219917290882     
  0.30666666666666670        1.1094271528912534     
  0.31000000000000000        1.1444926300441758     
  0.31333333333333335       0.96226755343966452     
  0.31666666666666671        1.0474095006945903     
  0.32000000000000001        1.3571223141525786     
  0.32333333333333336        1.1460494321904418     
  0.32666666666666666        1.0178257412104226     
  0.33000000000000002        1.0250081148590047     
  0.33333333333333337       0.55723773821284839     
  0.33666666666666667       0.55467166993893380     
  0.34000000000000002        1.0709920639732087     
  0.34333333333333338        1.1655762175539033     
  0.34666666666666668        1.0099483206724011     
  0.35000000000000003       0.93451805878039085     
  0.35333333333333333        1.2173283313859766     
  0.35666666666666669        1.5235440570986498     
  0.36000000000000004        1.1532312030056688     
  0.36333333333333334       0.87801358520657302     
  0.36666666666666670       0.93334711469891396     
  0.37000000000000005       0.61602851937566061     
  0.37333333333333335       0.61531141277602619     
  0.37666666666666671        1.0266399252977578     
  0.38000000000000000       0.96121955441792761     
  0.38333333333333336       0.77094956248141167     
  0.38666666666666671       0.89485091513063397     
  0.39000000000000001        1.2827254743410184     
  0.39333333333333337        1.6447202607605833     
  0.39666666666666667        1.3444247340892514     
  0.40000000000000002       0.97966027166216441     
  0.40333333333333338        1.1703036675351093     
  0.40666666666666668        1.0421554185692410     
  0.41000000000000003       0.74831469542141160     
  0.41333333333333339       0.90607773945848813     
  0.41666666666666669       0.77575448473793240     
  0.42000000000000004       0.38599517382975301     
  0.42333333333333334       0.43778877224175838     
  0.42666666666666669       0.77452019120777893     
  0.43000000000000005        1.1523094355261736     
  0.43333333333333335        1.1757467917881490     
  0.43666666666666670       0.88299601353549872     
  0.44000000000000000        1.1790365413960324     
  0.44333333333333336        1.6643738373287895     
  0.44666666666666671        1.5367102525318450     
  0.45000000000000001        1.5363221651102426     
  0.45333333333333337        1.7136221512409131     
  0.45666666666666672        1.3626549638532923     
  0.46000000000000002        1.0486215108055101     
  0.46333333333333337        1.1217137067802514     
  0.46666666666666667        1.1590397625392299     
  0.47000000000000003        1.0028665483219918     
  0.47333333333333338       0.48417739223300377     
  0.47666666666666668       -3.5615880745704563E-002
  0.48000000000000004       0.15049665231016129     
  0.48333333333333334       0.21942498398808358     
  0.48666666666666669      -0.22926202399608586     
  0.49000000000000005      -0.38111012576973557     
  0.49333333333333335      -0.30205136100921598     
  0.49666666666666670      -0.75255071279060859     
  0.50000000000000000      -0.88092584176544497     
  0.50333333333333341      -0.73022279594088113     
  0.50666666666666671      -0.53173829816804763     
  0.51000000000000001      -0.71387710301151053     
  0.51333333333333342      -0.92951560305664616     
  0.51666666666666672       -1.3644880048159653     
  0.52000000000000002      -0.85026832169914968     
  0.52333333333333332      -0.75650680866179798     
  0.52666666666666673      -0.88828545823289651     
  0.53000000000000003       -1.1417256969621026     
  0.53333333333333333      -0.71532588928516516     
  0.53666666666666674       -1.1794504382281759     
  0.54000000000000004       -1.1859729450886822     
  0.54333333333333333       -1.0642211781468214     
  0.54666666666666675      -0.72435523207561470     
  0.55000000000000004      -0.81003820383056657     
  0.55333333333333334      -0.98839929476826627     
  0.55666666666666675       -1.3106780101537536     
  0.56000000000000005       -1.2254332588712886     
  0.56333333333333335      -0.67647469846130015     
  0.56666666666666665      -0.98099118659591178     
  0.57000000000000006       -1.0318386282065695     
  0.57333333333333336      -0.92491272871320918     
  0.57666666666666666      -0.83158142098469390     
  0.58000000000000007       -1.3154539438586021     
  0.58333333333333337       -1.2115758537878194     
  0.58666666666666667      -0.86274931331961346     
  0.59000000000000008      -0.82416455740928729     
  0.59333333333333338      -0.71728631638281293     
  0.59666666666666668       -1.1619447963750071     
  0.60000000000000009       -1.2729125662814911     
  0.60333333333333339       -1.0853770386740627     
  0.60666666666666669      -0.78476292675370973     
  0.60999999999999999       -1.0506286831285856     
  0.61333333333333340       -1.0927473073020890     
  0.61666666666666670      -0.62546811518669509     
  0.62000000000000000      -0.98122067661450230     
  0.62333333333333341       -1.2590148749309786     
  0.62666666666666671       -1.2648379070904883     
  0.63000000000000000      -0.97967543177352345     
  0.63333333333333341      -0.77667456699000570     
  0.63666666666666671      -0.79926107093554222     
  0.64000000000000001      -0.91335309666987352     
  0.64333333333333342       -1.3156517601679072     
  0.64666666666666672      -0.99533132296328763     
  0.65000000000000002      -0.90064655880065536     
  0.65333333333333332       -1.2640899254629259     
  0.65666666666666673       -1.0544967726829244     
  0.66000000000000003      -0.70818415801114509     
  0.66333333333333333      -0.65316392363674092     
  0.66666666666666674       -1.1562071168574275     
  0.67000000000000004       -1.2686822104915876     
  0.67333333333333334       -1.1026809193559024     
  0.67666666666666675       -1.1274499372912605     
  0.68000000000000005      -0.76248989223296892     
  0.68333333333333335      -0.86478911079430199     
  0.68666666666666676       -1.0925905149924628     
  0.69000000000000006      -0.87583906265484102     
  0.69333333333333336      -0.84653407909225342     
  0.69666666666666666       -1.1285010504184132     
  0.70000000000000007       -1.4901448804680906     
  0.70333333333333337       -1.0543141557920095     
  0.70666666666666667      -0.61171879009945584     
  0.71000000000000008      -0.89427716397712786     
  0.71333333333333337      -0.89510823095740333     
  0.71666666666666667       -1.0011156724791224     
  0.72000000000000008       -1.1645444081689904     
  0.72333333333333338       -1.0301443391438105     
  0.72666666666666668       -1.0718788425310468     
  0.73000000000000009       -1.1449481400927981     
  0.73333333333333339       -1.1655638280383123     
  0.73666666666666669      -0.73150907490578554     
  0.74000000000000010      -0.45494538230381315     
  0.74333333333333340       -1.1003205561021288     
  0.74666666666666670       -1.2984493409050744     
  0.75000000000000000       -1.0464219055237420     
  0.75333333333333341       -1.1035338042773961     
  0.75666666666666671       -1.0684722262935751     
  0.76000000000000001       -1.0530308427648081     
  0.76333333333333342      -0.95210649135006875     
  0.76666666666666672      -0.84095800267940735     
  0.77000000000000002      -0.79251734919585948     
  0.77333333333333343      -0.66986417059589742     
  0.77666666666666673       -1.1785870575893702     
  0.78000000000000003       -1.5536087625485826     
  0.78333333333333344       -1.0355963269567223     
  0.78666666666666674      -0.87592960711633905     
  0.79000000000000004       -1.0778517857256014     
  0.79333333333333333       -1.0366374521850044     
  0.79666666666666675      -0.87233555480201264     
  0.80000000000000004      -0.66666929346130810     
  0.80333333333333334      -0.82437202875417992     
  0.80666666666666675       -1.0082319636080346     
  0.81000000000000005       -1.0832103221395881     
  0.81333333333333335       -1.4681997652553602     
  0.81666666666666676       -1.2858776412755273     
  0.82000000000000006      -0.75212142177065955     
  0.82333333333333336      -0.96110772341001127     
  0.82666666666666677       -1.1502483796165897     
  0.83000000000000007      -0.88377344993979434     
  0.83333333333333337      -0.62129146533157265     
  0.83666666666666667      -0.62127012607242538     
  0.84000000000000008       -1.0461153021413814     
  0.84333333333333338       -1.2294216215766143     
  0.84666666666666668       -1.1483176710746428     
  0.85000000000000009       -1.3635115392104509     
  0.85333333333333339       -1.1788465773110315     
  0.85666666666666669      -0.84550945051951065     
  0.86000000000000010       -1.1456224361836209     
  0.86333333333333340       -1.1727463177281301     
  0.86666666666666670      -0.70191025601832302     
  0.87000000000000011      -0.46836054294064866     
  0.87333333333333341      -0.61230839326644459     
  0.87666666666666671       -1.0532477900878869     
  0.88000000000000000       -1.1690002911721153     
  0.88333333333333341      -0.94714968185930959     
  0.88666666666666671       -1.1959305873339106     
  0.89000000000000001       -1.3519499646908506     
  0.89333333333333342       -1.1457732291467631     
  0.89666666666666672       -1.3710106885350950     
  0.90000000000000002       -1.4299976547188220     
  0.90333333333333343      -0.88681315230315283     
  0.90666666666666673      -0.57691897026568950     
  0.91000000000000003      -0.64596096381665458     
  0.91333333333333344      -0.85141693546099007     
  0.91666666666666674      -0.85595273054244214     
  0.92000000000000004      -0.45514358361744917     
  0.92333333333333334      -0.50378823006174789     
  0.92666666666666675      -0.99763779146849418     
  0.93000000000000005       -1.0316575605889595     
  0.93333333333333335       -1.1492077384798300     
  0.93666666666666676       -1.5735050695112991     
  0.94000000000000006       -1.4702593371357697     
  0.94333333333333336       -1.2482818224082863     
  0.94666666666666677       -1.4509648708538581     
  0.95000000000000007       -1.6812210582076150     
  0.95333333333333337       -1.7143575785493783     
  0.95666666666666678       -1.3204743264480585     
  0.96000000000000008      -0.79283817002786461     
  0.96333333333333337      -0.90504296896532710     
  0.96666666666666667      -0.99298720145014352     
  0.97000000000000008      -0.52251219949318406     
  0.97333333333333338      -0.33290584878769391     
  0.97666666666666668      -0.32418099581472237     
  0.98000000000000009       0.17859744767065044     
  0.98333333333333339       0.44364586127385952     
  0.98666666666666669       0.33174466922931450     
  0.99000000000000010       0.23421208843251010     
  0.99333333333333340       0.39697588710847737     
  0.99666666666666670       0.75051393620222351     
