   0.0000000000000000        1.2968006307918127     
   3.3333333333333335E-003  0.75991157770116913     
   6.6666666666666671E-003  0.51081949107028735     
   1.0000000000000000E-002  0.12200762874734832     
   1.3333333333333334E-002  0.19592422224074221     
   1.6666666666666666E-002  -6.4206055792127778E-002
   2.0000000000000000E-002 -0.51752143695925401     
   2.3333333333333334E-002 -0.52882924022502642     
   2.6666666666666668E-002 -0.62760418626066761     
   3.0000000000000002E-002 -0.50746610627732325     
   3.3333333333333333E-002 -0.98149682302560604     
   3.6666666666666667E-002 -0.94338607772479244     
   4.0000000000000001E-002 -0.82970997679763792     
   4.3333333333333335E-002 -0.83956744261171934     
   4.6666666666666669E-002 -0.92193672870461174     
   5.0000000000000003E-002  -1.2213334277855254     
   5.3333333333333337E-002 -0.87225437538983830     
   5.6666666666666671E-002 -0.87914715255711384     
   6.0000000000000005E-002 -0.98444277144476056     
   6.3333333333333339E-002  -1.0936251298544635     
   6.6666666666666666E-002  -1.1365050788410431     
   7.0000000000000007E-002 -0.76181114100151892     
   7.3333333333333334E-002 -0.97414322555509403     
   7.6666666666666675E-002  -1.1097707821039162     
   8.0000000000000002E-002  -1.0729671872021982     
   8.3333333333333343E-002  -1.0054429054091167     
   8.6666666666666670E-002 -0.75965052387925391     
   9.0000000000000011E-002  -1.0891518984436916     
   9.3333333333333338E-002  -1.1663773455421309     
   9.6666666666666679E-002 -0.95859191116908460     
  0.10000000000000001      -0.94034252617966119     
  0.10333333333333335      -0.84068080044917115     
  0.10666666666666667       -1.1469312272929382     
  0.11000000000000000       -1.1727363384709972     
  0.11333333333333334      -0.84285575331608931     
  0.11666666666666667      -0.92762274843564041     
  0.12000000000000001      -0.95990874974843798     
  0.12333333333333334       -1.1275373622094640     
  0.12666666666666668       -1.1611176799703999     
  0.13000000000000000      -0.78626506172834409     
  0.13333333333333333      -0.90325571418269190     
  0.13666666666666669       -1.0912857328483805     
  0.14000000000000001       -1.0767513938008673     
  0.14333333333333334       -1.1172868686985318     
  0.14666666666666667      -0.82310198430668136     
  0.15000000000000002      -0.83625405551964416     
  0.15333333333333335       -1.1810570364226964     
  0.15666666666666668       -1.0884258997050860     
  0.16000000000000000       -1.0109740117312169     
  0.16333333333333333      -0.91673485046289804     
  0.16666666666666669      -0.79735426252833519     
  0.17000000000000001       -1.1378964299683556     
  0.17333333333333334       -1.2035788225583397     
  0.17666666666666667      -0.92058665811734564     
  0.18000000000000002      -0.92358807364025419     
  0.18333333333333335      -0.88104534206866314     
  0.18666666666666668      -0.99064161801095219     
  0.19000000000000000       -1.2662860577963930     
  0.19333333333333336       -1.0206209810309621     
  0.19666666666666668      -0.80293525157863188     
  0.20000000000000001      -0.95108939534418868     
  0.20333333333333334      -0.97010598010271554     
  0.20666666666666669       -1.1243339300139437     
  0.21000000000000002       -1.2091918276765237     
  0.21333333333333335      -0.84896519058639053     
  0.21666666666666667      -0.79606713688117781     
  0.22000000000000000       -1.0415470496425308     
  0.22333333333333336       -1.0498726962052956     
  0.22666666666666668       -1.1437196601987449     
  0.23000000000000001       -1.1134508048528833     
  0.23333333333333334      -0.76616084629982073     
  0.23666666666666669      -0.83170719598742238     
  0.24000000000000002       -1.1229197243999041     
  0.24333333333333335       -1.0889023589186206     
  0.24666666666666667       -1.1071951036352858     
  0.25000000000000000       -1.0588920103800992     
  0.25333333333333335      -0.75027124497287490     
  0.25666666666666671      -0.84053974667313680     
  0.26000000000000001       -1.1681057100419174     
  0.26333333333333336       -1.1189708102385612     
  0.26666666666666666       -1.0633723032962665     
  0.27000000000000002       -1.0505871826821294     
  0.27333333333333337      -0.77850223478029357     
  0.27666666666666667      -0.79534516765125951     
  0.28000000000000003       -1.1572921418875888     
  0.28333333333333333       -1.1709561479770272     
  0.28666666666666668       -1.0412860445054521     
  0.29000000000000004       -1.0627624626945296     
  0.29333333333333333      -0.85746155822830561     
  0.29666666666666669      -0.72143943977026559     
  0.30000000000000004       -1.0480461708955686     
  0.30333333333333334       -1.2261493289106316     
  0.30666666666666670       -1.0731100155615823     
  0.31000000000000000       -1.0695864069931789     
  0.31333333333333335      -0.99270483700375112     
  0.31666666666666671      -0.71732894760014698     
  0.32000000000000001      -0.82784339697465104     
  0.32333333333333336       -1.1721630392564863     
  0.32666666666666666       -1.1574735093150461     
  0.33000000000000002       -1.0755470952366808     
  0.33333333333333337       -1.1302105011267165     
  0.33666666666666667      -0.90897482196778090     
  0.34000000000000002      -0.66857321881313714     
  0.34333333333333338      -0.89736681256239037     
  0.34666666666666668       -1.1442877441411883     
  0.35000000000000003       -1.0907967109642880     
  0.35333333333333333       -1.1498298866269427     
  0.35666666666666669       -1.2161267842080945     
  0.36000000000000004      -0.90611904275095700     
  0.36333333333333334      -0.67269202876971423     
  0.36666666666666670      -0.86978290519823431     
  0.37000000000000005       -1.0110951725190491     
  0.37333333333333335      -0.98657200018336200     
  0.37666666666666671       -1.1888088066246700     
  0.38000000000000000       -1.3432804115539583     
  0.38333333333333336       -1.0583079063717742     
  0.38666666666666671      -0.79130268561299033     
  0.39000000000000001      -0.85930622830049752     
  0.39333333333333337      -0.84905735916230685     
  0.39666666666666667      -0.74916322577052508     
  0.40000000000000002      -0.99413661545777043     
  0.40333333333333338       -1.3280912332402401     
  0.40666666666666668       -1.2591291655809926     
  0.41000000000000003       -1.0819932143395357     
  0.41333333333333339       -1.1185124385838310     
  0.41666666666666669       -1.0058086899421388     
  0.42000000000000004      -0.66310417546696876     
  0.42333333333333334      -0.61958175186961451     
  0.42666666666666669      -0.89762973460138196     
  0.43000000000000005      -0.99904584771213667     
  0.43333333333333335      -0.98888836084386278     
  0.43666666666666670       -1.2429429644743537     
  0.44000000000000000       -1.4675477665975070     
  0.44333333333333336       -1.2826900064368190     
  0.44666666666666671       -1.0056577667096316     
  0.45000000000000001       -1.0042110770466817     
  0.45333333333333337      -0.90688024635398667     
  0.45666666666666672      -0.60339646530464974     
  0.46000000000000002      -0.45777373965189050     
  0.46333333333333337      -0.75249846632529427     
  0.46666666666666667      -0.86609862768142665     
  0.47000000000000003      -0.92080246524350484     
  0.47333333333333338       -1.0171091289091461     
  0.47666666666666668       -1.5384246751608157     
  0.48000000000000004       -1.5092510828256489     
  0.48333333333333334       -1.5411254500365252     
  0.48666666666666669       -1.3300839734186771     
  0.49000000000000005       -1.6748960778025090     
  0.49333333333333335       -1.2162989276487275     
  0.49666666666666670       -1.0490565985197344     
  0.50000000000000000      -0.59224648331250440     
  0.50333333333333341      -0.75902616789192823     
  0.50666666666666671      -0.29528219271186323     
  0.51000000000000001        4.8332770613292442E-002
  0.51333333333333342       0.24902600402323138     
  0.51666666666666672       0.28225652927361916     
  0.52000000000000002       0.32704162778159807     
  0.52333333333333332       0.84780738090338037     
  0.52666666666666673       0.73065211454419221     
  0.53000000000000003       0.78374909159135508     
  0.53333333333333333       0.69597793010403108     
  0.53666666666666674       0.99616568257026106     
  0.54000000000000004        1.1116504863313368     
  0.54333333333333333       0.79689282505283898     
  0.54666666666666675       0.92737396002030237     
  0.55000000000000004       0.94503762256209900     
  0.55333333333333334        1.1880330652034401     
  0.55666666666666675       0.97443581320055284     
  0.56000000000000005       0.78165486006386964     
  0.56333333333333335        1.0751988258965697     
  0.56666666666666665        1.0598241806773758     
  0.57000000000000006        1.1111109521875857     
  0.57333333333333336       0.84747502674221387     
  0.57666666666666666       0.86277000321408848     
  0.58000000000000007        1.2071978891954243     
  0.58333333333333337        1.0313092384574694     
  0.58666666666666667       0.97268591548341177     
  0.59000000000000008       0.85618634696782103     
  0.59333333333333338       0.96978496301528150     
  0.59666666666666668        1.2548182785817559     
  0.60000000000000009       0.94412696985674138     
  0.60333333333333339       0.87120311519678906     
  0.60666666666666669       0.96188593733328898     
  0.60999999999999999        1.0340196962173642     
  0.61333333333333340        1.2176839251764660     
  0.61666666666666670       0.89239860932055937     
  0.62000000000000000       0.80785800026681609     
  0.62333333333333341        1.0843958156154270     
  0.62666666666666671        1.0702812013574001     
  0.63000000000000000        1.1151044169047988     
  0.63333333333333341       0.91088609273451371     
  0.63666666666666671       0.77474460878689888     
  0.64000000000000001        1.1425766645114050     
  0.64333333333333342        1.1380790085729189     
  0.64666666666666672       0.98040232306833752     
  0.65000000000000002       0.94581740594491281     
  0.65333333333333332       0.81213399523451790     
  0.65666666666666673        1.0869518551621851     
  0.66000000000000003        1.2371779735359405     
  0.66333333333333333       0.91374709912763274     
  0.66666666666666674       0.88936609769114039     
  0.67000000000000004       0.93217163255913871     
  0.67333333333333334       0.99562310197438719     
  0.67666666666666675        1.2430880342109343     
  0.68000000000000005        1.0177185965466713     
  0.68333333333333335       0.76416967643654998     
  0.68666666666666676       0.97441854022543828     
  0.69000000000000006        1.0423102802314688     
  0.69333333333333336        1.1093685070778352     
  0.69666666666666666        1.1514264238696323     
  0.70000000000000007       0.81226882928555522     
  0.70333333333333337       0.80639723788739515     
  0.70666666666666667        1.1242882968937111     
  0.71000000000000008        1.1000382216278182     
  0.71333333333333337        1.0782027431091765     
  0.71666666666666667        1.0169231748949672     
  0.72000000000000008       0.74882843246979236     
  0.72333333333333338       0.92008133423795713     
  0.72666666666666668        1.2261256909154894     
  0.73000000000000009        1.0845901668931315     
  0.73333333333333339       0.99398569358423250     
  0.73666666666666669       0.94777208891932996     
  0.74000000000000010       0.77195434586695266     
  0.74333333333333340       0.99640868318333553     
  0.74666666666666670        1.2733418182030998     
  0.75000000000000000        1.0588920103800996     
  0.75333333333333341       0.91641795954069005     
  0.75666666666666671       0.93303342240842113     
  0.76000000000000001       0.81714033150896770     
  0.76333333333333342        1.0029059173066508     
  0.76666666666666672        1.2911971505806759     
  0.77000000000000002        1.0794478206418814     
  0.77333333333333343       0.86090826549703758     
  0.77666666666666673       0.92513652961859716     
  0.78000000000000003       0.86457352471485116     
  0.78333333333333344       0.95010010996323824     
  0.78666666666666674        1.2705235970282398     
  0.79000000000000004        1.1719160687432364     
  0.79333333333333333       0.85741592510807119     
  0.79666666666666675       0.88514818198558531     
  0.80000000000000004       0.90922560483693549     
  0.80333333333333334       0.87765815661963098     
  0.80666666666666675        1.1618575416084536     
  0.81000000000000005        1.2935621845581022     
  0.81333333333333335       0.97648175921823699     
  0.81666666666666676       0.83420461323226025     
  0.82000000000000006       0.92197391988106725     
  0.82333333333333336       0.84966166316289837     
  0.82666666666666677       0.94951778873109216     
  0.83000000000000007        1.2812718926458955     
  0.83333333333333337        1.2222223362895195     
  0.83666666666666667       0.91196257330304609     
  0.84000000000000008       0.89477718061785949     
  0.84333333333333338       0.89884085710529249     
  0.84666666666666668       0.77536470295300763     
  0.85000000000000009       0.98123336053901877     
  0.85333333333333339        1.3071302253885957     
  0.85666666666666669        1.1953346443337010     
  0.86000000000000010       0.97194431346149401     
  0.86333333333333340       0.98923315283119817     
  0.86666666666666670       0.87741328375005545     
  0.87000000000000011       0.68225581734259444     
  0.87333333333333341       0.89573552157036362     
  0.87666666666666671        1.2319503532187053     
  0.88000000000000000        1.1912296620723355     
  0.88333333333333341        1.0935320454868531     
  0.88666666666666671        1.1661308574733662     
  0.89000000000000001       0.99802287055413152     
  0.89333333333333342       0.66401206920265932     
  0.89666666666666672       0.71864091102291106     
  0.90000000000000002       0.99792105913485041     
  0.90333333333333343        1.0318648658275689     
  0.90666666666666673        1.0625367830541415     
  0.91000000000000003        1.3149587658154065     
  0.91333333333333344        1.3315478301879813     
  0.91666666666666674       0.97994235689378495     
  0.92000000000000004       0.79733487746019427     
  0.92333333333333334       0.86658253075944469     
  0.92666666666666675       0.77096153578849591     
  0.93000000000000005       0.64974603652607088     
  0.93333333333333335       0.91220746268019193     
  0.93666666666666676        1.2613692684322453     
  0.94000000000000006        1.2647598552166150     
  0.94333333333333336        1.1874013457933810     
  0.94666666666666677        1.3214364565232330     
  0.95000000000000007        1.2805068822701089     
  0.95333333333333337       0.91231747766967697     
  0.95666666666666678       0.64607108286353199     
  0.96000000000000008       0.73971424918558870     
  0.96333333333333337       0.69971886147982787     
  0.96666666666666667       0.58057973475985314     
  0.97000000000000008       0.64451947992947300     
  0.97333333333333338        1.1201570571926678     
  0.97666666666666668        1.2194465344824641     
  0.98000000000000009        1.3187712736479944     
  0.98333333333333339        1.3230749765550345     
  0.98666666666666669        1.7750341996826478     
  0.99000000000000010        1.5045556784418661     
  0.99333333333333340        1.4318362260071491     
  0.99666666666666670        1.0481711887104952     
