   0.0000000000000000       0.96260319475714040     
   3.3333333333333335E-003  0.57850276774060772     
   6.6666666666666671E-003  0.93810710954267829     
   1.0000000000000000E-002   1.2066453217296462     
   1.3333333333333334E-002   1.1193827519195909     
   1.6666666666666666E-002   1.0648638322274875     
   2.0000000000000000E-002  0.93947206251293836     
   2.3333333333333334E-002  0.94130006362575813     
   2.6666666666666668E-002  0.97836410927981265     
   3.0000000000000002E-002  0.77692521296584394     
   3.3333333333333333E-002  0.98561250710938808     
   3.6666666666666667E-002   1.4264883316528998     
   4.0000000000000001E-002   1.1372375115146924     
   4.3333333333333335E-002  0.71452297850268465     
   4.6666666666666669E-002  0.83848762218433537     
   5.0000000000000003E-002  0.97389433582192164     
   5.3333333333333337E-002   1.0367164610196371     
   5.6666666666666671E-002   1.1122350854235696     
   6.0000000000000005E-002   1.0275673617144050     
   6.3333333333333339E-002   1.1044035379565895     
   6.6666666666666666E-002   1.1478981455698192     
   7.0000000000000007E-002  0.71092301317791218     
   7.3333333333333334E-002  0.63533040914541083     
   7.6666666666666675E-002   1.1668280808807994     
   8.0000000000000002E-002   1.3063983850940462     
   8.3333333333333343E-002   1.0385221606669615     
   8.6666666666666670E-002   1.0121029277369866     
   9.0000000000000011E-002  0.93313590503956578     
   9.3333333333333338E-002  0.91675497105996806     
   9.6666666666666679E-002  0.92821084608899762     
  0.10000000000000001       0.86036851072258336     
  0.10333333333333335       0.90454500379109148     
  0.10666666666666667        1.4449247533813931     
  0.11000000000000000        1.2320630752267638     
  0.11333333333333334       0.82247987792418376     
  0.11666666666666667       0.68998266931097707     
  0.12000000000000001        1.0698722094938133     
  0.12333333333333334       0.84257970224800838     
  0.12666666666666668        1.0932337813723978     
  0.13000000000000000       0.97446077756151861     
  0.13333333333333333        1.2067525759041178     
  0.13666666666666669        1.1467051797834902     
  0.14000000000000001        1.2200943021494211     
  0.14333333333333334       0.53938798950937727     
  0.14666666666666667       0.70324808778314907     
  0.15000000000000002        1.0933230788120494     
  0.15333333333333335        1.1545283983337467     
  0.15666666666666668        1.0069586107403274     
  0.16000000000000000        1.0755882893473407     
  0.16333333333333333        1.2478638889462852     
  0.16666666666666669       0.96692283738096463     
  0.17000000000000001        1.0528566394745147     
  0.17333333333333334       0.63738767648001393     
  0.17666666666666667       0.67297359306163251     
  0.18000000000000002        1.0538090759065497     
  0.18333333333333335        1.3585710563800588     
  0.18666666666666668        1.0980574409027040     
  0.19000000000000000       0.90336252529844185     
  0.19333333333333336        1.2906588845949147     
  0.19666666666666668        1.0240787567793326     
  0.20000000000000001       0.88269192932666729     
  0.20333333333333334       0.71917423489821164     
  0.20666666666666669       0.71415160504599362     
  0.21000000000000002       0.91667422192220716     
  0.21333333333333335        1.2278656869151792     
  0.21666666666666667        1.3985342356066173     
  0.22000000000000000       0.89179802768461924     
  0.22333333333333336        1.0709369129341575     
  0.22666666666666668        1.2815927309864639     
  0.23000000000000001       0.98437696883178893     
  0.23333333333333334       0.71079687947009529     
  0.23666666666666669       0.60535268123825392     
  0.24000000000000002       0.87722432728495581     
  0.24333333333333335       0.91705898027248889     
  0.24666666666666667        1.2282791627497323     
  0.25000000000000000        1.2970813431136530     
  0.25333333333333335       0.92635028449119616     
  0.25666666666666671        1.2108256778921782     
  0.26000000000000001        1.3705123523791347     
  0.26333333333333336        1.1145112819596157     
  0.26666666666666666       0.65647125166308329     
  0.27000000000000002       0.56713124900784473     
  0.27333333333333337       0.88627494499645609     
  0.27666666666666667       0.76317701073540378     
  0.28000000000000003       0.93964803699951138     
  0.28333333333333333        1.0993743532284430     
  0.28666666666666668       0.91491337261273653     
  0.29000000000000004        1.2185506829555603     
  0.29333333333333333        1.5223504996699924     
  0.29666666666666669        1.5004053626032827     
  0.30000000000000004        1.0424167721510935     
  0.30333333333333334       0.77354932064050730     
  0.30666666666666670        1.0900536469874738     
  0.31000000000000000       0.87208809385991048     
  0.31333333333333335       0.61735244071025297     
  0.31666666666666671       0.67667593572552820     
  0.32000000000000001       0.48302498509039038     
  0.32333333333333336       0.58724136536865656     
  0.32666666666666666       0.92199896092089451     
  0.33000000000000002        1.2411851433920571     
  0.33333333333333337        1.2426172248482765     
  0.33666666666666667       0.96348638417496446     
  0.34000000000000002        1.4093928852124151     
  0.34333333333333338        1.8109784665122033     
  0.34666666666666668        1.5614520839350934     
  0.35000000000000003        1.5127729962807666     
  0.35333333333333333        1.3877240922238603     
  0.35666666666666669        1.1610292925591750     
  0.36000000000000004        1.0760051278377174     
  0.36333333333333334       0.99166095818107480     
  0.36666666666666670       0.96655006678662214     
  0.37000000000000005       0.41880584722355030     
  0.37333333333333335      -0.12931022103230586     
  0.37666666666666671       0.13845023606238133     
  0.38000000000000000       0.13089464227316844     
  0.38333333333333336      -0.26606266356905078     
  0.38666666666666671      -0.42836004651108506     
  0.39000000000000001      -0.62215104642749952     
  0.39333333333333337      -0.71066980305906102     
  0.39666666666666667      -0.76887908166876218     
  0.40000000000000002      -0.74444068364830862     
  0.40333333333333338      -0.52770031906470893     
  0.40666666666666668      -0.90792584382204766     
  0.41000000000000003       -1.3179753241162000     
  0.41333333333333339      -0.93241169327730689     
  0.41666666666666669      -0.73269724356742205     
  0.42000000000000004      -0.89594198174507866     
  0.42333333333333334      -0.96488427449394421     
  0.42666666666666669       -1.0718316244403154     
  0.43000000000000005       -1.0407913046479151     
  0.43333333333333335       -1.0686851847508103     
  0.43666666666666670       -1.0771279223737762     
  0.44000000000000000      -0.69176627210069219     
  0.44333333333333336      -0.79563502785990414     
  0.44666666666666671       -1.3367866221118965     
  0.45000000000000001       -1.2008986751536912     
  0.45333333333333337      -0.88081153835767023     
  0.45666666666666672      -0.88104928864822074     
  0.46000000000000002      -0.90282848205042998     
  0.46333333333333337       -1.0265454789573458     
  0.46666666666666667       -1.0372567402718984     
  0.47000000000000003       -1.0288033576987918     
  0.47333333333333338       -1.2435911793465413     
  0.47666666666666668      -0.97911578170985925     
  0.48000000000000004      -0.57765495765583863     
  0.48333333333333334      -0.95108082851917453     
  0.48666666666666669       -1.2893213143040645     
  0.49000000000000005       -1.1142375894964369     
  0.49333333333333335      -0.99747949305451067     
  0.49666666666666670      -0.90866478650748395     
  0.50000000000000000      -0.90601340332793456     
  0.50333333333333341      -0.99343681383364590     
  0.50666666666666671      -0.87860234978767293     
  0.51000000000000001       -1.0579077449139871     
  0.51333333333333342       -1.3924166822748241     
  0.51666666666666672       -1.0118347146770401     
  0.52000000000000002      -0.61563860046794228     
  0.52333333333333332      -0.89042537268770383     
  0.52666666666666673       -1.0987442479380143     
  0.53000000000000003       -1.0936089103050270     
  0.53333333333333333       -1.1112890942531981     
  0.53666666666666674       -1.0049221415158569     
  0.54000000000000004       -1.0195367533254385     
  0.54333333333333333      -0.99863328840534249     
  0.54666666666666675      -0.68404621361902196     
  0.55000000000000004      -0.84550244668308472     
  0.55333333333333334       -1.3815844812278393     
  0.55666666666666675       -1.2507833306134117     
  0.56000000000000005      -0.86370410867393022     
  0.56333333333333335      -0.89083055969408664     
  0.56666666666666665      -0.91738884680721544     
  0.57000000000000006      -0.92108137730526174     
  0.57333333333333336       -1.0078693818987436     
  0.57666666666666666      -0.98986692571848478     
  0.58000000000000007       -1.1498263434882794     
  0.58333333333333337       -1.3407302503592917     
  0.58666666666666667      -0.89290444228875654     
  0.59000000000000008      -0.56662239383195623     
  0.59333333333333338      -0.91576139779587151     
  0.59666666666666668       -1.1870446855617465     
  0.60000000000000009       -1.0125289082216160     
  0.60333333333333339       -1.1113227937369090     
  0.60666666666666669       -1.0834587785198571     
  0.60999999999999999       -1.0810661940103636     
  0.61333333333333340      -0.94527606378168061     
  0.61666666666666670      -0.82884608225890877     
  0.62000000000000000      -0.57158032975298712     
  0.62333333333333341       -1.2192110208750546     
  0.62666666666666671       -1.3164585025800379     
  0.63000000000000000       -1.1501791029846524     
  0.63333333333333341      -0.79926631458819752     
  0.63666666666666671       -1.1838067998956774     
  0.64000000000000001      -0.84338658217883933     
  0.64333333333333342      -0.89083587749466786     
  0.64666666666666672      -0.76553258635681976     
  0.65000000000000002      -0.96707315125973747     
  0.65333333333333332       -1.1505644922375806     
  0.65666666666666673       -1.4406143257789954     
  0.66000000000000003       -1.1052507899744803     
  0.66333333333333333      -0.65873689250877010     
  0.66666666666666674       -1.0100788031456300     
  0.67000000000000004      -0.96103230743796009     
  0.67333333333333334      -0.85512940972753748     
  0.67666666666666675      -0.73032776855629666     
  0.68000000000000005       -1.1647059901775514     
  0.68333333333333335       -1.2024204812298294     
  0.68666666666666676       -1.2879963649217132     
  0.69000000000000006       -1.2127432127598603     
  0.69333333333333336      -0.69648570130162257     
  0.69666666666666666      -0.79398951803201478     
  0.70000000000000007      -0.96618706530957277     
  0.70333333333333337       -1.0164434938790730     
  0.70666666666666667      -0.65505175151964279     
  0.71000000000000008      -0.97092739279478713     
  0.71333333333333337       -1.4016533742436794     
  0.71666666666666667       -1.2319255057222178     
  0.72000000000000008       -1.2263632192528013     
  0.72333333333333338      -0.93691089907296765     
  0.72666666666666668      -0.80653612575814038     
  0.73000000000000009      -0.79195295590635528     
  0.73333333333333339      -0.97921483885566640     
  0.73666666666666669      -0.89503008331603562     
  0.74000000000000010      -0.55336195830213164     
  0.74333333333333340       -1.1151461044743576     
  0.74666666666666670       -1.4346733877047890     
  0.75000000000000000       -1.2970813431136521     
  0.75333333333333341       -1.1327445094462554     
  0.75666666666666671       -1.0127385536903073     
  0.76000000000000001       -1.0466499833963130     
  0.76333333333333342      -0.82483387988183454     
  0.76666666666666672      -0.92488921104865518     
  0.77000000000000002      -0.75955526193327827     
  0.77333333333333343      -0.41121833976813460     
  0.77666666666666673      -0.89720302459660028     
  0.78000000000000003       -1.2742132285676910     
  0.78333333333333344       -1.2659830831128438     
  0.78666666666666674       -1.0887010599412379     
  0.79000000000000004       -1.1642975120829888     
  0.79333333333333333       -1.4632506461436381     
  0.79666666666666675       -1.2031361036224257     
  0.80000000000000004       -1.1259119081339992     
  0.80333333333333334       -1.0036385593878230     
  0.80666666666666675      -0.49588046369417749     
  0.81000000000000005      -0.56270740639849526     
  0.81333333333333335      -0.80729136472926333     
  0.81666666666666676      -0.83282651087575210     
  0.82000000000000006      -0.59392189936138773     
  0.82333333333333336      -0.52988718987399419     
  0.82666666666666677       -1.1397406941684201     
  0.83000000000000007       -1.3330094754286104     
  0.83333333333333337       -1.2857731906129461     
  0.83666666666666667       -1.5526133806124796     
  0.84000000000000008       -1.4390553858395514     
  0.84333333333333338       -1.3773227514735411     
  0.84666666666666668       -1.5574881778389307     
  0.85000000000000009       -1.6390229238330811     
  0.85333333333333339       -1.4500085907975322     
  0.85666666666666669      -0.80958140457388361     
  0.86000000000000010      -0.69929740786713823     
  0.86333333333333340      -0.95455933806888982     
  0.86666666666666670      -0.55906380547069845     
  0.87000000000000011      -0.24308752180042062     
  0.87333333333333341       -9.3914500175334648E-002
  0.87666666666666671       0.23818108256466769     
  0.88000000000000000       0.36739723746765868     
  0.88333333333333341       0.40492607651698476     
  0.88666666666666671       0.30556386065359142     
  0.89000000000000001       0.47115416521109815     
  0.89333333333333342        1.0721357779205947     
  0.89666666666666672       0.97565687161458003     
  0.90000000000000002       0.59228028614927630     
  0.90333333333333343       0.78653415853745712     
  0.90666666666666673       0.90891941708613988     
  0.91000000000000003       0.95146181290859355     
  0.91333333333333344        1.0516101787255370     
  0.91666666666666674        1.0349053332597544     
  0.92000000000000004        1.0525140233508485     
  0.92333333333333334       0.78792311933162584     
  0.92666666666666675       0.69929265168698851     
  0.93000000000000005        1.2509496687752728     
  0.93333333333333335        1.2991944835134179     
  0.93666666666666676       0.86355494411127698     
  0.94000000000000006       0.85562952514116830     
  0.94333333333333336       0.93418327304975002     
  0.94666666666666677       0.99191860190369630     
  0.95000000000000007        1.0725067860148529     
  0.95333333333333337        1.0352529469229852     
  0.95666666666666678        1.1651595985508827     
  0.96000000000000008        1.0205292402396897     
  0.96333333333333337       0.60497928882030394     
  0.96666666666666667       0.91158015312808571     
  0.97000000000000008        1.3454870550379781     
  0.97333333333333338        1.1232110406883387     
  0.97666666666666668       0.92824109077180839     
  0.98000000000000009       0.90148841970083404     
  0.98333333333333339       0.89805171096872816     
  0.98666666666666669        1.0162873839488287     
  0.99000000000000010       0.96550001268077990     
  0.99333333333333340        1.0569842528095128     
  0.99666666666666670        1.3235988326005246     
