   0.0000000000000000       0.78922766976755487     
   3.3333333333333335E-003  0.70281160938973009     
   6.6666666666666671E-003  0.67893911964039511     
   1.0000000000000000E-002  0.43246503110691242     
   1.3333333333333334E-002  0.89732311790296260     
   1.6666666666666666E-002   1.1421394853773168     
   2.0000000000000000E-002   1.1696864047540860     
   2.3333333333333334E-002   1.3052529989962109     
   2.6666666666666668E-002   1.4047717713287842     
   3.0000000000000002E-002   1.7902087811932339     
   3.3333333333333333E-002   1.5146172990754656     
   3.6666666666666667E-002   1.2612774982708626     
   4.0000000000000001E-002   1.2848138506636664     
   4.3333333333333335E-002   1.1060031663723771     
   4.6666666666666669E-002  0.95824455130339503     
   5.0000000000000003E-002  0.38672915234634769     
   5.3333333333333337E-002  0.19608273690922168     
   5.6666666666666671E-002  0.26724080190823307     
   6.0000000000000005E-002 -0.11151887782000187     
   6.3333333333333339E-002 -0.34557346875750861     
   6.6666666666666666E-002 -0.62320566989324344     
   7.0000000000000007E-002 -0.58848287788081921     
   7.3333333333333334E-002 -0.46334227713777987     
   7.6666666666666675E-002 -0.88971689418312516     
   8.0000000000000002E-002 -0.97039660158765173     
   8.3333333333333343E-002 -0.87648865478773652     
   8.6666666666666670E-002 -0.85257067533678521     
   9.0000000000000011E-002 -0.79373387141268792     
   9.3333333333333338E-002  -1.1393102827808494     
   9.6666666666666679E-002  -1.1157247958534910     
  0.10000000000000001      -0.80487233593145080     
  0.10333333333333335      -0.93281842629334455     
  0.10666666666666667       -1.0010477351558993     
  0.11000000000000000       -1.1212969069297525     
  0.11333333333333334       -1.1015500772174844     
  0.11666666666666667      -0.76044938013564511     
  0.12000000000000001      -0.94203264659817876     
  0.12333333333333334       -1.1761053176250380     
  0.12666666666666668       -1.0378700380446351     
  0.13000000000000000       -1.0029940966114519     
  0.13333333333333333      -0.84463360145947652     
  0.13666666666666669      -0.91314244487527907     
  0.14000000000000001       -1.2495674742802347     
  0.14333333333333334       -1.0479173505766015     
  0.14666666666666667      -0.83875586002765934     
  0.15000000000000002      -0.95086682025422409     
  0.15333333333333335      -0.97019995854385821     
  0.15666666666666668       -1.1548124027641544     
  0.16000000000000000       -1.1343528538899927     
  0.16333333333333333      -0.77161807235920388     
  0.16666666666666669      -0.89123172954257701     
  0.17000000000000001       -1.1332405858753176     
  0.17333333333333334       -1.0686706238968622     
  0.17666666666666667       -1.0778076196593742     
  0.18000000000000002      -0.90468231000510735     
  0.18333333333333335      -0.77419092284287649     
  0.18666666666666668       -1.1263586445747631     
  0.19000000000000000       -1.2048091363573548     
  0.19333333333333336      -0.94430262854049074     
  0.19666666666666668      -0.93089506371487662     
  0.20000000000000001      -0.88785792473707670     
  0.20333333333333334      -0.94420616150606518     
  0.20666666666666669       -1.2452167263804284     
  0.21000000000000002       -1.1009393713095719     
  0.21333333333333335      -0.78660806765897162     
  0.21666666666666667      -0.91501038565493975     
  0.22000000000000000       -1.0181762049625602     
  0.22333333333333336       -1.0533774485101841     
  0.22666666666666668       -1.2010352386097085     
  0.23000000000000001      -0.97865876927246975     
  0.23333333333333334      -0.72099557968107642     
  0.23666666666666669      -0.98040639276254404     
  0.24000000000000002       -1.1536025241340275     
  0.24333333333333335       -1.0612214361606067     
  0.24666666666666667       -1.0867823875521092     
  0.25000000000000000      -0.93086701972764119     
  0.25333333333333335      -0.73403491531592868     
  0.25666666666666671       -1.0226913401169226     
  0.26000000000000001       -1.2469249123478101     
  0.26333333333333336       -1.0440961819635928     
  0.26666666666666666      -0.96297149347835498     
  0.27000000000000002      -0.93899682798955664     
  0.27333333333333337      -0.79362690484458231     
  0.27666666666666667      -0.99718911860990622     
  0.28000000000000003       -1.2890728458734479     
  0.28333333333333333       -1.0842236410568480     
  0.28666666666666668      -0.85951633280375395     
  0.29000000000000004      -0.92749270314469290     
  0.29333333333333333      -0.88803726180633780     
  0.29666666666666669      -0.93658771406597185     
  0.30000000000000004       -1.2449312369628023     
  0.30333333333333334       -1.2011282678599757     
  0.30666666666666670      -0.84764611085111996     
  0.31000000000000000      -0.83606605197858996     
  0.31333333333333335      -0.96169654556083162     
  0.31666666666666671      -0.92984772281818673     
  0.32000000000000001       -1.1011949663618237     
  0.32333333333333336       -1.2890284254911315     
  0.32666666666666666       -1.0155244604603419     
  0.33000000000000002      -0.74798438130178613     
  0.33333333333333337      -0.89293515019737635     
  0.33666666666666667      -0.99096696469858037     
  0.34000000000000002      -0.97659144335342041     
  0.34333333333333338       -1.1892746059255295     
  0.34666666666666668       -1.2561072629758818     
  0.35000000000000003      -0.90570126693536301     
  0.35333333333333333      -0.73512661242229926     
  0.35666666666666669      -0.92796651976795075     
  0.36000000000000004      -0.98621877860876406     
  0.36333333333333334      -0.98883773887996795     
  0.36666666666666670       -1.2247353599643775     
  0.37000000000000005       -1.2593965265130496     
  0.37333333333333335      -0.90004669101494650     
  0.37666666666666671      -0.74339507211944755     
  0.38000000000000000      -0.91354088832101643     
  0.38333333333333336      -0.94286074097581440     
  0.38666666666666671      -0.94036929359242705     
  0.39000000000000001       -1.2108711839541020     
  0.39333333333333337       -1.3231607949563478     
  0.39666666666666667       -1.0122818040946957     
  0.40000000000000002      -0.78920373921125442     
  0.40333333333333338      -0.89269474282891925     
  0.40666666666666668      -0.87001783774508212     
  0.41000000000000003      -0.81491714087333034     
  0.41333333333333339       -1.0481219335208249     
  0.41666666666666669       -1.3726801010957970     
  0.42000000000000004       -1.1883135948906771     
  0.42333333333333334      -0.99862163102498425     
  0.42666666666666669      -0.92539004313304840     
  0.43000000000000005      -0.97891764679478999     
  0.43333333333333335      -0.61464357424956406     
  0.43666666666666670      -0.80854911279498509     
  0.44000000000000000      -0.99366542281253656     
  0.44333333333333336       -1.3656593921828244     
  0.44666666666666671       -1.0179920902893020     
  0.45000000000000001       -1.2964977478831101     
  0.45333333333333337       -1.1287285402744203     
  0.45666666666666672       -1.1194972029127621     
  0.46000000000000002      -0.56117685725984046     
  0.46333333333333337      -0.75106972386907933     
  0.46666666666666667      -0.84872222936758845     
  0.47000000000000003      -0.86662104812302976     
  0.47333333333333338      -0.92990121073740795     
  0.47666666666666668       -1.1213866504190426     
  0.48000000000000004       -1.5529825015451222     
  0.48333333333333334       -1.2105749543589504     
  0.48666666666666669       -1.1806040906846782     
  0.49000000000000005       -1.0464527475772532     
  0.49333333333333335       -1.0598742778297814     
  0.49666666666666670      -0.74403524155905265     
  0.50000000000000000      -0.40537712604655601     
  0.50333333333333341      -0.72267385508308757     
  0.50666666666666671      -0.73226860350995127     
  0.51000000000000001      -0.86191755545165594     
  0.51333333333333342      -0.83939249795868820     
  0.51666666666666672       -1.1897231030844739     
  0.52000000000000002       -1.6106979413428903     
  0.52333333333333332       -1.4072842937636587     
  0.52666666666666673       -1.4836282515610946     
  0.53000000000000003       -1.4823852071315962     
  0.53333333333333333       -1.5656199831035833     
  0.53666666666666674       -1.3535953943141981     
  0.54000000000000004      -0.80953372619054098     
  0.54333333333333333      -0.84698469683789468     
  0.54666666666666675      -0.66709722423584683     
  0.55000000000000004      -0.35402621150505753     
  0.55333333333333334       -1.3898497383626252E-002
  0.55666666666666675       0.31754870608729768     
  0.56000000000000005       0.13260516310100592     
  0.56333333333333335       0.37175688812055696     
  0.56666666666666665       0.74611797886448772     
  0.57000000000000006       0.75217481161899713     
  0.57333333333333336       0.80247948180881301     
  0.57666666666666666       0.65863925137583668     
  0.58000000000000007       0.88044004565514544     
  0.58333333333333337        1.1659459753522641     
  0.58666666666666667       0.88078795056395420     
  0.59000000000000008       0.85178773429919852     
  0.59333333333333338       0.93851743773913288     
  0.59666666666666668        1.0351752637069009     
  0.60000000000000009        1.1875561453239745     
  0.60333333333333339       0.85905957255457110     
  0.60666666666666669       0.81547336567960138     
  0.60999999999999999        1.1304050458664101     
  0.61333333333333340        1.0773698124052311     
  0.61666666666666670        1.0376970119269271     
  0.62000000000000000       0.89786436710695994     
  0.62333333333333341       0.82655262477287850     
  0.62666666666666671        1.1908988154195477     
  0.63000000000000000        1.1382573207754458     
  0.63333333333333341       0.85745004347549780     
  0.63666666666666671       0.93046120746325311     
  0.64000000000000001       0.95271324844113714     
  0.64333333333333342        1.1114554914063666     
  0.64666666666666672        1.1810993663447722     
  0.65000000000000002       0.81456223852203391     
  0.65333333333333332       0.84422028496375323     
  0.65666666666666673        1.1252016589778013     
  0.66000000000000003        1.0767445795203110     
  0.66333333333333333        1.0689959596394654     
  0.66666666666666674       0.92896985192006698     
  0.67000000000000004       0.77370575269264863     
  0.67333333333333334        1.1085060457034630     
  0.67666666666666675        1.2173451790310346     
  0.68000000000000005       0.93424237904396257     
  0.68333333333333335       0.91392244414679535     
  0.68666666666666676       0.91076037143767441     
  0.69000000000000006       0.96672536033024281     
  0.69333333333333336        1.2388031491042801     
  0.69666666666666666        1.0709198705918006     
  0.70000000000000007       0.76147736661064458     
  0.70333333333333337       0.93664079024015556     
  0.70666666666666667        1.0665757132068121     
  0.71000000000000008        1.0696283028593501     
  0.71333333333333337        1.1543167177792717     
  0.71666666666666667       0.91232118802901296     
  0.72000000000000008       0.73582745104249225     
  0.72333333333333338        1.0654449650370239     
  0.72666666666666668        1.1904841773464749     
  0.73000000000000009        1.0217130379734802     
  0.73333333333333339        1.0081075925157261     
  0.73666666666666669       0.87644703095806376     
  0.74000000000000010       0.80728276315402492     
  0.74333333333333340        1.1524038821281202     
  0.74666666666666670        1.2387884925504784     
  0.75000000000000000       0.93086701972764185     
  0.75333333333333341       0.88604102031429588     
  0.75666666666666671       0.93150889414940952     
  0.76000000000000001       0.90060515136780750     
  0.76333333333333342        1.1480555437680728     
  0.76666666666666672        1.2500835063130056     
  0.77000000000000002       0.89594255928854794     
  0.77333333333333343       0.78307584358134874     
  0.77666666666666673       0.98512160208306621     
  0.78000000000000003        1.0067240919533773     
  0.78333333333333344        1.0869128386827740     
  0.78666666666666674        1.2272249829240558     
  0.79000000000000004       0.95880377159491736     
  0.79333333333333333       0.70939624863272033     
  0.79666666666666675       0.94415308533188136     
  0.80000000000000004        1.1185506788363699     
  0.80333333333333334        1.0611034609830534     
  0.80666666666666675        1.1421466314149056     
  0.81000000000000005        1.0741498280057011     
  0.81333333333333335       0.74609827242374260     
  0.81666666666666676       0.79011620151426665     
  0.82000000000000006        1.1307550354006808     
  0.82333333333333336        1.1494908661194720     
  0.82666666666666677        1.0553598822669430     
  0.83000000000000007        1.1075192144844557     
  0.83333333333333337       0.93067327257486598     
  0.83666666666666667       0.69358907741831810     
  0.84000000000000008       0.91898316898374077     
  0.84333333333333338        1.2188853497118797     
  0.84666666666666668        1.1301275893957745     
  0.85000000000000009        1.0420058486675545     
  0.85333333333333339        1.0774701187394113     
  0.85666666666666669       0.86442837893818480     
  0.86000000000000010       0.68936455276966657     
  0.86333333333333340       0.97151897629199724     
  0.86666666666666670        1.2375518019803959     
  0.87000000000000011        1.1241333023490547     
  0.87333333333333341        1.0530754683898549     
  0.87666666666666671        1.0929477649716113     
  0.88000000000000000       0.86937260882979539     
  0.88333333333333341       0.66561310918453453     
  0.88666666666666671       0.91618902878017017     
  0.89000000000000001        1.2017630450174426     
  0.89333333333333342        1.1375864254800441     
  0.89666666666666672        1.0860406578334696     
  0.90000000000000002        1.1718875486037763     
  0.90333333333333343       0.97324427497550625     
  0.90666666666666673       0.66922499270336577     
  0.91000000000000003       0.75686327798682373     
  0.91333333333333344        1.0763392087479915     
  0.91666666666666674        1.0832227805312686     
  0.92000000000000004        1.0983570389581696     
  0.92333333333333334        1.2296992738322721     
  0.92666666666666675        1.2645272478040797     
  0.93000000000000005       0.81522571305661318     
  0.93333333333333335       0.73755588322081067     
  0.93666666666666676       0.78236569343194018     
  0.94000000000000006        1.0147517080935409     
  0.94333333333333336       0.78086988418729419     
  0.94666666666666677        1.2001763298148949     
  0.95000000000000007        1.2637948070418172     
  0.95333333333333337        1.4198758673419665     
  0.95666666666666678       0.86047873337827963     
  0.96000000000000008        1.0364569817329639     
  0.96333333333333337       0.84338761991241384     
  0.96666666666666667       0.79771954533947087     
  0.97000000000000008       0.55879747406138791     
  0.97333333333333338       0.85104473050509555     
  0.97666666666666668        1.2234179451864877     
  0.98000000000000009        1.1119709649563179     
  0.98333333333333339        1.2581585720661077     
  0.98666666666666669        1.2385347106289490     
  0.99000000000000010        1.4759052719219963     
  0.99333333333333340        1.0065447939602261     
  0.99666666666666670       0.76389748725241180     
