   0.0000000000000000        1.0792778746519740     
   3.3333333333333335E-003  0.63989013165666953     
   6.6666666666666671E-003  0.89293801472722190     
   1.0000000000000000E-002   1.1311931024285868     
   1.3333333333333334E-002  0.94516211417847795     
   1.6666666666666666E-002   1.0555303755710832     
   2.0000000000000000E-002   1.2013665823879751     
   2.3333333333333334E-002   1.0453378851945636     
   2.6666666666666668E-002  0.88183413536227262     
   3.0000000000000002E-002  0.70788296776507265     
   3.3333333333333333E-002  0.87711203725232578     
   3.6666666666666667E-002   1.3505161157192800     
   4.0000000000000001E-002   1.2112610176177034     
   4.3333333333333335E-002  0.83699496631848680     
   4.6666666666666669E-002  0.99094817533928781     
   5.0000000000000003E-002   1.0190348395398983     
   5.3333333333333337E-002  0.79456230204133960     
   5.6666666666666671E-002  0.89132100003629999     
   6.0000000000000005E-002   1.0846685129707920     
   6.3333333333333339E-002   1.2359846516458712     
   6.6666666666666666E-002   1.2625990712935962     
   7.0000000000000007E-002  0.83829027793628252     
   7.3333333333333334E-002  0.62755024951980454     
   7.6666666666666675E-002   1.0246868674294118     
   8.0000000000000002E-002   1.1115792409131875     
   8.3333333333333343E-002  0.89816321604935934     
   8.6666666666666670E-002   1.0990958011804159     
   9.0000000000000011E-002   1.2547740060201991     
   9.3333333333333338E-002   1.0672952250076873     
   9.6666666666666679E-002  0.88110646284854255     
  0.10000000000000001       0.70511418012113924     
  0.10333333333333335       0.76260144998051616     
  0.10666666666666667        1.2365590661956447     
  0.11000000000000000        1.2605773565993641     
  0.11333333333333334       0.94158097208003466     
  0.11666666666666667        1.0183305112227778     
  0.12000000000000001        1.2177682850441602     
  0.12333333333333334       0.83636142201011787     
  0.12666666666666668       0.73363423414957074     
  0.13000000000000000       0.79326997221660400     
  0.13333333333333333        1.0755039103685755     
  0.13666666666666669        1.2146363086458531     
  0.14000000000000001        1.3852577278962130     
  0.14333333333333334       0.81732266912527829     
  0.14666666666666667       0.96206860203524136     
  0.15000000000000002        1.0102250112984337     
  0.15333333333333335       0.99926104868515786     
  0.15666666666666668       0.51257539347995007     
  0.16000000000000000        1.0172979344408171     
  0.16333333333333333        1.1275616696842143     
  0.16666666666666669        1.3263482580237347     
  0.17000000000000001        1.1930499282803637     
  0.17333333333333334        1.0179417516417231     
  0.17666666666666667       0.78156677098580263     
  0.18000000000000002       0.93271617362382331     
  0.18333333333333335        1.0777323477195995     
  0.18666666666666668       0.57821992216514029     
  0.19000000000000000       0.83466444291555575     
  0.19333333333333336        1.1705698147386476     
  0.19666666666666668        1.4214543312688521     
  0.20000000000000001        1.1306198295657082     
  0.20333333333333334        1.1035156155424524     
  0.20666666666666669       0.95797673608515355     
  0.21000000000000002       0.78503094526030293     
  0.21333333333333335        1.0594138003263718     
  0.21666666666666667       0.76197895661280335     
  0.22000000000000000       0.63106311178412122     
  0.22333333333333336       0.82653916614441481     
  0.22666666666666668        1.3908421022629627     
  0.23000000000000001        1.3470221854459608     
  0.23333333333333334        1.0351706543956869     
  0.23666666666666669        1.2224419666422006     
  0.24000000000000002        1.0272254121647943     
  0.24333333333333335        1.0267890589103965     
  0.24666666666666667       0.94090642413608716     
  0.25000000000000000       0.71604583099732300     
  0.25333333333333335       0.51302255261871554     
  0.25666666666666671       0.66259541534553235     
  0.26000000000000001        1.2928469988860920     
  0.26333333333333336        1.1120390846192785     
  0.26666666666666666       0.98712414536953053     
  0.27000000000000002        1.2625577413999967     
  0.27333333333333337        1.3477501650051462     
  0.27666666666666667        1.3909085704066002     
  0.28000000000000003        1.1697586122532615     
  0.28333333333333333        1.0436646802288423     
  0.28666666666666668       0.66218385373173771     
  0.29000000000000004       0.53177691133094629     
  0.29333333333333333       0.96703451726679768     
  0.29666666666666669       0.72135146408693984     
  0.30000000000000004       0.44477950913920272     
  0.30333333333333334       0.61815840567526770     
  0.30666666666666670       0.96465396043144669     
  0.31000000000000000        1.2679095410058856     
  0.31333333333333335        1.2172415418741231     
  0.31666666666666671        1.4418560226816406     
  0.32000000000000001        1.4529354272654471     
  0.32333333333333336        1.2840430362271029     
  0.32666666666666666        1.7178373265809135     
  0.33000000000000002        1.7425004576523679     
  0.33333333333333337        1.2912686090692516     
  0.33666666666666667       0.96462951247673945     
  0.34000000000000002       0.89532971810649309     
  0.34333333333333338        1.0278673991681735     
  0.34666666666666668       0.63291086773602379     
  0.35000000000000003       0.29392518211181190     
  0.35333333333333333       0.24145765160755120     
  0.35666666666666669      -0.24020032406421857     
  0.36000000000000004      -0.34849454526999463     
  0.36333333333333334      -0.12962459131261966     
  0.36666666666666670      -0.30460452789259007     
  0.37000000000000005      -0.66012893109666693     
  0.37333333333333335      -0.99840477585084386     
  0.37666666666666671      -0.79610767263899296     
  0.38000000000000000      -0.55804552435465671     
  0.38333333333333336      -0.89323452802872283     
  0.38666666666666671      -0.89296051693240819     
  0.39000000000000001      -0.85768467097005052     
  0.39333333333333337       -1.1717603460807224     
  0.39666666666666667       -1.0743434736725255     
  0.40000000000000002      -0.81968045785197119     
  0.40333333333333338      -0.73996830132221547     
  0.40666666666666668      -0.95986809561199438     
  0.41000000000000003       -1.3418619319621012     
  0.41333333333333339       -1.0680199389609006     
  0.41666666666666669      -0.77091983110574236     
  0.42000000000000004       -1.0153322824556770     
  0.42333333333333334      -0.94568052326262664     
  0.42666666666666669      -0.88490267659032651     
  0.43000000000000005       -1.1593124626933893     
  0.43333333333333335       -1.1852048012314300     
  0.43666666666666670       -1.0257013276436986     
  0.44000000000000000      -0.74648580858638214     
  0.44333333333333336      -0.74752133260807974     
  0.44666666666666671       -1.2498399393696225     
  0.45000000000000001       -1.2285992881170469     
  0.45333333333333337      -0.87985274516143563     
  0.45666666666666672       -1.0140158497719121     
  0.46000000000000002      -0.98715704257875792     
  0.46333333333333337      -0.80443470418236440     
  0.46666666666666667      -0.95875781432768248     
  0.47000000000000003       -1.1379094899276345     
  0.47333333333333338       -1.2574705515815285     
  0.47666666666666668       -1.0526919715579153     
  0.48000000000000004      -0.62481175878886275     
  0.48333333333333334      -0.86162648640789219     
  0.48666666666666669       -1.2269527654242995     
  0.49000000000000005       -1.0206922776611527     
  0.49333333333333335       -1.0155437174681468     
  0.49666666666666670       -1.1603168260028840     
  0.50000000000000000      -0.95847208178317922     
  0.50333333333333341      -0.81279901831237522     
  0.50666666666666671      -0.81058078267875222     
  0.51000000000000001       -1.0196060282379205     
  0.51333333333333342       -1.3791551223896117     
  0.51666666666666672       -1.1375201239819135     
  0.52000000000000002      -0.71808666018878153     
  0.52333333333333332      -0.93004954250240668     
  0.52666666666666673       -1.0387802473185717     
  0.53000000000000003      -0.84967777933427513     
  0.53333333333333333       -1.0167852590148598     
  0.53666666666666674       -1.2127092517058697     
  0.54000000000000004       -1.1716873066205002     
  0.54333333333333333       -1.0205936405766780     
  0.54666666666666675      -0.68656007914615014     
  0.55000000000000004      -0.72900229283879958     
  0.55333333333333334       -1.2169575487951578     
  0.55666666666666675       -1.1902569488759891     
  0.56000000000000005      -0.92352730430158514     
  0.56333333333333335       -1.1137777693974031     
  0.56666666666666665       -1.1298353708539617     
  0.57000000000000006      -0.82081593662419150     
  0.57333333333333336      -0.76389475629516124     
  0.57666666666666666      -0.87400170147687239     
  0.58000000000000007       -1.1184571470108775     
  0.58333333333333337       -1.3760938006493486     
  0.58666666666666667       -1.0880976684617578     
  0.59000000000000008      -0.75527759841839659     
  0.59333333333333338      -0.98689321340420910     
  0.59666666666666668       -1.0360106779741820     
  0.60000000000000009      -0.73437852676913029     
  0.60333333333333339      -0.89221355145221393     
  0.60666666666666669       -1.2173356770493722     
  0.60999999999999999       -1.2637457796743601     
  0.61333333333333340       -1.1569548513440935     
  0.61666666666666670      -0.91194312117691068     
  0.62000000000000000      -0.64072039063724484     
  0.62333333333333341      -0.95781873706061915     
  0.62666666666666671       -1.0851021710963717     
  0.63000000000000000      -0.89594479303412222     
  0.63333333333333341      -0.91368090711917405     
  0.63666666666666671       -1.4273057644010727     
  0.64000000000000001       -1.1795615764671441     
  0.64333333333333342      -0.98698128773273075     
  0.64666666666666672      -0.69917861762810019     
  0.65000000000000002      -0.83740574780022126     
  0.65333333333333332      -0.78938562529315892     
  0.65666666666666673       -1.2720265978099043     
  0.66000000000000003      -0.92098726929804897     
  0.66333333333333333       -1.0431534451211442     
  0.66666666666666674       -1.2226021749775873     
  0.67000000000000004       -1.4100924946600140     
  0.67333333333333334      -0.78274276999190673     
  0.67666666666666675      -0.67398562193669731     
  0.68000000000000005      -0.83966366154162886     
  0.68333333333333335      -0.86223558600633798     
  0.68666666666666676       -1.0938396352872175     
  0.69000000000000006       -1.0513566583050011     
  0.69333333333333336       -1.1064394000013402     
  0.69666666666666666       -1.0640364930421189     
  0.70000000000000007       -1.4874603991475557     
  0.70333333333333337       -1.0597427337093719     
  0.70666666666666667      -0.60380295084352475     
  0.71000000000000008      -0.72586299403744381     
  0.71333333333333337      -0.89904189298470749     
  0.71666666666666667      -0.97293190329158785     
  0.72000000000000008      -0.84178707444306811     
  0.72333333333333338       -1.1431067888009405     
  0.72666666666666668       -1.0657636666933386     
  0.73000000000000009       -1.3081269645419802     
  0.73333333333333339       -1.4849063436841874     
  0.73666666666666669       -1.0032515457717077     
  0.74000000000000010      -0.71908576387260859     
  0.74333333333333340      -0.74372655774356833     
  0.74666666666666670       -1.0477155155065687     
  0.75000000000000000      -0.71604583099732444     
  0.75333333333333341      -0.61983164398919854     
  0.75666666666666671      -0.94565791651236319     
  0.76000000000000001      -0.98470735059390724     
  0.76333333333333342       -1.3312295054897743     
  0.76666666666666672       -1.4368598346580319     
  0.77000000000000002       -1.3014529623039766     
  0.77333333333333343       -1.0226717294355281     
  0.77666666666666673       -1.0743409477500756     
  0.78000000000000003       -1.3804825749122087     
  0.78333333333333344      -0.83271173355005279     
  0.78666666666666674      -0.50181194639007387     
  0.79000000000000004      -0.59094486255380485     
  0.79333333333333333      -0.61286073202516511     
  0.79666666666666675      -0.76512434592002165     
  0.80000000000000004      -0.80162007872104890     
  0.80333333333333334      -0.97557624390199960     
  0.80666666666666675      -0.90052354569413384     
  0.81000000000000005       -1.0512173256164501     
  0.81333333333333335       -1.7328612549962010     
  0.81666666666666676       -1.6573527843949023     
  0.82000000000000006       -1.3598829151832503     
  0.82333333333333336       -1.3916241852762135     
  0.82666666666666677       -1.4826383449310987     
  0.83000000000000007       -1.5254578912727197     
  0.83333333333333337       -1.1875225260231066     
  0.83666666666666667       -1.0490377370398112     
  0.84000000000000008      -0.79901905296372133     
  0.84333333333333338      -0.26841619483822021     
  0.84666666666666668      -0.42303544434402923     
  0.85000000000000009      -0.46674444561002115     
  0.85333333333333339        2.1432332799589587E-002
  0.85666666666666669       0.40985894267167089     
  0.86000000000000010       0.55419069669906684     
  0.86333333333333340       0.34229404706783922     
  0.86666666666666670       0.46642753114199570     
  0.87000000000000011       0.76280375191418504     
  0.87333333333333341       0.64693683890403897     
  0.87666666666666671       0.91756498768949513     
  0.88000000000000000        1.1350934187615718     
  0.88333333333333341       0.78684713798285366     
  0.88666666666666671       0.67758663766835359     
  0.89000000000000001       0.86085309404504395     
  0.89333333333333342        1.1909837352269939     
  0.89666666666666672        1.2039555751442270     
  0.90000000000000002       0.79041611120398458     
  0.90333333333333343       0.89487251644785537     
  0.90666666666666673        1.0402701072154741     
  0.91000000000000003       0.84236552436030343     
  0.91333333333333344        1.0790180716795659     
  0.91666666666666674        1.2488504157057363     
  0.92000000000000004        1.0084543763579898     
  0.92333333333333334       0.79499535731008730     
  0.92666666666666675       0.74855816981496925     
  0.93000000000000005        1.1418381213813045     
  0.93333333333333335        1.3179685016710634     
  0.93666666666666676       0.90349444539523072     
  0.94000000000000006       0.90762701725559491     
  0.94333333333333336        1.0464572814477708     
  0.94666666666666677       0.82744469261580711     
  0.95000000000000007       0.93856674141594676     
  0.95333333333333337        1.1842408413545715     
  0.95666666666666678        1.1976145240301066     
  0.96000000000000008        1.0267307535759624     
  0.96333333333333337       0.66662784016895382     
  0.96666666666666667       0.81908459256514665     
  0.97000000000000008        1.2797043014968366     
  0.97333333333333338        1.1005244396252303     
  0.97666666666666668       0.93740362886575745     
  0.98000000000000009        1.1080916809880590     
  0.98333333333333339       0.94361623481872470     
  0.98666666666666669       0.79295975721316747     
  0.99000000000000010       0.90910520347049117     
  0.99333333333333340        1.0979009495166170     
  0.99666666666666670        1.3332257126585927     
