   0.0000000000000000        1.1587398746682367     
   3.3333333333333335E-003   1.0256145608425700     
   6.6666666666666671E-003   1.0164024241586285     
   1.0000000000000000E-002   1.0736005576017493     
   1.3333333333333334E-002  0.68432916762012241     
   1.6666666666666666E-002  0.70522985186726073     
   2.0000000000000000E-002   1.1916451735379106     
   2.3333333333333334E-002   1.2317803894021719     
   2.6666666666666668E-002   1.1342279434157956     
   3.0000000000000002E-002   1.0306816054857662     
   3.3333333333333333E-002  0.92688169116014585     
   3.6666666666666667E-002   1.0255777942985926     
   4.0000000000000001E-002  0.79224446955766936     
   4.3333333333333335E-002  0.63616542459531922     
   4.6666666666666669E-002   1.1262047211577078     
   5.0000000000000003E-002   1.3298578425172589     
   5.3333333333333337E-002   1.1344956682051459     
   5.6666666666666671E-002   1.0697911135897036     
   6.0000000000000005E-002  0.95079092432858214     
   6.3333333333333339E-002  0.95648133347880981     
   6.6666666666666666E-002  0.92523310411872584     
   7.0000000000000007E-002  0.61616662461714311     
   7.3333333333333334E-002  0.82484963064370542     
   7.6666666666666675E-002   1.3218982264244254     
   8.0000000000000002E-002   1.2449050741128984     
   8.3333333333333343E-002   1.0937482964216592     
   8.6666666666666670E-002   1.1002839187551581     
   9.0000000000000011E-002  0.99938802887020017     
   9.3333333333333338E-002  0.99629286293085229     
   9.6666666666666679E-002  0.80275991486097531     
  0.10000000000000001       0.52541686409356636     
  0.10333333333333335       0.88577665336461520     
  0.10666666666666667        1.2732914300187961     
  0.11000000000000000        1.1264554179742776     
  0.11333333333333334        1.1167886593748884     
  0.11666666666666667        1.2334147127679711     
  0.12000000000000001        1.1767943287706188     
  0.12333333333333334        1.1396328839626988     
  0.12666666666666668       0.84097198303965726     
  0.13000000000000000       0.48751414946970872     
  0.13333333333333333       0.75463907617650672     
  0.13666666666666669        1.0293923084099084     
  0.14000000000000001       0.85084102044252063     
  0.14333333333333334       0.92305251812390166     
  0.14666666666666667        1.2192167272991885     
  0.15000000000000002        1.3412346739528818     
  0.15333333333333335        1.4513243759924088     
  0.15666666666666668        1.2860050584453326     
  0.16000000000000000       0.87299010552378686     
  0.16333333333333333       0.91951353407303971     
  0.16666666666666669        1.0568135119052320     
  0.17000000000000001       0.67670084247958162     
  0.17333333333333334       0.43024118385202437     
  0.17666666666666667       0.59617827949821089     
  0.18000000000000002       0.73118528537579830     
  0.18333333333333335       0.94870060537869905     
  0.18666666666666668        1.1529851896775747     
  0.19000000000000000        1.0402695429154800     
  0.19333333333333336        1.1844412597731941     
  0.19666666666666668        1.6939500673042558     
  0.20000000000000001        1.7250715719434822     
  0.20333333333333334        1.4040082877349789     
  0.20666666666666669        1.3732744383017927     
  0.21000000000000002        1.3497384603529634     
  0.21333333333333335        1.1996675475624314     
  0.21666666666666667        1.1299039558984534     
  0.22000000000000000       0.78927853747908905     
  0.22333333333333336       0.24813063021291115     
  0.22666666666666668       0.22343357772657879     
  0.23000000000000001       0.33016736571856614     
  0.23333333333333334       -3.3563910589060414E-002
  0.23666666666666669      -0.44345889408872502     
  0.24000000000000002      -0.47838977220919970     
  0.24333333333333335      -0.62236338021874515     
  0.24666666666666667      -0.60685413150549417     
  0.25000000000000000      -0.57250742780255570     
  0.25333333333333335      -0.74892838560191655     
  0.25666666666666671       -1.2039976666297403     
  0.26000000000000001      -0.88512303862197905     
  0.26333333333333336      -0.76610112879122916     
  0.26666666666666666      -0.78572473965810263     
  0.27000000000000002       -1.1534116095101785     
  0.27333333333333337      -0.90947879055046921     
  0.27666666666666667       -1.2022608145794924     
  0.28000000000000003      -0.89763904532233729     
  0.28333333333333333      -0.85982545722004877     
  0.28666666666666668      -0.79094769976964086     
  0.29000000000000004       -1.3355129568655775     
  0.29333333333333333       -1.0999772392525489     
  0.29666666666666669      -0.85671106948245657     
  0.30000000000000004      -0.90152007103890586     
  0.30333333333333334      -0.95387212876769678     
  0.30666666666666670       -1.0532879386358631     
  0.31000000000000000       -1.0375111072718783     
  0.31333333333333335       -1.2729959048223511     
  0.31666666666666671      -0.76675684789591581     
  0.32000000000000001      -0.78193176825017130     
  0.32333333333333336       -1.0478627381958538     
  0.32666666666666666       -1.2284458822722226     
  0.33000000000000002       -1.0650703507419361     
  0.33333333333333337      -0.85617712612011376     
  0.33666666666666667       -1.0547253776647072     
  0.34000000000000002      -0.78270613935570488     
  0.34333333333333338      -0.99428521586932084     
  0.34666666666666668       -1.2334029802756401     
  0.35000000000000003       -1.1600176959194102     
  0.35333333333333333      -0.86094596235926912     
  0.35666666666666669      -0.69306550706614767     
  0.36000000000000004       -1.1391096551263287     
  0.36333333333333334       -1.0487253192524717     
  0.36666666666666670       -1.0464179220558938     
  0.37000000000000005       -1.1483485941086942     
  0.37333333333333335      -0.94452067281521634     
  0.37666666666666671      -0.82178464803653761     
  0.38000000000000000      -0.77385489429968068     
  0.38333333333333336       -1.2569850699183132     
  0.38666666666666671       -1.2507256668026105     
  0.39000000000000001      -0.86975158132301200     
  0.39333333333333337      -0.96186722448559558     
  0.39666666666666667      -0.89771905633473625     
  0.40000000000000002      -0.92825295462889490     
  0.40333333333333338      -0.97014896852248966     
  0.40666666666666668       -1.1689587159055850     
  0.41000000000000003       -1.3092254884196930     
  0.41333333333333339      -0.78140156183661014     
  0.41666666666666669      -0.73757982701628300     
  0.42000000000000004       -1.0229672413147159     
  0.42333333333333334       -1.0424200981874217     
  0.42666666666666669       -1.1138163545818032     
  0.43000000000000005       -1.0479527984545256     
  0.43333333333333335       -1.1382180017608776     
  0.43666666666666670      -0.95341072085739809     
  0.44000000000000000      -0.59648282226230398     
  0.44333333333333336      -0.99187404092013776     
  0.44666666666666671       -1.2472406743244595     
  0.45000000000000001       -1.1184125371734783     
  0.45333333333333337       -1.0465275460723416     
  0.45666666666666672      -0.91711998145261209     
  0.46000000000000002      -0.99311857570826778     
  0.46333333333333337      -0.83910036573011859     
  0.46666666666666667      -0.74580690766049351     
  0.47000000000000003       -1.2557649287659498     
  0.47333333333333338       -1.3091293487087725     
  0.47666666666666668      -0.98786269538173987     
  0.48000000000000004      -0.90005634456992523     
  0.48333333333333334      -0.84055462331873876     
  0.48666666666666669      -0.96723229504947550     
  0.49000000000000005      -0.92476704164145807     
  0.49333333333333335      -0.89113982549217008     
  0.49666666666666670       -1.3345941745079595     
  0.50000000000000000       -1.2847725357079505     
  0.50333333333333341      -0.84093315550553294     
  0.50666666666666671      -0.81106677663962223     
  0.51000000000000001      -0.85478481451873700     
  0.51333333333333342      -0.97398666730387884     
  0.51666666666666672       -1.0310768670699808     
  0.52000000000000002      -0.95435280585440496     
  0.52333333333333332       -1.2796667097344625     
  0.52666666666666673       -1.3185465340788998     
  0.53000000000000003      -0.80225801670665586     
  0.53333333333333333      -0.72650396030463937     
  0.53666666666666674      -0.88992545631316944     
  0.54000000000000004      -0.94588001156385693     
  0.54333333333333333       -1.0619276747953754     
  0.54666666666666675       -1.0117729203155863     
  0.55000000000000004       -1.1588217677063553     
  0.55333333333333334       -1.3919218633311341     
  0.55666666666666675      -0.97263100364011201     
  0.56000000000000005      -0.63697666490779292     
  0.56333333333333335      -0.85195170537784637     
  0.56666666666666665      -0.92386022115289201     
  0.57000000000000006      -0.95310574709803497     
  0.57333333333333336       -1.0376623317816185     
  0.57666666666666666       -1.0608490521391436     
  0.58000000000000007       -1.3407905401359077     
  0.58333333333333337       -1.3371990709934103     
  0.58666666666666667      -0.80456706676455081     
  0.59000000000000008      -0.71424304129440952     
  0.59333333333333338      -0.93034545930007884     
  0.59666666666666668      -0.83931173025696126     
  0.60000000000000009      -0.83858722631307614     
  0.60333333333333339      -0.94669518027868627     
  0.60666666666666669       -1.0842479413261674     
  0.60999999999999999       -1.4315849090179340     
  0.61333333333333340       -1.3672924065530723     
  0.61666666666666670      -0.90209670470558612     
  0.62000000000000000      -0.92099383368758803     
  0.62333333333333341       -1.0462862914260449     
  0.62666666666666671      -0.77302756845880438     
  0.63000000000000000      -0.64492623293494444     
  0.63333333333333341      -0.70633419431511935     
  0.63666666666666671      -0.84677851764815548     
  0.64000000000000001       -1.2444366552339237     
  0.64333333333333342       -1.3419911755475089     
  0.64666666666666672       -1.0665479569048859     
  0.65000000000000002       -1.2224273270438448     
  0.65333333333333332       -1.4698713905803784     
  0.65666666666666673       -1.1759265847044496     
  0.66000000000000003      -0.86096013884787670     
  0.66333333333333333      -0.72961806378771310     
  0.66666666666666674      -0.59438645019310143     
  0.67000000000000004      -0.72076850133285397     
  0.67333333333333334      -0.80841889879222273     
  0.67666666666666675      -0.53803932167925350     
  0.68000000000000005      -0.64706141764274239     
  0.68333333333333335       -1.2027922261670327     
  0.68666666666666676       -1.3653470013855431     
  0.69000000000000006       -1.2943440391826164     
  0.69333333333333336       -1.4247061257259437     
  0.69666666666666666       -1.4782882919280294     
  0.70000000000000007       -1.5452076494334461     
  0.70333333333333337       -1.6932105907859081     
  0.70666666666666667       -1.3807386001225073     
  0.71000000000000008      -0.89642050557762953     
  0.71333333333333337      -0.93309970085253635     
  0.71666666666666667      -0.97894095784670132     
  0.72000000000000008      -0.55561320247824786     
  0.72333333333333338      -0.20765416095974609     
  0.72666666666666668       -2.0791576471370185E-002
  0.73000000000000009       0.21087501083713273     
  0.73333333333333339       0.23067739367768417     
  0.73666666666666669       0.18665408105031775     
  0.74000000000000010       0.63283749624224073     
  0.74333333333333340       0.92959390637513983     
  0.74666666666666670       0.73675956562488565     
  0.75000000000000000       0.57250742780255603     
  0.75333333333333341       0.87883381972131158     
  0.75666666666666671       0.89676714047334916     
  0.76000000000000001        1.0395707626550184     
  0.76333333333333342        1.0229059418296362     
  0.76666666666666672       0.98283822274672372     
  0.77000000000000002       0.61236923295448031     
  0.77333333333333343        1.1121207918056817     
  0.77666666666666673        1.1617843453263317     
  0.78000000000000003        1.1313043803231824     
  0.78333333333333344       0.70886245916829793     
  0.78666666666666674        1.0575155464795385     
  0.79000000000000004       0.88219500209024659     
  0.79333333333333333        1.0925130774318417     
  0.79666666666666675        1.1459133725333863     
  0.80000000000000004        1.0813839935489453     
  0.80333333333333334       0.73821035339147079     
  0.80666666666666675       0.81302307268311880     
  0.81000000000000005        1.2915856035390130     
  0.81333333333333335        1.0606340931143805     
  0.81666666666666676        1.0208484686842514     
  0.82000000000000006       0.86605563598322866     
  0.82333333333333336       0.98972378037689757     
  0.82666666666666677       0.85026816733202248     
  0.83000000000000007        1.1091380095952126     
  0.83333333333333337        1.3186041878322428     
  0.83666666666666667       0.86482990737937859     
  0.84000000000000008       0.79473610603161671     
  0.84333333333333338       0.88420674212843764     
  0.84666666666666668        1.2148559656876661     
  0.85000000000000009        1.0412103490103726     
  0.85333333333333339        1.0136147327535785     
  0.85666666666666669        1.1120041644897545     
  0.86000000000000010       0.74551402033492553     
  0.86333333333333340       0.86611152849071782     
  0.86666666666666670        1.0947228039172869     
  0.87000000000000011        1.3057606775739294     
  0.87333333333333341        1.0124650873960739     
  0.87666666666666671       0.72843805549988416     
  0.88000000000000000        1.0296553893827123     
  0.88333333333333341       0.92566706185592940     
  0.88666666666666671        1.0002219196244291     
  0.89000000000000001        1.1748810723666694     
  0.89333333333333342        1.1509107131782215     
  0.89666666666666672       0.95863758324881054     
  0.90000000000000002       0.61508259240938556     
  0.90333333333333343        1.0067007839184772     
  0.90666666666666673        1.2349061195363527     
  0.91000000000000003        1.0240805008439025     
  0.91333333333333344        1.0771184138272181     
  0.91666666666666674       0.98103060158803357     
  0.92000000000000004       0.92708177529170910     
  0.92333333333333334       0.78137092390213669     
  0.92666666666666675       0.90100365344389588     
  0.93000000000000005        1.3848919209354158     
  0.93333333333333335        1.1395908847267118     
  0.93666666666666676       0.84888109275643253     
  0.94000000000000006       0.91029708168309231     
  0.94333333333333336       0.89471393097054430     
  0.94666666666666677       0.98981447919847709     
  0.95000000000000007       0.94737646236257012     
  0.95333333333333337        1.1609593469144648     
  0.95666666666666678        1.3428822316526723     
  0.96000000000000008       0.83948303370207888     
  0.96333333333333337       0.70344802774469717     
  0.96666666666666667       0.94618463851600032     
  0.97000000000000008        1.0273413399868367     
  0.97333333333333338        1.1248107580456672     
  0.97666666666666668        1.0357490157140277     
  0.98000000000000009        1.1373487122534323     
  0.98333333333333339        1.1664016385214584     
  0.98666666666666669       0.67757479536571974     
  0.99000000000000010       0.70595129855844718     
  0.99333333333333340        1.0964754730111763     
  0.99666666666666670        1.1499127691709208     
