   0.0000000000000000       0.99303931593760597     
   3.3333333333333335E-003   1.1961008533850628     
   6.6666666666666671E-003  0.97244066422974573     
   1.0000000000000000E-002  0.88687193964325683     
   1.3333333333333334E-002   1.1678811748088662     
   1.6666666666666666E-002  0.81303009060332332     
   2.0000000000000000E-002  0.73097971345532009     
   2.3333333333333334E-002   1.0806161671887533     
   2.6666666666666668E-002   1.3916012308285590     
   3.0000000000000002E-002  0.97454640018968253     
   3.3333333333333333E-002  0.92449207410298040     
   3.6666666666666667E-002  0.65469323573498772     
   4.0000000000000001E-002   1.0679073773321246     
   4.3333333333333335E-002   1.1445056734456085     
   4.6666666666666669E-002   1.1479814487122622     
   5.0000000000000003E-002  0.80481203458385597     
   5.3333333333333337E-002   1.2540165285111440     
   5.6666666666666671E-002  0.91672978044947673     
   6.0000000000000005E-002  0.68760359684809436     
   6.3333333333333339E-002  0.90584695205155930     
   6.6666666666666666E-002   1.3181531894231675     
   7.0000000000000007E-002   1.2203749733150269     
   7.3333333333333334E-002  0.93058299567207237     
   7.6666666666666675E-002  0.86169694659697005     
   8.0000000000000002E-002  0.70186543752731922     
   8.3333333333333343E-002   1.1908820623232566     
   8.6666666666666670E-002   1.0782687993673816     
   9.0000000000000011E-002  0.96406880909929060     
   9.3333333333333338E-002   1.0569640480064495     
   9.6666666666666679E-002   1.2603079105638153     
  0.10000000000000001       0.84481154936214387     
  0.10333333333333335       0.55332267731702101     
  0.10666666666666667        1.0866523190215782     
  0.11000000000000000        1.1685588116591508     
  0.11333333333333334        1.2548845217847955     
  0.11666666666666667        1.0207765607678883     
  0.12000000000000001       0.83687816633789480     
  0.12333333333333334       0.83956125142783022     
  0.12666666666666668        1.0269348407005878     
  0.13000000000000000        1.0572505393824290     
  0.13333333333333333       0.75132147923287074     
  0.13666666666666669        1.2684115141034482     
  0.14000000000000001        1.3588883872481343     
  0.14333333333333334       0.89148921537478309     
  0.14666666666666667       0.67792901571783326     
  0.15000000000000002       0.80209054025151061     
  0.15333333333333335        1.1130995588071253     
  0.15666666666666668        1.0774370598697520     
  0.16000000000000000        1.2171283183726389     
  0.16333333333333333        1.0033298058411415     
  0.16666666666666669       0.88313308515724387     
  0.17000000000000001        1.1906547961501581     
  0.17333333333333334       0.84206428265343369     
  0.17666666666666667       0.63387704720304960     
  0.18000000000000002       0.93586992071954322     
  0.18333333333333335        1.3851306621067603     
  0.18666666666666668        1.3012241277040411     
  0.19000000000000000       0.85188131159495173     
  0.19333333333333336       0.97014462563780579     
  0.19666666666666668       0.86135611623866770     
  0.20000000000000001       0.84439255440326111     
  0.20333333333333334        1.0788517389527104     
  0.20666666666666669       0.88989670955539690     
  0.21000000000000002       0.98576554363740776     
  0.21333333333333335        1.2807097081757406     
  0.21666666666666667        1.3604243799193640     
  0.22000000000000000       0.91622311277126123     
  0.22333333333333336       0.49299541459235968     
  0.22666666666666668       0.94431048474292112     
  0.23000000000000001        1.0783661803008038     
  0.23333333333333334       0.92830691095023998     
  0.23666666666666669        1.1301545980026548     
  0.24000000000000002        1.0900968694569853     
  0.24333333333333335        1.1255945062813209     
  0.24666666666666667        1.1727151276243766     
  0.25000000000000000        1.0142536191834353     
  0.25333333333333335       0.72532966917738773     
  0.25666666666666671       0.50154030147059447     
  0.26000000000000001        1.0574850214593707     
  0.26333333333333336        1.3765599327040634     
  0.26666666666666666       0.96771632560040721     
  0.27000000000000002        1.0402226323328236     
  0.27333333333333337        1.2052686292372676     
  0.27666666666666667        1.1133655767831041     
  0.28000000000000003        1.0033862297106155     
  0.28333333333333333       0.77923889352390285     
  0.28666666666666668       0.73152656747045441     
  0.29000000000000004       0.70737467799060005     
  0.29333333333333333       0.98633455088241173     
  0.29666666666666669        1.4778165123458853     
  0.30000000000000004        1.1410926600475455     
  0.30333333333333334       0.85629942369850165     
  0.30666666666666670        1.2279679891013640     
  0.31000000000000000        1.2278662338248429     
  0.31333333333333335       0.94171172447918039     
  0.31666666666666671       0.69329334838523515     
  0.32000000000000001       0.63846872746178851     
  0.32333333333333336       0.85202648471864395     
  0.32666666666666666       0.91579832278486228     
  0.33000000000000002        1.1821629959187892     
  0.33333333333333337        1.3832455690579897     
  0.33666666666666667       0.96464632361741598     
  0.34000000000000002        1.0201145085034429     
  0.34333333333333338        1.4520231153651517     
  0.34666666666666668        1.2020743467105541     
  0.35000000000000003       0.76639961375112420     
  0.35333333333333333       0.57761928742043944     
  0.35666666666666669       0.67785445733989147     
  0.36000000000000004       0.90863800419157703     
  0.36333333333333334       0.83916345085754451     
  0.36666666666666670       0.96622520751285224     
  0.37000000000000005        1.1931727536715582     
  0.37333333333333335       0.97548749451451089     
  0.37666666666666671        1.1897602100273550     
  0.38000000000000000        1.6804985212186883     
  0.38333333333333336        1.3933332987341380     
  0.38666666666666671       0.92479465159746455     
  0.39000000000000001       0.81611238717925894     
  0.39333333333333337       0.88400016835477224     
  0.39666666666666667       0.95683533230068563     
  0.40000000000000002       0.65957598783472249     
  0.40333333333333338       0.47063414551333144     
  0.40666666666666668       0.69604700449750267     
  0.41000000000000003       0.61997960395699825     
  0.41333333333333339       0.71069887154993272     
  0.41666666666666669        1.3272548793143257     
  0.42000000000000004        1.3969266153835518     
  0.42333333333333334        1.0935645487710721     
  0.42666666666666669        1.2409738330603219     
  0.43000000000000005        1.5648499896432093     
  0.43333333333333335        1.7916391479139482     
  0.43666666666666670        1.6534562277128539     
  0.44000000000000000        1.2387645176636166     
  0.44333333333333336        1.2357175027076115     
  0.44666666666666671        1.2102809659097677     
  0.45000000000000001       0.79491111095388212     
  0.45333333333333337       0.81032221757216993     
  0.45666666666666672       0.86813251015672643     
  0.46000000000000002       0.25079337825168735     
  0.46333333333333337      -0.19639455885334972     
  0.46666666666666667      -0.12678502300250971     
  0.47000000000000003       -5.3515225327581406E-002
  0.47333333333333338      -0.11790816081844689     
  0.47666666666666668      -0.50292749906756296     
  0.48000000000000004      -0.84272826273061552     
  0.48333333333333334      -0.67444747543979022     
  0.48666666666666669      -0.68896850953946265     
  0.49000000000000005      -0.96186921747382481     
  0.49333333333333335      -0.70531977180596506     
  0.49666666666666670      -0.60385149831942508     
  0.50000000000000000       -1.0818291171560641     
  0.50333333333333341       -1.2724629362452695     
  0.50666666666666671      -0.96394581042349070     
  0.51000000000000001      -0.80543584271818758     
  0.51333333333333342      -0.72076117820593844     
  0.51666666666666672       -1.0408313548273389     
  0.52000000000000002       -1.2008639043729750     
  0.52333333333333332       -1.0386811848489077     
  0.52666666666666673      -0.86726808231009489     
  0.53000000000000003       -1.2268780190486643     
  0.53333333333333333      -0.81644994887437339     
  0.53666666666666674      -0.73780098923961457     
  0.54000000000000004      -0.98467505199029726     
  0.54333333333333333       -1.4455191252669901     
  0.54666666666666675      -0.99585844699786441     
  0.55000000000000004      -0.98560850782461240     
  0.55333333333333334      -0.66580424843764341     
  0.55666666666666675      -0.98200482360053565     
  0.56000000000000005       -1.1171107137971334     
  0.56333333333333335       -1.1411327880597062     
  0.56666666666666665      -0.88062492344737864     
  0.57000000000000006       -1.1729115917036934     
  0.57333333333333336       -1.1292693961028184     
  0.57666666666666666      -0.59083854114883094     
  0.58000000000000007      -0.83977260311926250     
  0.58333333333333337       -1.1635092542949339     
  0.58666666666666667       -1.3403938057970006     
  0.59000000000000008      -0.98422308962019323     
  0.59333333333333338      -0.96144823006921576     
  0.59666666666666668      -0.74371044803151731     
  0.60000000000000009      -0.96097404501270411     
  0.60333333333333339       -1.1507791883977976     
  0.60666666666666669      -0.86341443587328159     
  0.60999999999999999       -1.0824833976063246     
  0.61333333333333340       -1.2745958775727495     
  0.61666666666666670       -1.1365680563874079     
  0.62000000000000000      -0.54121713925991211     
  0.62333333333333341      -0.79367370567999473     
  0.62666666666666671       -1.1643848827400798     
  0.63000000000000000       -1.1114445626246077     
  0.63333333333333341       -1.2127739214946383     
  0.63666666666666671      -0.95683677824583335     
  0.64000000000000001      -0.92982131464625195     
  0.64333333333333342      -0.95313451301686569     
  0.64666666666666672      -0.99129762593821369     
  0.65000000000000002      -0.77206708394810941     
  0.65333333333333332      -0.84690081790821281     
  0.65666666666666673       -1.5060426263480404     
  0.66000000000000003       -1.2286036438432917     
  0.66333333333333333      -0.81309698660164442     
  0.66666666666666674      -0.78715139170576831     
  0.67000000000000004      -0.89523973390270095     
  0.67333333333333334       -1.0135623392104567     
  0.67666666666666675      -0.96386006128180302     
  0.68000000000000005       -1.1436950437450573     
  0.68333333333333335       -1.0217501466265411     
  0.68666666666666676       -1.1373740534767154     
  0.69000000000000006       -1.2787107537054982     
  0.69333333333333336      -0.67073355357711739     
  0.69666666666666666      -0.57903768914457698     
  0.70000000000000007      -0.99606923557033178     
  0.70333333333333337       -1.2812475388602356     
  0.70666666666666667       -1.1385696855808940     
  0.71000000000000008      -0.93374732767974467     
  0.71333333333333337       -1.1848751800651851     
  0.71666666666666667       -1.0102489054068660     
  0.72000000000000008      -0.86962590269874418     
  0.72333333333333338      -0.93930494606625459     
  0.72666666666666668      -0.65720627276727961     
  0.73000000000000009      -0.89003885276056693     
  0.73333333333333339       -1.3449353460697635     
  0.73666666666666669       -1.3731611493777867     
  0.74000000000000010       -1.0094396477699479     
  0.74333333333333340      -0.74153895469289544     
  0.74666666666666670       -1.1024913538820029     
  0.75000000000000000       -1.0142536191834324     
  0.75333333333333341      -0.65510589543501752     
  0.75666666666666671      -0.88559585305902166     
  0.76000000000000001      -0.97682779977233125     
  0.76333333333333342       -1.1335533813289327     
  0.76666666666666672       -1.3843447607199308     
  0.77000000000000002       -1.2285499598730587     
  0.77333333333333343      -0.91816441726162257     
  0.77666666666666673      -0.66705604530921203     
  0.78000000000000003      -0.95678901963810215     
  0.78333333333333344       -1.1294143680363982     
  0.78666666666666674      -0.63569203935989982     
  0.79000000000000004      -0.75939289394827425     
  0.79333333333333333       -1.2350075269079084     
  0.79666666666666675       -1.2754207124383603     
  0.80000000000000004       -1.2927693412146253     
  0.80333333333333334       -1.1386178507925937     
  0.80666666666666675      -0.92855691704067755     
  0.81000000000000005      -0.80103679171430098     
  0.81333333333333335      -0.77786165025185627     
  0.81666666666666676       -1.0566738638654525     
  0.82000000000000006      -0.84629385048730121     
  0.82333333333333336      -0.52204347063988665     
  0.82666666666666677       -1.0872963793418893     
  0.83000000000000007       -1.4775780581662434     
  0.83333333333333337       -1.2872638756065102     
  0.83666666666666667       -1.1548791428569150     
  0.84000000000000008       -1.0315898339740919     
  0.84333333333333338       -1.0234175488868669     
  0.84666666666666668      -0.93587560581164320     
  0.85000000000000009      -0.79642307005452728     
  0.85333333333333339      -0.89098789764081754     
  0.85666666666666669      -0.61620915969780488     
  0.86000000000000010      -0.47957093158970243     
  0.86333333333333340       -1.1507381867151625     
  0.86666666666666670       -1.4276776497746195     
  0.87000000000000011       -1.1389787304293835     
  0.87333333333333341       -1.1129375365540040     
  0.87666666666666671       -1.2356477557751924     
  0.88000000000000000       -1.3848374941407113     
  0.88333333333333341       -1.2775418031146191     
  0.88666666666666671      -0.94450600738541846     
  0.89000000000000001      -0.90218780123208153     
  0.89333333333333342      -0.66076228520647784     
  0.89666666666666672      -0.35937882121990650     
  0.90000000000000002      -0.77573848348528307     
  0.90333333333333343      -0.98723160804562693     
  0.90666666666666673      -0.60053118656026805     
  0.91000000000000003      -0.59982532343609418     
  0.91333333333333344      -0.97282387797955250     
  0.91666666666666674       -1.3546276873426455     
  0.92000000000000004       -1.5348337809754975     
  0.92333333333333334       -1.3644229542192154     
  0.92666666666666675       -1.4396602334910718     
  0.93000000000000005       -1.6123133712545434     
  0.93333333333333335       -1.3541108819381567     
  0.93666666666666676       -1.4181703917047068     
  0.94000000000000006       -1.6682716346126620     
  0.94333333333333336       -1.1704424595565546     
  0.94666666666666677      -0.62206868583626740     
  0.95000000000000007      -0.61411463771312325     
  0.95333333333333337      -0.65819921585778018     
  0.95666666666666678      -0.56711905833534426     
  0.96000000000000008      -0.16756105290985804     
  0.96333333333333337       0.27950231235798106     
  0.96666666666666667       0.23482714823111378     
  0.97000000000000008       0.30584684418656516     
  0.97333333333333338       0.64224130933691048     
  0.97666666666666668       0.46099251672772112     
  0.98000000000000009       0.37284407181295809     
  0.98333333333333339       0.90224873966380925     
  0.98666666666666669        1.1360885061423842     
  0.99000000000000010       0.88043312054876288     
  0.99333333333333340       0.71381462561221443     
  0.99666666666666670       0.68021358117963115     
