   0.0000000000000000       -1.0980594655055369     
   3.3333333333333335E-003  -1.1154952427652738     
   6.6666666666666671E-003 -0.90378412155983323     
   1.0000000000000000E-002 -0.88006568723456402     
   1.3333333333333334E-002  -1.0905166689447874     
   1.6666666666666666E-002  -1.1269974963100307     
   2.0000000000000000E-002 -0.91919854705442794     
   2.3333333333333334E-002 -0.86454605156569120     
   2.6666666666666668E-002  -1.0655239167901125     
   3.0000000000000002E-002  -1.1455992772344326     
   3.3333333333333333E-002 -0.95340757170135448     
   3.6666666666666667E-002 -0.84851891386849054     
   4.0000000000000001E-002  -1.0168143733776969     
   4.3333333333333335E-002  -1.1616442795028656     
   4.6666666666666669E-002  -1.0064905541908982     
   5.0000000000000003E-002 -0.85319005935877157     
   5.3333333333333337E-002 -0.93777822936883315     
   5.6666666666666671E-002  -1.1635678189014860     
   6.0000000000000005E-002  -1.0607165778415977     
   6.3333333333333339E-002 -0.91534125636210095     
   6.6666666666666666E-002 -0.82814554832268805     
   7.0000000000000007E-002  -1.1466057126946658     
   7.3333333333333334E-002  -1.0717492841668856     
   7.6666666666666675E-002  -1.0637057241330052     
   8.0000000000000002E-002 -0.72301382054968955     
   8.3333333333333343E-002  -1.1008283426281680     
   8.6666666666666670E-002  -1.0162327223537355     
   9.0000000000000011E-002  -1.2280968055872896     
   9.3333333333333338E-002 -0.75118037989207687     
   9.6666666666666679E-002 -0.97111697894636118     
  0.10000000000000001      -0.97771379100577493     
  0.10333333333333335       -1.2025651699956612     
  0.10666666666666667       -1.0334707649014365     
  0.11000000000000000      -0.78680114697712800     
  0.11333333333333334      -0.99241094864729051     
  0.11666666666666667      -0.99185813624838925     
  0.12000000000000001       -1.2648390638402989     
  0.12333333333333334      -0.90342402664695065     
  0.12666666666666668      -0.86224697924763560     
  0.13000000000000000      -0.94657673229157147     
  0.13333333333333333       -1.0455246706243089     
  0.13666666666666669       -1.2580433885806479     
  0.14000000000000001      -0.87439812791438376     
  0.14333333333333334      -0.89256503580863011     
  0.14666666666666667      -0.90822292302424390     
  0.15000000000000002       -1.0575613795959247     
  0.15333333333333335       -1.2617493563137816     
  0.15666666666666668      -0.90208003638494860     
  0.16000000000000000      -0.89790203258441004     
  0.16333333333333333      -0.87957491359710815     
  0.16666666666666669       -1.0073009555752204     
  0.17000000000000001       -1.2800994765634766     
  0.17333333333333334      -0.97745026177793104     
  0.17666666666666667      -0.90420812682247398     
  0.18000000000000002      -0.87148788819060696     
  0.18333333333333335      -0.89522948164944283     
  0.18666666666666668       -1.2571039705086327     
  0.19000000000000000       -1.1032129442459853     
  0.19333333333333336      -0.93647856457145073     
  0.19666666666666668      -0.91342839087918992     
  0.20000000000000001      -0.77473320908326149     
  0.20333333333333334       -1.1033869919760195     
  0.20666666666666669       -1.2260054608684035     
  0.21000000000000002       -1.0180511119993216     
  0.21333333333333335       -1.0140054857720675     
  0.21666666666666667      -0.78772516830527028     
  0.22000000000000000      -0.82406802431532933     
  0.22333333333333336       -1.1815804331129967     
  0.22666666666666668       -1.1242286070461187     
  0.23000000000000001       -1.1056643977696623     
  0.23333333333333334       -1.0277812132167512     
  0.23666666666666669      -0.71058979698947555     
  0.24000000000000002      -0.87780508968244519     
  0.24333333333333335       -1.1030652495955147     
  0.24666666666666667       -1.0791334048134966     
  0.25000000000000000       -1.2299972583674470     
  0.25333333333333335       -1.0611346722277433     
  0.25666666666666671      -0.73513225051688136     
  0.26000000000000001      -0.86922646078918953     
  0.26333333333333336      -0.94104323447927840     
  0.26666666666666666       -1.0003283265446534     
  0.27000000000000002       -1.2979148599997072     
  0.27333333333333337       -1.1761641919332322     
  0.27666666666666667      -0.88741437285915425     
  0.28000000000000003      -0.91115629523797326     
  0.28333333333333333      -0.79207943352001653     
  0.28666666666666668      -0.78977928763062510     
  0.29000000000000004       -1.1686161637063812     
  0.29333333333333333       -1.2344842410850427     
  0.29666666666666669       -1.1069180236655987     
  0.30000000000000004       -1.1573802994876541     
  0.30333333333333334      -0.91966575440528331     
  0.30666666666666670      -0.65054388397945995     
  0.31000000000000000      -0.84544928786668627     
  0.31333333333333335      -0.97560397005688726     
  0.31666666666666671      -0.99330269205006294     
  0.32000000000000001       -1.2858990589992576     
  0.32333333333333336       -1.3363439748787536     
  0.32666666666666666       -1.0225571553284918     
  0.33000000000000002      -0.94697805845290728     
  0.33333333333333337      -0.88539947282598264     
  0.33666666666666667      -0.62107518657567118     
  0.34000000000000002      -0.72338650111856317     
  0.34333333333333338       -1.0519819567709559     
  0.34666666666666668       -1.0852717311314966     
  0.35000000000000003       -1.1862997166292599     
  0.35333333333333333       -1.4375302808464696     
  0.35666666666666669       -1.2845009350328658     
  0.36000000000000004      -0.97512159390178577     
  0.36333333333333334      -0.95061326880658203     
  0.36666666666666670      -0.80338492940532080     
  0.37000000000000005      -0.50033223985407249     
  0.37333333333333335      -0.59313590017556816     
  0.37666666666666671      -0.85225706111790867     
  0.38000000000000000      -0.86315581779060846     
  0.38333333333333336       -1.0297022423208608     
  0.38666666666666671       -1.4407085129505255     
  0.39000000000000001       -1.5366791178107311     
  0.39333333333333337       -1.4267449809733597     
  0.39666666666666667       -1.5453390205285913     
  0.40000000000000002       -1.5402683237410029     
  0.40333333333333338       -1.1549649205612835     
  0.40666666666666668      -0.89126338037585751     
  0.41000000000000003      -0.82732983394268911     
  0.41333333333333339      -0.48528100756561482     
  0.41666666666666669       -3.8694255771318568E-002
  0.42000000000000004        6.6649479758524852E-002
  0.42333333333333334       0.14630108152594973     
  0.42666666666666669       0.50615759387129411     
  0.43000000000000005       0.71579020299298624     
  0.43333333333333335       0.62031959061926634     
  0.43666666666666670       0.70298375770954680     
  0.44000000000000000       0.97436615904654889     
  0.44333333333333336       0.96270586984077267     
  0.44666666666666671       0.80139227099178045     
  0.45000000000000001       0.93057471225784349     
  0.45333333333333337        1.1140794404502052     
  0.45666666666666672       0.97897868571792290     
  0.46000000000000002       0.84720985769427293     
  0.46333333333333337        1.0238574015984589     
  0.46666666666666667        1.1339932235045505     
  0.47000000000000003       0.94504208166450476     
  0.47333333333333338       0.86693538700238526     
  0.47666666666666668        1.0690898819766397     
  0.48000000000000004        1.1244354460930239     
  0.48333333333333334       0.91703725795326207     
  0.48666666666666669       0.88078743172794038     
  0.49000000000000005        1.0913644973140264     
  0.49333333333333335        1.1151606364447528     
  0.49666666666666670       0.90347748077412415     
  0.50000000000000000       0.88608417998432143     
  0.50333333333333341        1.0980667209731001     
  0.50666666666666671        1.1155201124005978     
  0.51000000000000001       0.90375993202463123     
  0.51333333333333342       0.88011814586659387     
  0.51666666666666672        1.0904317889568280     
  0.52000000000000002        1.1271436500659346     
  0.52333333333333332       0.91895676649333591     
  0.52666666666666673       0.86494206958187425     
  0.53000000000000003        1.0648879678346967     
  0.53333333333333333        1.1466025774245294     
  0.53666666666666674       0.95185511154047875     
  0.54000000000000004       0.85087341072175759     
  0.54333333333333333        1.0133184271386135     
  0.54666666666666675        1.1667199108931421     
  0.55000000000000004       0.99929553524301717     
  0.55333333333333334       0.86313091907260242     
  0.55666666666666675       0.92442074878360947     
  0.56000000000000005        1.1809758829031820     
  0.56333333333333335        1.0387901802055040     
  0.56666666666666665       0.94190609479638610     
  0.57000000000000006       0.79739580549708222     
  0.57333333333333336        1.1802676700256598     
  0.57666666666666666        1.0374840076472498     
  0.58000000000000007        1.0951131002617971     
  0.58333333333333337       0.69900176331948560     
  0.58666666666666667        1.1121936113991160     
  0.59000000000000008        1.0227641910948597     
  0.59333333333333338        1.1994908891429539     
  0.59666666666666668       0.80364615395178174     
  0.60000000000000009       0.89672472127494596     
  0.60333333333333339        1.0674246461250139     
  0.60666666666666669        1.1089472466826960     
  0.60999999999999999        1.1158932276231510     
  0.61333333333333340       0.73181180872802887     
  0.61666666666666670        1.0063950831940889     
  0.62000000000000000        1.0254649153764466     
  0.62333333333333341        1.1876542236787868     
  0.62666666666666671        1.0081591297796819     
  0.63000000000000000       0.75595764999960136     
  0.63333333333333341        1.0243978853611155     
  0.63666666666666671        1.0213214064223739     
  0.64000000000000001        1.2177397202125777     
  0.64333333333333342       0.96948552312805403     
  0.64666666666666672       0.77293325268687108     
  0.65000000000000002        1.0098848503092883     
  0.65333333333333332        1.0136898135590475     
  0.65666666666666673        1.2274785350950208     
  0.66000000000000003        1.0039695455457773     
  0.66333333333333333       0.76928369368321536     
  0.66666666666666674       0.97846434476859712     
  0.67000000000000004       0.98537535305224522     
  0.67333333333333334        1.2112576630303140     
  0.67666666666666675        1.1065849426991492     
  0.68000000000000005       0.77864307870110694     
  0.68333333333333335       0.92684710687161287     
  0.68666666666666676       0.94299323284920067     
  0.69000000000000006        1.1291666283885544     
  0.69333333333333336        1.2403343047191124     
  0.69666666666666666       0.87130954949908190     
  0.70000000000000007       0.86431928097539290     
  0.70333333333333337       0.91135508835508383     
  0.70666666666666667       0.96400190458861801     
  0.71000000000000008        1.2764898726687814     
  0.71333333333333337        1.0934566511348704     
  0.71666666666666667       0.86064839712941499     
  0.72000000000000008       0.91324340866074416     
  0.72333333333333338       0.81790244495427555     
  0.72666666666666668        1.0601228399375286     
  0.73000000000000009        1.2856735108921984     
  0.73333333333333339        1.0272778180744082     
  0.73666666666666669       0.95905899226195257     
  0.74000000000000010       0.87568880500138424     
  0.74333333333333340       0.74842093125638498     
  0.74666666666666670        1.0879613361958991     
  0.75000000000000000        1.2299972583674472     
  0.75333333333333341        1.0699626036101473     
  0.75666666666666671        1.0897765688560075     
  0.76000000000000001       0.86711017610812657     
  0.76333333333333342       0.69257403920679983     
  0.76666666666666672       0.99982493140231066     
  0.77000000000000002        1.1179057468771689     
  0.77333333333333343        1.1120584248246390     
  0.77666666666666673        1.2510923610178735     
  0.78000000000000003        1.0003316795833896     
  0.78333333333333344       0.71915620469587205     
  0.78666666666666674       0.86923045299342838     
  0.79000000000000004       0.91017740303692085     
  0.79333333333333333       0.97248068480525762     
  0.79666666666666675        1.2989499272865346     
  0.80000000000000004        1.2469663713797843     
  0.80333333333333334       0.96178459578539166     
  0.80666666666666675       0.95439962412712243     
  0.81000000000000005       0.81949560372411956     
  0.81333333333333335       0.66149323239745605     
  0.81666666666666676       0.96168506682789112     
  0.82000000000000006        1.1930542495097569     
  0.82333333333333336        1.1339671590020752     
  0.82666666666666677        1.2563645565808697     
  0.83000000000000007        1.2417021819641367     
  0.83333333333333337       0.85656286201935883     
  0.83666666666666667       0.73136640648956164     
  0.84000000000000008       0.82945401407993047     
  0.84333333333333338       0.72658345806088442     
  0.84666666666666668       0.83721218837676348     
  0.85000000000000009        1.2339762459158954     
  0.85333333333333339        1.3022406105090953     
  0.85666666666666669        1.2075804477134437     
  0.86000000000000010        1.3184631861999805     
  0.86333333333333340        1.1873352509648554     
  0.86666666666666670       0.78225814414212791     
  0.87000000000000011       0.69095132214604482     
  0.87333333333333341       0.73904805070761581     
  0.87666666666666671       0.56802686408607073     
  0.88000000000000000       0.62378166932675494     
  0.88333333333333341        1.0151652953751615     
  0.88666666666666671        1.1801093730312644     
  0.89000000000000001        1.2075870371647073     
  0.89333333333333342        1.5022214627546195     
  0.89666666666666672        1.6804795443992369     
  0.90000000000000002        1.4592792540101713     
  0.90333333333333343        1.3224357455558657     
  0.90666666666666673        1.3395738896267335     
  0.91000000000000003        1.0326624484351172     
  0.91333333333333344       0.58124189661099801     
  0.91666666666666674       0.44052083508000300     
  0.92000000000000004       0.30544979995358151     
  0.92333333333333334      -0.12007936504019238     
  0.92666666666666675      -0.39763920801251651     
  0.93000000000000005      -0.36658029579539964     
  0.93333333333333335      -0.50655904414557062     
  0.93666666666666676      -0.82643268155295069     
  0.94000000000000006      -0.85410685398496344     
  0.94333333333333336      -0.72355879972289361     
  0.94666666666666677      -0.87603958128800974     
  0.95000000000000007       -1.0766801881420871     
  0.95333333333333337      -0.95385008374796076     
  0.95666666666666678      -0.83065283335367179     
  0.96000000000000008       -1.0131508203502093     
  0.96333333333333337       -1.1271935992704449     
  0.96666666666666667      -0.94079821778137473     
  0.97000000000000008      -0.86433077226476773     
  0.97333333333333338       -1.0675172342106207     
  0.97666666666666668       -1.1235005969042826     
  0.98000000000000009      -0.91649034308151589     
  0.98333333333333339      -0.88047155060005799     
  0.98666666666666669       -1.0911859548061313     
  0.99000000000000010       -1.1150587421040896     
  0.99333333333333340      -0.90342464560398739     
  0.99666666666666670      -0.88604895898194824     
