   0.0000000000000000      -0.97957594867846354     
   3.3333333333333335E-003  -1.1808685763178588     
   6.6666666666666671E-003  -1.0303885253598200     
   1.0000000000000000E-002 -0.81863370890179399     
   1.3333333333333334E-002 -0.94653880567135718     
   1.6666666666666666E-002  -1.1760144945349960     
   2.0000000000000000E-002  -1.0888079692009678     
   2.3333333333333334E-002 -0.84140058331033973     
   2.6666666666666668E-002 -0.86731624750441061     
   3.0000000000000002E-002  -1.1212975744259812     
   3.3333333333333333E-002  -1.1760675666742362     
   3.6666666666666667E-002 -0.94233215833475847     
   4.0000000000000001E-002 -0.79710837528680245     
   4.3333333333333335E-002 -0.96836410379334104     
   4.6666666666666669E-002  -1.1914499031643051     
   5.0000000000000003E-002  -1.1312416786214585     
   5.3333333333333337E-002 -0.87745561081714019     
   5.6666666666666671E-002 -0.79398844389443368     
   6.0000000000000005E-002 -0.99619554477762551     
   6.3333333333333339E-002  -1.2077218376875785     
   6.6666666666666666E-002  -1.1488039254204430     
   7.0000000000000007E-002 -0.89700457411229062     
   7.3333333333333334E-002 -0.76852199038898572     
   7.6666666666666675E-002 -0.91856551387953167     
   8.0000000000000002E-002  -1.1683015375840546     
   8.3333333333333343E-002  -1.2316387362705148     
   8.6666666666666670E-002  -1.0398627791772255     
   9.0000000000000011E-002 -0.80017482380599436     
   9.3333333333333338E-002 -0.76084340986709043     
   9.6666666666666679E-002 -0.95959548426361341     
  0.10000000000000001       -1.2034699187557205     
  0.10333333333333335       -1.2664660151123110     
  0.10666666666666667       -1.0939713915418308     
  0.11000000000000000      -0.83477329692168478     
  0.11333333333333334      -0.70091385109212179     
  0.11666666666666667      -0.79572320708731792     
  0.12000000000000001       -1.0472157421665464     
  0.12333333333333334       -1.2770033660236444     
  0.12666666666666668       -1.3317625953287058     
  0.13000000000000000       -1.1780888581516906     
  0.13333333333333333      -0.90843637575001435     
  0.13666666666666669      -0.67335365664028601     
  0.14000000000000001      -0.59447671593579376     
  0.14333333333333334      -0.70894191501232895     
  0.14666666666666667      -0.96526819214207982     
  0.15000000000000002       -1.2592843952261084     
  0.15333333333333335       -1.4832557981773100     
  0.15666666666666668       -1.5639904932128081     
  0.16000000000000000       -1.4783948803909206     
  0.16333333333333333       -1.2479743703958066     
  0.16666666666666669      -0.92124821429581905     
  0.17000000000000001      -0.55406525349125113     
  0.17333333333333334      -0.19466240715552663     
  0.17666666666666667       0.12398350751304796     
  0.18000000000000002       0.38528724025281191     
  0.18333333333333335       0.58605138959377712     
  0.18666666666666668       0.73183604503963262     
  0.19000000000000000       0.83251828141527295     
  0.19333333333333336       0.89896561601671710     
  0.19666666666666668       0.94102967737285959     
  0.20000000000000001       0.96664902367131733     
  0.20333333333333334       0.98169899206349720     
  0.20666666666666669       0.99024435881203798     
  0.21000000000000002       0.99494263481297318     
  0.21333333333333335       0.99744782208365801     
  0.21666666666666667       0.99874510069927580     
  0.22000000000000000       0.99939830188698642     
  0.22333333333333336       0.99971845211777377     
  0.22666666666666668       0.99987134233509811     
  0.23000000000000001       0.99994254642608782     
  0.23333333333333334       0.99997491383519488     
  0.23666666666666669       0.99998927982080632     
  0.24000000000000002       0.99999552531842884     
  0.24333333333333335       0.99999814501944817     
  0.24666666666666667       0.99999931350632776     
  0.25000000000000000       0.99999958238121156     
  0.25333333333333335        1.0000002072530976     
  0.25666666666666671       0.99999917773833735     
  0.26000000000000001        1.0000018506317798     
  0.26333333333333336       0.99999562510481510     
  0.26666666666666666        1.0000099984478310     
  0.27000000000000002       0.99997763369948789     
  0.27333333333333337        1.0000488387353805     
  0.27666666666666667       0.99989594884767785     
  0.28000000000000003        1.0002160991914475     
  0.28333333333333333       0.99956289804180232     
  0.28666666666666668        1.0008601766700291     
  0.29000000000000004       0.99835498940345235     
  0.29333333333333333        1.0030532654057029     
  0.29666666666666669       0.99450789865757738     
  0.30000000000000004        1.0095578670498857     
  0.30333333333333334       0.98393852075146859     
  0.30666666666666670        1.0260025821076215     
  0.31000000000000000       0.95955524750618126     
  0.31333333333333335        1.0602374838818223     
  0.31666666666666671       0.91445282843596909     
  0.32000000000000001        1.1152169777769316     
  0.32333333333333336       0.85391324503716826     
  0.32666666666666666        1.1725591597057423     
  0.33000000000000002       0.81315631337001792     
  0.33333333333333337        1.1803392741745857     
  0.33666666666666667       0.85361311807459772     
  0.34000000000000002        1.0840336280697120     
  0.34333333333333338       0.99843801524782350     
  0.34666666666666668       0.91770332021232770     
  0.35000000000000003        1.1416747231635289     
  0.35333333333333333       0.84765852007950160     
  0.35666666666666669        1.1039847972092536     
  0.36000000000000004       0.98951959813271795     
  0.36333333333333334       0.91064265742822548     
  0.36666666666666670        1.1457253765379547     
  0.37000000000000005       0.87607289413627876     
  0.37333333333333335        1.0297466313132939     
  0.37666666666666671        1.0845058606183542     
  0.38000000000000000       0.85471823676125636     
  0.38333333333333336        1.1062107718404843     
  0.38666666666666671        1.0114014158452878     
  0.39000000000000001       0.87754197001572620     
  0.39333333333333337        1.1367400646358696     
  0.39666666666666667       0.96424544106538912     
  0.40000000000000002       0.90124934470879969     
  0.40333333333333338        1.1451237792009044     
  0.40666666666666668       0.94637170480438348     
  0.41000000000000003       0.90704029086547799     
  0.41333333333333339        1.1467282462367108     
  0.41666666666666669       0.95495228914342345     
  0.42000000000000004       0.89161509045696385     
  0.42333333333333334        1.1413511141614863     
  0.42666666666666669       0.99130759067094054     
  0.43000000000000005       0.86282500694763664     
  0.43333333333333335        1.1146243582557889     
  0.43666666666666670        1.0557064459886523     
  0.44000000000000000       0.84418015307869887     
  0.44333333333333336        1.0463872539618901     
  0.44666666666666671        1.1298544208845966     
  0.45000000000000001       0.87606835308027642     
  0.45333333333333337       0.93627657762312200     
  0.45666666666666672        1.1593623769940875     
  0.46000000000000002       0.98810664848754748     
  0.46333333333333337       0.84288286543959234     
  0.46666666666666667        1.0766182737790724     
  0.47000000000000003        1.1313882660273260     
  0.47333333333333338       0.87740693910575451     
  0.47666666666666668       0.90332260329982772     
  0.48000000000000004        1.1507299891904559     
  0.48333333333333334        1.0635234638564275     
  0.48666666666666669       0.83404777499279004     
  0.49000000000000005       0.96195287176235356     
  0.49333333333333335        1.1737076882203819     
  0.49666666666666670        1.0232276372623434     
  0.50000000000000000       0.82193500962294819     
  0.50333333333333341       0.97957594867846354     
  0.50666666666666671        1.1808685763178588     
  0.51000000000000001        1.0303885253598200     
  0.51333333333333342       0.81863370890179399     
  0.51666666666666672       0.94653880567135718     
  0.52000000000000002        1.1760144945349960     
  0.52333333333333332        1.0888079692009678     
  0.52666666666666673       0.84140058331033973     
  0.53000000000000003       0.86731624750441061     
  0.53333333333333333        1.1212975744259812     
  0.53666666666666674        1.1760675666742362     
  0.54000000000000004       0.94233215833475847     
  0.54333333333333333       0.79710837528680245     
  0.54666666666666675       0.96836410379334104     
  0.55000000000000004        1.1914499031643051     
  0.55333333333333334        1.1312416786214585     
  0.55666666666666675       0.87745561081714019     
  0.56000000000000005       0.79398844389443368     
  0.56333333333333335       0.99619554477762551     
  0.56666666666666665        1.2077218376875785     
  0.57000000000000006        1.1488039254204430     
  0.57333333333333336       0.89700457411229062     
  0.57666666666666666       0.76852199038898572     
  0.58000000000000007       0.91856551387953167     
  0.58333333333333337        1.1683015375840546     
  0.58666666666666667        1.2316387362705148     
  0.59000000000000008        1.0398627791772255     
  0.59333333333333338       0.80017482380599436     
  0.59666666666666668       0.76084340986709043     
  0.60000000000000009       0.95959548426361341     
  0.60333333333333339        1.2034699187557205     
  0.60666666666666669        1.2664660151123110     
  0.60999999999999999        1.0939713915418308     
  0.61333333333333340       0.83477329692168478     
  0.61666666666666670       0.70091385109212179     
  0.62000000000000000       0.79572320708731792     
  0.62333333333333341        1.0472157421665464     
  0.62666666666666671        1.2770033660236444     
  0.63000000000000000        1.3317625953287058     
  0.63333333333333341        1.1780888581516906     
  0.63666666666666671       0.90843637575001435     
  0.64000000000000001       0.67335365664028601     
  0.64333333333333342       0.59447671593579376     
  0.64666666666666672       0.70894191501232895     
  0.65000000000000002       0.96526819214207982     
  0.65333333333333332        1.2592843952261084     
  0.65666666666666673        1.4832557981773100     
  0.66000000000000003        1.5639904932128081     
  0.66333333333333333        1.4783948803909206     
  0.66666666666666674        1.2479743703958066     
  0.67000000000000004       0.92124821429581905     
  0.67333333333333334       0.55406525349125113     
  0.67666666666666675       0.19466240715552663     
  0.68000000000000005      -0.12398350751304796     
  0.68333333333333335      -0.38528724025281197     
  0.68666666666666676      -0.58605138959377689     
  0.69000000000000006      -0.73183604503963373     
  0.69333333333333336      -0.83251828141526873     
  0.69666666666666666      -0.89896561601673086     
  0.70000000000000007      -0.94102967737281529     
  0.70333333333333337      -0.96664902367146022     
  0.70666666666666667      -0.98169899206304667     
  0.71000000000000008      -0.99024435881343353     
  0.71333333333333337      -0.99494263480872247     
  0.71666666666666667      -0.99744782209638627     
  0.72000000000000008      -0.99874510066181643     
  0.72333333333333338      -0.99939830199530411     
  0.72666666666666668      -0.99971845181013164     
  0.73000000000000009      -0.99987134319302717     
  0.73333333333333339      -0.99994254407776706     
  0.73666666666666669      -0.99997492014182143     
  0.74000000000000010      -0.99998926320992287     
  0.74333333333333340      -0.99999556820827640     
  0.74666666666666670      -0.99999803650700547     
  0.75000000000000000      -0.99999958238121067     
  0.75333333333333341      -0.99999893025377518     
  0.75666666666666671       -1.0000017545495079     
  0.76000000000000001      -0.99999558852327441     
  0.76333333333333342       -1.0000099847837993     
  0.76666666666666672      -0.99997762869040352     
  0.77000000000000002       -1.0000488369325469     
  0.77333333333333343      -0.99989594821041561     
  0.77666666666666673       -1.0002160989701456     
  0.78000000000000003      -0.99956289796627795     
  0.78333333333333344       -1.0008601766446923     
  0.78666666666666674      -0.99835498939509371     
  0.79000000000000004       -1.0030532654029909     
  0.79333333333333333      -0.99450789865671185     
  0.79666666666666675       -1.0095578670496137     
  0.80000000000000004      -0.98393852075138455     
  0.80333333333333334       -1.0260025821075955     
  0.80666666666666675      -0.95955524750617371     
  0.81000000000000005       -1.0602374838818200     
  0.81333333333333335      -0.91445282843596853     
  0.81666666666666676       -1.1152169777769316     
  0.82000000000000006      -0.85391324503716826     
  0.82333333333333336       -1.1725591597057423     
  0.82666666666666677      -0.81315631337001792     
  0.83000000000000007       -1.1803392741745857     
  0.83333333333333337      -0.85361311807459772     
  0.83666666666666667       -1.0840336280697120     
  0.84000000000000008      -0.99843801524782350     
  0.84333333333333338      -0.91770332021232770     
  0.84666666666666668       -1.1416747231635289     
  0.85000000000000009      -0.84765852007950160     
  0.85333333333333339       -1.1039847972092536     
  0.85666666666666669      -0.98951959813271795     
  0.86000000000000010      -0.91064265742822548     
  0.86333333333333340       -1.1457253765379547     
  0.86666666666666670      -0.87607289413627876     
  0.87000000000000011       -1.0297466313132939     
  0.87333333333333341       -1.0845058606183542     
  0.87666666666666671      -0.85471823676125636     
  0.88000000000000000       -1.1062107718404843     
  0.88333333333333341       -1.0114014158452878     
  0.88666666666666671      -0.87754197001572620     
  0.89000000000000001       -1.1367400646358696     
  0.89333333333333342      -0.96424544106538912     
  0.89666666666666672      -0.90124934470879969     
  0.90000000000000002       -1.1451237792009044     
  0.90333333333333343      -0.94637170480438348     
  0.90666666666666673      -0.90704029086547799     
  0.91000000000000003       -1.1467282462367108     
  0.91333333333333344      -0.95495228914342345     
  0.91666666666666674      -0.89161509045696385     
  0.92000000000000004       -1.1413511141614863     
  0.92333333333333334      -0.99130759067094054     
  0.92666666666666675      -0.86282500694763664     
  0.93000000000000005       -1.1146243582557889     
  0.93333333333333335       -1.0557064459886523     
  0.93666666666666676      -0.84418015307869887     
  0.94000000000000006       -1.0463872539618901     
  0.94333333333333336       -1.1298544208845966     
  0.94666666666666677      -0.87606835308027642     
  0.95000000000000007      -0.93627657762312200     
  0.95333333333333337       -1.1593623769940875     
  0.95666666666666678      -0.98810664848754748     
  0.96000000000000008      -0.84288286543959234     
  0.96333333333333337       -1.0766182737790724     
  0.96666666666666667       -1.1313882660273260     
  0.97000000000000008      -0.87740693910575451     
  0.97333333333333338      -0.90332260329982772     
  0.97666666666666668       -1.1507299891904559     
  0.98000000000000009       -1.0635234638564275     
  0.98333333333333339      -0.83404777499279004     
  0.98666666666666669      -0.96195287176235356     
  0.99000000000000010       -1.1737076882203819     
  0.99333333333333340       -1.0232276372623434     
  0.99666666666666670      -0.82193500962294819     
