   0.0000000000000000      -0.84381386637500577     
   3.3333333333333335E-003 -0.98094156143946654     
   6.6666666666666671E-003  -1.1571808611371592     
   1.0000000000000000E-002  -1.0273812809807787     
   1.3333333333333334E-002 -0.84324714198236383     
   1.6666666666666666E-002 -0.95774996218101649     
   2.0000000000000000E-002  -1.1534554364894303     
   2.3333333333333334E-002  -1.0633017781814731     
   2.6666666666666668E-002 -0.85492745142521887     
   3.0000000000000002E-002 -0.91057939085811501     
   3.3333333333333333E-002  -1.1288205662777615     
   3.6666666666666667E-002  -1.1182411424098304     
   4.0000000000000001E-002 -0.89817378329738051     
   4.3333333333333335E-002 -0.85434611576285091     
   4.6666666666666669E-002  -1.0620057773375176     
   5.0000000000000003E-002  -1.1655517311605303     
   5.3333333333333337E-002 -0.99060546354730028     
   5.6666666666666671E-002 -0.82980808068033529     
   6.0000000000000005E-002 -0.94777062965686953     
   6.3333333333333339E-002  -1.1516220872756102     
   6.6666666666666666E-002  -1.1139434093123113     
   7.0000000000000007E-002 -0.89551035591813055     
   7.3333333333333334E-002 -0.83852656086360722     
   7.6666666666666675E-002  -1.0300399099060846     
   8.0000000000000002E-002  -1.1774690818173490     
   8.3333333333333343E-002  -1.0598927817440500     
   8.6666666666666670E-002 -0.85272301329892120     
   9.0000000000000011E-002 -0.85861380418462441     
   9.3333333333333338E-002  -1.0678215835663811     
   9.6666666666666679E-002  -1.1827202235268768     
  0.10000000000000001       -1.0435379907053823     
  0.10333333333333335      -0.84328640225257578     
  0.10666666666666667      -0.85350400360985113     
  0.11000000000000000       -1.0591296906815195     
  0.11333333333333334       -1.1889912961322351     
  0.11666666666666667       -1.0759604350891230     
  0.12000000000000001      -0.86537973006637303     
  0.12333333333333334      -0.82105194826362116     
  0.12666666666666668      -0.99614471259298543     
  0.13000000000000000       -1.1776199158977181     
  0.13333333333333333       -1.1500747503534017     
  0.13666666666666669      -0.94741229831228524     
  0.14000000000000001      -0.80264994675737722     
  0.14333333333333334      -0.87842825384054890     
  0.14666666666666667       -1.0884478835139024     
  0.15000000000000002       -1.2063202416308498     
  0.15333333333333335       -1.1047736600278535     
  0.15666666666666668      -0.89658895287935003     
  0.16000000000000000      -0.78521629002515880     
  0.16333333333333333      -0.89635533002436563     
  0.16666666666666669       -1.0942197451717690     
  0.17000000000000001       -1.2300907389356073     
  0.17333333333333334       -1.1140531817755210     
  0.17666666666666667      -0.95118323383148418     
  0.18000000000000002      -0.74272249928893741     
  0.18333333333333335      -0.87814898554518794     
  0.18666666666666668      -0.94848647727491664     
  0.19000000000000000       -1.2909942635273135     
  0.19333333333333336       -1.1110630443090270     
  0.19666666666666668       -1.2045812151342445     
  0.20000000000000001      -0.71388849045571012     
  0.20333333333333334      -0.90630719269629456     
  0.20666666666666669      -0.66563024855583075     
  0.21000000000000002       -1.1402509032706813     
  0.21333333333333335       -1.1130644037569257     
  0.21666666666666667       -1.3065213399211821     
  0.22000000000000000       -1.1840846193627397     
  0.22333333333333336      -0.88000432299519582     
  0.22666666666666668      -0.88386925708086606     
  0.23000000000000001      -0.57964235430648103     
  0.23333333333333334      -0.90752778673275025     
  0.23666666666666669      -0.95542111252590189     
  0.24000000000000002       -1.1966021141153551     
  0.24333333333333335       -1.4100903754373677     
  0.24666666666666667       -1.1764591131466913     
  0.25000000000000000       -1.2388806919616555     
  0.25333333333333335      -0.84832982083391484     
  0.25666666666666671      -0.68132153146995933     
  0.26000000000000001      -0.69339727034235665     
  0.26333333333333336      -0.51856539367623433     
  0.26666666666666666      -0.87803021019553251     
  0.27000000000000002       -1.0125602814206829     
  0.27333333333333337       -1.1928744406694525     
  0.27666666666666667       -1.5722742068483975     
  0.28000000000000003       -1.4616073714304547     
  0.28333333333333333       -1.5475792950604053     
  0.28666666666666668       -1.4818142388192510     
  0.29000000000000004       -1.0694717944486929     
  0.29333333333333333      -0.98579294589160871     
  0.29666666666666669      -0.61450667719552365     
  0.30000000000000004      -0.19840027031289714     
  0.30333333333333334      -0.12661312909155631     
  0.30666666666666670       0.27002731323892365     
  0.31000000000000000       0.49646890942700184     
  0.31333333333333335       0.47653406661447473     
  0.31666666666666671       0.79317814520108654     
  0.32000000000000001       0.83931435878411209     
  0.32333333333333336       0.76042674620116657     
  0.32666666666666666        1.0130284380828087     
  0.33000000000000002       0.95740740770883015     
  0.33333333333333337       0.86115059542481043     
  0.33666666666666667        1.0843451552658128     
  0.34000000000000002       0.98902020203323826     
  0.34333333333333338       0.88729767425573292     
  0.34666666666666668        1.1012436269211021     
  0.35000000000000003        1.0030649547357386     
  0.35333333333333333       0.88712188058168062     
  0.35666666666666669        1.0982252456721289     
  0.36000000000000004        1.0230442691558002     
  0.36333333333333334       0.87860515422714602     
  0.36666666666666670        1.0814394250791812     
  0.37000000000000005        1.0539840184469347     
  0.37333333333333335       0.87255491908876170     
  0.37666666666666671        1.0476709769567578     
  0.38000000000000000        1.0920103396144771     
  0.38333333333333336       0.88143530237892098     
  0.38666666666666671       0.99446889494153656     
  0.39000000000000001        1.1243317971358362     
  0.39333333333333337       0.91870671665525216     
  0.39666666666666667       0.92892459768889202     
  0.40000000000000002        1.1291763132729529     
  0.40333333333333338       0.98999413744144027     
  0.40666666666666668       0.87509552268100022     
  0.41000000000000003        1.0843033130569448     
  0.41333333333333339        1.0784125269047222     
  0.41666666666666669       0.87124276047121774     
  0.42000000000000004       0.98881906138853182     
  0.42333333333333334        1.1362482336494784     
  0.42666666666666669       0.94473488475008782     
  0.43000000000000005       0.88775108975340478     
  0.43333333333333335        1.1061841431706831     
  0.43666666666666670        1.0685054652164985     
  0.44000000000000000       0.86465400760131184     
  0.44333333333333336       0.98261655657921843     
  0.44666666666666671        1.1434139394467069     
  0.45000000000000001       0.96846767183367233     
  0.45333333333333337       0.86492171801073403     
  0.45666666666666672        1.0725813795854251     
  0.46000000000000002        1.1164090471199632     
  0.46333333333333337       0.89634168800751779     
  0.46666666666666667       0.90692111187545177     
  0.47000000000000003        1.1251622872950979     
  0.47333333333333338        1.0695103478622014     
  0.47666666666666668       0.86113602110594800     
  0.48000000000000004       0.95128967941390452     
  0.48333333333333334        1.1469951537223197     
  0.48666666666666669        1.0324923335236669     
  0.49000000000000005       0.84835819452525274     
  0.49333333333333335       0.97815777468163345     
  0.49666666666666670        1.1543970743793255     
  0.50000000000000000        1.0172693793148664     
  0.50333333333333341       0.84381386637500577     
  0.50666666666666671       0.98094156143946654     
  0.51000000000000001        1.1571808611371592     
  0.51333333333333342        1.0273812809807787     
  0.51666666666666672       0.84324714198236383     
  0.52000000000000002       0.95774996218101649     
  0.52333333333333332        1.1534554364894303     
  0.52666666666666673        1.0633017781814731     
  0.53000000000000003       0.85492745142521875     
  0.53333333333333333       0.91057939085811546     
  0.53666666666666674        1.1288205662777604     
  0.54000000000000004        1.1182411424098335     
  0.54333333333333333       0.89817378329737207     
  0.54666666666666675       0.85434611576287367     
  0.55000000000000004        1.0620057773374558     
  0.55333333333333334        1.1655517311606927     
  0.55666666666666675       0.99060546354687684     
  0.56000000000000005       0.82980808068142597     
  0.56333333333333335       0.94777062965409042     
  0.56666666666666665        1.1516220872826013     
  0.57000000000000006        1.1139434092949414     
  0.57333333333333336       0.89551035596075534     
  0.57666666666666666       0.83852656076030940     
  0.58000000000000007        1.0300399101532500     
  0.58333333333333337        1.1774690812335442     
  0.58666666666666667        1.0598927831049791     
  0.59000000000000008       0.85272301016856733     
  0.59333333333333338       0.85861381128755732     
  0.59666666666666668        1.0678215676714187     
  0.60000000000000009        1.1827202585975130     
  0.60333333333333339        1.0435379144328263     
  0.60666666666666669       0.84328656570993576     
  0.60999999999999999       0.85350365853360299     
  0.61333333333333340        1.0591304080694777     
  0.61666666666666670        1.1889898279983886     
  0.62000000000000000        1.0759633916230100     
  0.62333333333333341       0.86537387372453933     
  0.62666666666666671       0.82106335346758452     
  0.63000000000000000       0.99612288511022895     
  0.63333333333333341        1.1776609458471408     
  0.63666666666666671        1.1499990414457328     
  0.64000000000000001       0.94754934528257784     
  0.64333333333333342       0.80240674433224934     
  0.64666666666666672       0.87885102811344351     
  0.65000000000000002        1.0877285707865294     
  0.65333333333333332        1.2075169096804652     
  0.65666666666666673        1.1028292152479426     
  0.66000000000000003       0.89967092872432353     
  0.66333333333333333       0.78045826106167560     
  0.66666666666666674       0.90349734841747487     
  0.67000000000000004        1.0838185725186249     
  0.67333333333333334        1.2447483475113559     
  0.67666666666666675        1.0941324927645233     
  0.68000000000000005       0.97717802277132182     
  0.68333333333333335       0.71035055578013351     
  0.68666666666666676       0.91628216383667971     
  0.69000000000000006       0.90658654129166982     
  0.69333333333333336        1.3328871624019796     
  0.69666666666666666        1.0749024179369391     
  0.70000000000000007        1.2276038367459110     
  0.70333333333333337       0.71216943859904114     
  0.70666666666666667       0.87947533791398635     
  0.71000000000000008       0.72501552824963811     
  0.71333333333333337        1.0500974275312269     
  0.71666666666666667        1.2244430014953815     
  0.72000000000000008        1.1915822109821324     
  0.72333333333333338        1.2790102390202454     
  0.72666666666666668       0.82936614211592663     
  0.73000000000000009       0.87280647789499910     
  0.73333333333333339       0.65506436076911767     
  0.73666666666666669       0.78491660383134176     
  0.74000000000000010        1.0893019362123728     
  0.74333333333333340        1.0969885995128468     
  0.74666666666666670        1.4362568245814031     
  0.75000000000000000        1.2388806919616548     
  0.75333333333333341        1.1081275322686286     
  0.75666666666666671       0.99442330739448237     
  0.76000000000000001       0.58609709243937635     
  0.76333333333333342       0.68906990237079346     
  0.76666666666666672       0.62556678423189882     
  0.77000000000000002       0.71939615783216471     
  0.77333333333333343        1.1383713257045127     
  0.77666666666666673        1.1732682908233463     
  0.78000000000000003        1.4691049630498492     
  0.78333333333333344        1.6296576334862021     
  0.78666666666666674        1.4188472625935544     
  0.79000000000000004        1.4847071694697349     
  0.79333333333333333        1.1996380352497662     
  0.79666666666666675       0.80864443129277741     
  0.80000000000000004       0.71211561660309797     
  0.80333333333333334       0.25629192628886305     
  0.80666666666666675       -4.8203195145969491E-002
  0.81000000000000005      -0.11206118719135727     
  0.81333333333333335      -0.50873838005270799     
  0.81666666666666676      -0.62537971543603088     
  0.82000000000000006      -0.60485883530172735     
  0.82333333333333336      -0.90337600513420324     
  0.82666666666666677      -0.88233327234697345     
  0.83000000000000007      -0.81113524129184733     
  0.83333333333333337       -1.0518729921791032     
  0.83666666666666667      -0.96844808630312162     
  0.84000000000000008      -0.87456556333407232     
  0.84333333333333338       -1.0935379366243259     
  0.84666666666666668      -0.99850037726848817     
  0.85000000000000009      -0.88447328389141811     
  0.85333333333333339       -1.0967187359821360     
  0.85666666666666669       -1.0222037361638321     
  0.86000000000000010      -0.87814487063059765     
  0.86333333333333340       -1.0811918973605934     
  0.86666666666666670       -1.0538532295854399     
  0.87000000000000011      -0.87248698765944521     
  0.87333333333333341       -1.0476362782141591     
  0.87666666666666671       -1.0919929024176749     
  0.88000000000000000      -0.88142667805783859     
  0.88333333333333341      -0.99446469528818615     
  0.88666666666666671       -1.1243297830042926     
  0.89000000000000001      -0.91870576498791590     
  0.89333333333333342      -0.92892415455516597     
  0.89666666666666672       -1.1291761098691442     
  0.90000000000000002      -0.98999404538082336     
  0.90333333333333343      -0.87509548158598238     
  0.90666666666666673       -1.0843032949598241     
  0.91000000000000003       -1.0784125190408878     
  0.91333333333333344      -0.87124275709866505     
  0.91666666666666674      -0.98881905996071229     
  0.92000000000000004       -1.1362482330526289     
  0.92333333333333334      -0.94473488450370235     
  0.92666666666666675      -0.88775108965294236     
  0.93000000000000005       -1.1061841431302153     
  0.93333333333333335       -1.0685054652003925     
  0.93666666666666676      -0.86465400759497746     
  0.94000000000000006      -0.98261655657675639     
  0.94333333333333336       -1.1434139394457605     
  0.94666666666666677      -0.96846767183331339     
  0.95000000000000007      -0.86492171801059858     
  0.95333333333333337       -1.0725813795853749     
  0.95666666666666678       -1.1164090471199450     
  0.96000000000000008      -0.89634168800751157     
  0.96333333333333337      -0.90692111187544955     
  0.96666666666666667       -1.1251622872950968     
  0.97000000000000008       -1.0695103478622010     
  0.97333333333333338      -0.86113602110594789     
  0.97666666666666668      -0.95128967941390452     
  0.98000000000000009       -1.1469951537223197     
  0.98333333333333339       -1.0324923335236669     
  0.98666666666666669      -0.84835819452525274     
  0.99000000000000010      -0.97815777468163345     
  0.99333333333333340       -1.1543970743793255     
  0.99666666666666670       -1.0172693793148664     
