   0.0000000000000000       0.87288118807008608     
   3.3333333333333335E-003   1.4810579444217717     
   6.6666666666666671E-003   1.4227068308601500     
   1.0000000000000000E-002   1.4762282955571431     
   1.3333333333333334E-002   1.4349231046058988     
   1.6666666666666666E-002   1.5943847102315676     
   2.0000000000000000E-002   1.5558989586895895     
   2.3333333333333334E-002   1.0005469333567321     
   2.6666666666666668E-002  0.95104270563238091     
   3.0000000000000002E-002  0.74636988412723315     
   3.3333333333333333E-002  0.62190963807691579     
   3.6666666666666667E-002  0.16882010892282745     
   4.0000000000000001E-002 -0.21811365569076863     
   4.3333333333333335E-002  -5.8594130599601668E-002
   4.6666666666666669E-002 -0.32052951798762441     
   5.0000000000000003E-002 -0.51879179678876475     
   5.3333333333333337E-002 -0.79248385179323111     
   5.6666666666666671E-002 -0.80128944835347937     
   6.0000000000000005E-002 -0.56446151751146534     
   6.3333333333333339E-002 -0.91903836295333408     
   6.6666666666666666E-002  -1.0175415826153664     
   7.0000000000000007E-002 -0.98219505652589778     
   7.3333333333333334E-002 -0.89595539121846690     
   7.6666666666666675E-002 -0.77548560157785829     
   8.0000000000000002E-002  -1.1555629845919240     
   8.3333333333333343E-002  -1.1097169573164847     
   8.6666666666666670E-002 -0.87436937252684033     
   9.0000000000000011E-002 -0.92994194532221974     
   9.3333333333333338E-002 -0.93116724561998498     
   9.6666666666666679E-002  -1.1888711592953365     
  0.10000000000000001       -1.0771979546777950     
  0.10333333333333335      -0.76586455306549273     
  0.10666666666666667      -0.99095240723700517     
  0.11000000000000000       -1.0758416807206410     
  0.11333333333333334       -1.1012758941906933     
  0.11666666666666667       -1.0324480809217995     
  0.12000000000000001      -0.75350912383386748     
  0.12333333333333334       -1.0133888896769125     
  0.12666666666666668       -1.2035510850762088     
  0.13000000000000000      -0.99260878681209641     
  0.13333333333333333      -0.95938260044294765     
  0.13666666666666669      -0.85145468261163415     
  0.14000000000000001      -0.98068126119206023     
  0.14333333333333334       -1.2607667829249374     
  0.14666666666666667      -0.98168115433049308     
  0.15000000000000002      -0.82746823665257463     
  0.15333333333333335      -0.97343806320419635     
  0.15666666666666668      -0.99830232099887706     
  0.16000000000000000       -1.1782044727324443     
  0.16333333333333333       -1.0761289967062344     
  0.16666666666666669      -0.74528872165026205     
  0.17000000000000001      -0.94676424245003343     
  0.17333333333333334       -1.1342821038319428     
  0.17666666666666667       -1.0651155503366476     
  0.18000000000000002       -1.0806042695189073     
  0.18333333333333335      -0.85563267846670898     
  0.18666666666666668      -0.79987238217791490     
  0.19000000000000000       -1.1721638970543340     
  0.19333333333333336       -1.1601978816946705     
  0.19666666666666668      -0.95100239085869365     
  0.20000000000000001      -0.95020903406841739     
  0.20333333333333334      -0.84168253970320783     
  0.20666666666666669      -0.97379761415111787     
  0.21000000000000002       -1.2715544814038431     
  0.21333333333333335       -1.0505575360472141     
  0.21666666666666667      -0.82026274434677704     
  0.22000000000000000      -0.93651783120915788     
  0.22333333333333336      -0.94657777650099362     
  0.22666666666666668       -1.0781191716294276     
  0.23000000000000001       -1.2457612013609776     
  0.23333333333333334      -0.93896846237186604     
  0.23666666666666669      -0.75213803983219918     
  0.24000000000000002      -0.99132500822768410     
  0.24333333333333335       -1.0581356045408521     
  0.24666666666666667       -1.0885592162781110     
  0.25000000000000000       -1.1780465042140167     
  0.25333333333333335      -0.89673071762952117     
  0.25666666666666671      -0.72417901765914161     
  0.26000000000000001       -1.0294523527245329     
  0.26333333333333336       -1.1505204008090935     
  0.26666666666666666       -1.0631248481135871     
  0.27000000000000002       -1.1067735439525879     
  0.27333333333333337      -0.92431182450418892     
  0.27666666666666667      -0.71461175211939887     
  0.28000000000000003      -0.99497735132208232     
  0.28333333333333333       -1.2243294319428988     
  0.28666666666666668       -1.0732523041295723     
  0.29000000000000004       -1.0323366090484845     
  0.29333333333333333      -0.98229993964121809     
  0.29666666666666669      -0.74784383502690732     
  0.30000000000000004      -0.87616237541663244     
  0.30333333333333334       -1.2304632205122519     
  0.30666666666666670       -1.1672333591260848     
  0.31000000000000000      -0.98792702998472093     
  0.31333333333333335       -1.0050577912216383     
  0.31666666666666671      -0.85499143886818840     
  0.32000000000000001      -0.75024749950740233     
  0.32333333333333336       -1.0753889615579184     
  0.32666666666666666       -1.2786915146542766     
  0.33000000000000002       -1.0702829113223662     
  0.33333333333333337      -0.97732548005753672     
  0.33666666666666667      -0.97961411940792731     
  0.34000000000000002      -0.77547446511787821     
  0.34333333333333338      -0.79748643280592035     
  0.34666666666666668       -1.1703885147337678     
  0.35000000000000003       -1.2542828689846579     
  0.35333333333333333       -1.0420161576383713     
  0.35666666666666669       -1.0202251752624083     
  0.36000000000000004      -0.97506792031536393     
  0.36333333333333334      -0.72619370608906386     
  0.36666666666666670      -0.78537107741491341     
  0.37000000000000005       -1.1559552750633253     
  0.37333333333333335       -1.2252493454667945     
  0.37666666666666671       -1.0746425224730687     
  0.38000000000000000       -1.1099519900363362     
  0.38333333333333336       -1.0446583442378010     
  0.38666666666666671      -0.72610378289663124     
  0.39000000000000001      -0.69676965174611694     
  0.39333333333333337       -1.0230469259323212     
  0.39666666666666667       -1.1431748198175908     
  0.40000000000000002       -1.0811052913463330     
  0.40333333333333338       -1.2112844911116951     
  0.40666666666666668       -1.2430412128059618     
  0.41000000000000003      -0.90251872455175286     
  0.41333333333333339      -0.66908647292058676     
  0.41666666666666669      -0.83335262822400513     
  0.42000000000000004      -0.93533332534468627     
  0.42333333333333334      -0.89786202618347333     
  0.42666666666666669       -1.0800066173875538     
  0.43000000000000005       -1.3959722409991082     
  0.43333333333333335       -1.2652878485817420     
  0.43666666666666670       -1.0014279421765051     
  0.44000000000000000      -0.89864575980304806     
  0.44333333333333336      -0.96886238172889416     
  0.44666666666666671      -0.64258882217746738     
  0.45000000000000001      -0.67198646268742501     
  0.45333333333333337      -0.83789542386121707     
  0.45666666666666672       -1.2803974167880643     
  0.46000000000000002       -1.0452876097031878     
  0.46333333333333337       -1.3116471928093869     
  0.46666666666666667       -1.2708768907033965     
  0.47000000000000003       -1.4627773216453053     
  0.47333333333333338      -0.83726685172240112     
  0.47666666666666668      -0.86376504466406456     
  0.48000000000000004      -0.73189636186785667     
  0.48333333333333334      -0.75857254240525784     
  0.48666666666666669      -0.49501907325472982     
  0.49000000000000005      -0.57299518853449649     
  0.49333333333333335       -1.0480510729457524     
  0.49666666666666670       -1.0548583985784836     
  0.50000000000000000       -1.2425907590418566     
  0.50333333333333341       -1.2382565268804384     
  0.50666666666666671       -1.7127673993787196     
  0.51000000000000001       -1.6273548522987720     
  0.51333333333333342       -1.3645417106792106     
  0.51666666666666672       -1.3502962068037772     
  0.52000000000000002       -1.2181933901273470     
  0.52333333333333332       -1.1742873942920480     
  0.52666666666666673      -0.54745407730969553     
  0.53000000000000003      -0.37777072142224044     
  0.53333333333333333      -0.34125963000108051     
  0.53666666666666674       -4.8333048586978469E-002
  0.54000000000000004       0.19562170593392653     
  0.54333333333333333       0.60812748684505780     
  0.54666666666666675       0.42698947957071209     
  0.55000000000000004       0.48825102455851160     
  0.55333333333333334       0.83787622260181216     
  0.55666666666666675       0.87671777539098850     
  0.56000000000000005       0.94666330780305852     
  0.56333333333333335       0.71046268804752843     
  0.56666666666666665       0.88402895274567861     
  0.57000000000000006        1.1800734949313803     
  0.57333333333333336       0.94575084525561703     
  0.57666666666666666       0.91595124272255224     
  0.58000000000000007       0.87287528130622549     
  0.58333333333333337        1.0461089076507513     
  0.58666666666666667        1.2186786547866457     
  0.59000000000000008       0.84922319076189390     
  0.59333333333333338       0.87326694733454491     
  0.59666666666666668        1.0533938391844373     
  0.60000000000000009        1.0734922202987274     
  0.60333333333333339        1.1251738921356682     
  0.60666666666666669       0.81777842674260215     
  0.60999999999999999       0.86830844804549245     
  0.61333333333333340        1.1987550959165512     
  0.61666666666666670        1.0540229667835970     
  0.62000000000000000       0.97261692861845561     
  0.62333333333333341       0.88557195917654397     
  0.62666666666666671       0.89304839154590787     
  0.63000000000000000        1.2321119063820511     
  0.63333333333333341        1.0777351478731476     
  0.63666666666666671       0.81600613804143063     
  0.64000000000000001       0.95425225312865491     
  0.64333333333333342       0.99286434404681612     
  0.64666666666666672        1.1393553742739142     
  0.65000000000000002        1.1256401415659330     
  0.65333333333333332       0.76838141498724921     
  0.65666666666666673       0.90037621084841857     
  0.66000000000000003        1.1502914698416029     
  0.66333333333333333        1.0649607440115745     
  0.66666666666666674        1.0590696548857448     
  0.67000000000000004       0.88205982670756444     
  0.67333333333333334       0.80008431817920889     
  0.67666666666666675        1.1683626411525048     
  0.68000000000000005        1.1753168151073305     
  0.68333333333333335       0.91757711935208142     
  0.68666666666666676       0.93029973096533847     
  0.69000000000000006       0.88181658674715291     
  0.69333333333333336        1.0035449100789153     
  0.69666666666666666        1.2639688111224372     
  0.70000000000000007        1.0093336176338994     
  0.70333333333333337       0.78061600160775002     
  0.70666666666666667       0.96440879295000204     
  0.71000000000000008        1.0167380622622544     
  0.71333333333333337        1.1009893292414299     
  0.71666666666666667        1.1837522878452569     
  0.72000000000000008       0.85791350113295162     
  0.72333333333333338       0.76228566562555966     
  0.72666666666666668        1.0825503124627891     
  0.73000000000000009        1.1215990246443472     
  0.73333333333333339        1.0644717448638421     
  0.73666666666666669        1.0693785356898085     
  0.74000000000000010       0.81303417869611194     
  0.74333333333333340       0.80102959473501267     
  0.74666666666666670        1.1724730976844915     
  0.75000000000000000        1.1780465042140174     
  0.75333333333333341       0.98064459903590184     
  0.75666666666666671       0.98128502746498025     
  0.76000000000000001       0.85116152319296112     
  0.76333333333333342       0.83327990495148330     
  0.76666666666666672        1.1886281306055604     
  0.77000000000000002        1.2309357206692184     
  0.77333333333333343       0.92874296533755096     
  0.77666666666666673       0.89890386299483449     
  0.78000000000000003       0.91637302124587627     
  0.78333333333333344       0.86083988844441750     
  0.78666666666666674        1.1236840973237867     
  0.79000000000000004        1.2871530281900738     
  0.79333333333333333       0.97291111844010059     
  0.79666666666666675       0.80891037312236280     
  0.80000000000000004       0.93528695898211356     
  0.80333333333333334       0.91749680024851055     
  0.80666666666666675        1.0105803875103305     
  0.81000000000000005        1.2782743402919030     
  0.81333333333333335        1.1354851400090622     
  0.81666666666666676       0.79304699798281741     
  0.82000000000000006       0.84496004509582368     
  0.82333333333333336       0.97214187074206315     
  0.82666666666666677       0.94449372900154149     
  0.83000000000000007        1.1349873270648341     
  0.83333333333333337        1.2911064132930192     
  0.83666666666666667       0.99078237210258568     
  0.84000000000000008       0.74756146222703723     
  0.84333333333333338       0.89541254295638006     
  0.84666666666666668       0.96533186651681935     
  0.85000000000000009       0.95611096407129859     
  0.85333333333333339        1.1996903775817935     
  0.85666666666666669        1.2881276141405253     
  0.86000000000000010       0.94863891225195685     
  0.86333333333333340       0.76164225065926927     
  0.86666666666666670       0.90372362484511415     
  0.87000000000000011       0.91645215549336911     
  0.87333333333333341       0.91474665193648919     
  0.87666666666666671        1.2024594529734352     
  0.88000000000000000        1.3290597948209202     
  0.88333333333333341        1.0230834583760033     
  0.88666666666666671       0.82358298462248714     
  0.89000000000000001       0.90430288442126816     
  0.89333333333333342       0.84987294543791514     
  0.89666666666666672       0.78386548074741869     
  0.90000000000000002        1.0773995569672641     
  0.90333333333333343        1.3467618112225941     
  0.90666666666666673        1.1851409145205158     
  0.91000000000000003       0.98323747911208181     
  0.91333333333333344        1.0133957551803929     
  0.91666666666666674       0.89696067788973821     
  0.92000000000000004       0.65264562205899046     
  0.92333333333333334       0.75739638503878348     
  0.92666666666666675        1.1298020714247023     
  0.93000000000000005        1.1980938025936243     
  0.93333333333333335        1.1317752187120509     
  0.93666666666666676        1.2100036170823092     
  0.94000000000000006        1.2808475500946392     
  0.94333333333333336       0.89343405469138493     
  0.94666666666666677       0.68798119298604765     
  0.95000000000000007       0.70252723491767655     
  0.95333333333333337       0.94435538544430142     
  0.95666666666666678       0.73086406054260755     
  0.96000000000000008        1.0227956599463428     
  0.96333333333333337        1.1911601324735366     
  0.96666666666666667        1.5515268987792321     
  0.97000000000000008        1.0941781589403143     
  0.97333333333333338        1.2408554800450839     
  0.97666666666666668        1.0375055055993800     
  0.98000000000000009        1.0696019304301012     
  0.98333333333333339       0.51448403897746919     
  0.98666666666666669       0.56540046718142012     
  0.99000000000000010       0.72412174527612272     
  0.99333333333333340       0.75799050442718308     
  0.99666666666666670       0.81205698103715240     
