   0.0000000000000000       0.83017473015391929     
   3.3333333333333335E-003   1.1637384655559986     
   6.6666666666666671E-003   1.0711792400987583     
   1.0000000000000000E-002  0.84157469156289666     
   1.3333333333333334E-002   1.1615467621483770     
   1.6666666666666666E-002  0.95352256786805167     
   2.0000000000000000E-002  0.70200526254522611     
   2.3333333333333334E-002  0.87323616673976934     
   2.6666666666666668E-002   1.3726363426689878     
   3.0000000000000002E-002   1.0993015796519736     
   3.3333333333333333E-002   1.0441621997216082     
   3.6666666666666667E-002  0.65004090564391648     
   4.0000000000000001E-002  0.92374208344287556     
   4.3333333333333335E-002   1.0832238826191927     
   4.6666666666666669E-002   1.2466343196113823     
   5.0000000000000003E-002  0.79544631295676504     
   5.3333333333333337E-002   1.1924446742597683     
   5.6666666666666671E-002   1.0749477993204450     
   6.0000000000000005E-002  0.74270210177658313     
   6.3333333333333339E-002  0.73861835110250584     
   6.6666666666666666E-002   1.1817790316160761     
   7.0000000000000007E-002   1.3026781251276858     
   7.3333333333333334E-002   1.0406486840296783     
   7.6666666666666675E-002  0.95943021344866497     
   8.0000000000000002E-002  0.63435497543045249     
   8.3333333333333343E-002   1.0566196687352252     
   8.6666666666666670E-002   1.1249272153628198     
   9.0000000000000011E-002  0.99296969998286766     
   9.3333333333333338E-002  0.96471078469203841     
   9.6666666666666679E-002   1.2771197102826906     
  0.10000000000000001        1.0693400498662844     
  0.10333333333333335       0.54149283677657822     
  0.10666666666666667       0.90580867224837669     
  0.11000000000000000        1.0858397010145051     
  0.11333333333333334        1.2705921449828304     
  0.11666666666666667        1.1406055915038300     
  0.12000000000000001       0.91685940775735597     
  0.12333333333333334       0.80401277475652311     
  0.12666666666666668       0.94234784698275886     
  0.13000000000000000        1.1350661134998867     
  0.13333333333333333       0.72923347645715086     
  0.13666666666666669        1.0671916260441654     
  0.14000000000000001        1.4116054169193080     
  0.14333333333333334        1.1004988295979969     
  0.14666666666666667       0.75422633198624200     
  0.15000000000000002       0.69273728890729147     
  0.15333333333333335        1.0181742872260806     
  0.15666666666666668        1.0310314457108203     
  0.16000000000000000        1.2176937127879659     
  0.16333333333333333        1.1126212908386539     
  0.16666666666666669       0.84339844364821359     
  0.17000000000000001        1.1704112253452892     
  0.17333333333333334        1.0082783058395981     
  0.17666666666666667       0.66354765112485525     
  0.18000000000000002       0.73132351713460686     
  0.18333333333333335        1.2215480828143535     
  0.18666666666666668        1.4239291638196951     
  0.19000000000000000       0.97231068602617055     
  0.19333333333333336       0.97755310111370064     
  0.19666666666666668       0.90853438998216618     
  0.20000000000000001       0.78862702234444737     
  0.20333333333333334        1.0508010256511362     
  0.20666666666666669       0.93057328869884759     
  0.21000000000000002       0.89296981623986171     
  0.21333333333333335        1.1403788348750927     
  0.21666666666666667        1.4105598066198795     
  0.22000000000000000        1.1848218423279298     
  0.22333333333333336       0.55082646179407690     
  0.22666666666666668       0.77350254964508369     
  0.23000000000000001        1.0587189880544206     
  0.23333333333333334       0.91909982597142914     
  0.23666666666666669        1.0798824024428570     
  0.24000000000000002        1.0880478431584031     
  0.24333333333333335        1.0974945496764430     
  0.24666666666666667        1.1834842709313265     
  0.25000000000000000        1.1262515024635107     
  0.25333333333333335       0.90786697069258182     
  0.25666666666666671       0.46784124142466155     
  0.26000000000000001       0.78501136499238933     
  0.26333333333333336        1.3469848620219151     
  0.26666666666666666        1.0776847663736935     
  0.27000000000000002       0.98966284564432561     
  0.27333333333333337        1.1664515170555423     
  0.27666666666666667        1.1545443520942251     
  0.28000000000000003        1.0982443404580817     
  0.28333333333333333       0.87057360078792156     
  0.28666666666666668       0.77467339728766427     
  0.29000000000000004       0.67059504091515920     
  0.29333333333333333       0.75832379060219079     
  0.29666666666666669        1.3692269952612803     
  0.30000000000000004        1.3164008378124377     
  0.30333333333333334       0.87541358770466482     
  0.30666666666666670        1.1062006116159107     
  0.31000000000000000        1.2722076383389671     
  0.31333333333333335        1.0959516118752903     
  0.31666666666666671       0.81317977259690577     
  0.32000000000000001       0.61861092909483895     
  0.32333333333333336       0.77783359112599826     
  0.32666666666666666       0.82765971472342759     
  0.33000000000000002        1.0209788086675315     
  0.33333333333333337        1.4072004919716616     
  0.33666666666666667        1.1002667677333731     
  0.34000000000000002       0.90442329476848704     
  0.34333333333333338        1.3496731792704784     
  0.34666666666666668        1.3658927503898182     
  0.35000000000000003       0.97439031165911683     
  0.35333333333333333       0.64797251356466401     
  0.35666666666666669       0.59397654643670927     
  0.36000000000000004       0.84831780562257519     
  0.36333333333333334       0.82973667771180093     
  0.36666666666666670       0.85977013947832814     
  0.37000000000000005        1.1719398935482408     
  0.37333333333333335        1.0055479764023789     
  0.37666666666666671       0.99465287156220117     
  0.38000000000000000        1.5575764604092925     
  0.38333333333333336        1.5778806975243758     
  0.38666666666666671        1.1246845333827418     
  0.39000000000000001       0.86333088124501500     
  0.39333333333333337       0.83822885943706815     
  0.39666666666666667       0.99478072031453935     
  0.40000000000000002       0.81282374765483822     
  0.40333333333333338       0.48907699563275464     
  0.40666666666666668       0.65064700087005167     
  0.41000000000000003       0.63817079681619648     
  0.41333333333333339       0.53351663284711148     
  0.41666666666666669        1.0845500501661463     
  0.42000000000000004        1.4239681433415408     
  0.42333333333333334        1.1665011270397414     
  0.42666666666666669        1.1346317327566329     
  0.43000000000000005        1.3886611193385971     
  0.43333333333333335        1.7162504840516966     
  0.43666666666666670        1.7911156424755328     
  0.44000000000000000        1.3857332547268153     
  0.44333333333333336        1.2462548832695295     
  0.44666666666666671        1.3241340047352308     
  0.45000000000000001       0.93703777724013748     
  0.45333333333333337       0.78676629304381396     
  0.45666666666666672       0.98414571069387913     
  0.46000000000000002       0.57040702992891934     
  0.46333333333333337       -3.0002537091302683E-002
  0.46666666666666667      -0.14635200733069662     
  0.47000000000000003       -7.8712985612034395E-002
  0.47333333333333338       -1.8691889707693629E-002
  0.47666666666666668      -0.27857772158869426     
  0.48000000000000004      -0.75074390009980840     
  0.48333333333333334      -0.72210545235364876     
  0.48666666666666669      -0.61285783715915731     
  0.49000000000000005      -0.92758563262067995     
  0.49333333333333335      -0.82315676279497407     
  0.49666666666666670      -0.53949583232536291     
  0.50000000000000000      -0.86645053708183195     
  0.50333333333333341       -1.2559848027393854     
  0.50666666666666671       -1.0922726088813950     
  0.51000000000000001      -0.90678466847994610     
  0.51333333333333342      -0.68556092438745930     
  0.51666666666666672      -0.89147142862263129     
  0.52000000000000002       -1.1637816804325443     
  0.52333333333333332       -1.1434609759221621     
  0.52666666666666673      -0.82631540930320313     
  0.53000000000000003       -1.2122082341024589     
  0.53333333333333333      -0.96666548862696700     
  0.53666666666666674      -0.74192209319182711     
  0.54000000000000004      -0.77329695100392193     
  0.54333333333333333       -1.3907472507346403     
  0.54666666666666675       -1.1131605487111718     
  0.55000000000000004       -1.1011271252861865     
  0.55333333333333334      -0.70270938165820540     
  0.55666666666666675      -0.85889464155667927     
  0.56000000000000005       -1.0397350833571888     
  0.56333333333333335       -1.2023643397826089     
  0.56666666666666665      -0.89428613497046727     
  0.57000000000000006       -1.0744338687573092     
  0.57333333333333336       -1.2740035597207129     
  0.57666666666666666      -0.72470301872071963     
  0.58000000000000007      -0.70958238635334980     
  0.58333333333333337      -0.98544875746845739     
  0.58666666666666667       -1.3526384750031051     
  0.59000000000000008       -1.0909079799850405     
  0.59333333333333338       -1.0480216004872021     
  0.59666666666666668      -0.77436703864947276     
  0.60000000000000009      -0.83841138384844394     
  0.60333333333333339       -1.1568287778259163     
  0.60666666666666669      -0.90449321023824691     
  0.60999999999999999      -0.97007459345071090     
  0.61333333333333340       -1.2091439022611163     
  0.61666666666666670       -1.3304759769984531     
  0.62000000000000000      -0.70099950726416849     
  0.62333333333333341      -0.64269428052641808     
  0.62666666666666671       -1.0472878502810494     
  0.63000000000000000       -1.0750714973278446     
  0.63333333333333341       -1.2421970159237194     
  0.63666666666666671       -1.0461121518495813     
  0.64000000000000001      -0.94738403427275775     
  0.64333333333333342      -0.92874726129586294     
  0.64666666666666672       -1.0328289747358903     
  0.65000000000000002      -0.85365798928803993     
  0.65333333333333332      -0.65802336238403258     
  0.65666666666666673       -1.3324491566983523     
  0.66000000000000003       -1.3923730470081799     
  0.66333333333333333      -0.97500095258139108     
  0.66666666666666674      -0.79493855432076865     
  0.67000000000000004      -0.82938708006389394     
  0.67333333333333334      -0.98872592340840937     
  0.67666666666666675      -0.92449918070396297     
  0.68000000000000005       -1.1194436197362179     
  0.68333333333333335       -1.0335248425889907     
  0.68666666666666676       -1.0436714780129071     
  0.69000000000000006       -1.3718726590600683     
  0.69333333333333336      -0.90803253941007511     
  0.69666666666666666      -0.54720292471956311     
  0.70000000000000007      -0.78558716148718044     
  0.70333333333333337       -1.1914648365756109     
  0.70666666666666667       -1.2334726484315288     
  0.71000000000000008      -0.93957250875721043     
  0.71333333333333337       -1.1476757349937519     
  0.71666666666666667       -1.0967150705165600     
  0.72000000000000008      -0.89500777018996380     
  0.72333333333333338       -1.0013586193239183     
  0.72666666666666668      -0.71042480673798303     
  0.73000000000000009      -0.71389589173796542     
  0.73333333333333339       -1.1599397827080642     
  0.73666666666666669       -1.4192106309037884     
  0.74000000000000010       -1.2110901627905504     
  0.74333333333333340      -0.75716813062704114     
  0.74666666666666670       -1.0010524273214798     
  0.75000000000000000       -1.1262515024635071     
  0.75333333333333341      -0.72543512708273594     
  0.75666666666666671      -0.80816766047406641     
  0.76000000000000001      -0.90805368462453528     
  0.76333333333333342       -1.0076566335609842     
  0.76666666666666672       -1.3185247231103292     
  0.77000000000000002       -1.3344859419607804     
  0.77333333333333343       -1.1033737741484373     
  0.77666666666666673      -0.70401219456438391     
  0.78000000000000003      -0.80843026832012044     
  0.78333333333333344       -1.1844183368912400     
  0.78666666666666674      -0.78197029740632051     
  0.79000000000000004      -0.62399234839782103     
  0.79333333333333333       -1.0612231503348750     
  0.79666666666666675       -1.2285631843368037     
  0.80000000000000004       -1.3133609769551788     
  0.80333333333333334       -1.2367450529672714     
  0.80666666666666675       -1.0366800499122863     
  0.81000000000000005      -0.87264566530507359     
  0.81333333333333335      -0.71569392606850546     
  0.81666666666666676       -1.0012030128222675     
  0.82000000000000006       -1.0067310316964495     
  0.82333333333333336      -0.51688206154688532     
  0.82666666666666677      -0.80810733229224208     
  0.83000000000000007       -1.3620029539489262     
  0.83333333333333337       -1.3587406026442117     
  0.83666666666666667       -1.2378871059906373     
  0.84000000000000008       -1.0791026289886969     
  0.84333333333333338       -1.0482554682829481     
  0.84666666666666668       -1.0057418255477717     
  0.85000000000000009      -0.81346961127837114     
  0.85333333333333339      -0.92657515631431242     
  0.85666666666666669      -0.76572811473883717     
  0.86000000000000010      -0.38409642297602969     
  0.86333333333333340      -0.85081615190639037     
  0.86666666666666670       -1.3727336789448970     
  0.87000000000000011       -1.2319345097202863     
  0.87333333333333341       -1.1104879797006717     
  0.87666666666666671       -1.1559713657923065     
  0.88000000000000000       -1.3417165599161107     
  0.88333333333333341       -1.3880103120297551     
  0.88666666666666671       -1.0632362906610289     
  0.89000000000000001      -0.97909598880880511     
  0.89333333333333342      -0.83691339742694004     
  0.89666666666666672      -0.37944477926519909     
  0.90000000000000002      -0.58189508163699810     
  0.90333333333333343      -0.99182966726597044     
  0.90666666666666673      -0.73395781666521442     
  0.91000000000000003      -0.54023251681402140     
  0.91333333333333344      -0.76122789248739786     
  0.91666666666666674       -1.1557209614329107     
  0.92000000000000004       -1.4991955542644384     
  0.92333333333333334       -1.4012283217676900     
  0.92666666666666675       -1.3679866084476719     
  0.93000000000000005       -1.6169053757089762     
  0.93333333333333335       -1.4287575874060860     
  0.93666666666666676       -1.3273696537954269     
  0.94000000000000006       -1.6827662363074258     
  0.94333333333333336       -1.4623080410332985     
  0.94666666666666677      -0.83439871213367001     
  0.95000000000000007      -0.63135696491071147     
  0.95333333333333337      -0.65329252214361033     
  0.95666666666666678      -0.67662234257843368     
  0.96000000000000008      -0.41996189748996560     
  0.96333333333333337       0.12188372463921887     
  0.96666666666666667       0.22384871842533588     
  0.97000000000000008       0.19161964006252125     
  0.97333333333333338       0.56501282307347722     
  0.97666666666666668       0.54880253077109131     
  0.98000000000000009       0.28896748221248780     
  0.98333333333333339       0.66005431310823304     
  0.98666666666666669        1.0888436749200681     
  0.99000000000000010       0.99279560953773593     
  0.99333333333333340       0.80206339401233417     
  0.99666666666666670       0.63174216950874795     
