   0.0000000000000000      -0.85144997703710168     
   3.3333333333333335E-003  -1.1120686391344972     
   6.6666666666666671E-003  -1.1580877516969037     
   1.0000000000000000E-002 -0.90128848117505933     
   1.3333333333333334E-002 -0.82515984395784903     
   1.6666666666666666E-002  -1.0696150437403145     
   2.0000000000000000E-002  -1.1934413298991171     
   2.3333333333333334E-002 -0.97866901579825649     
   2.6666666666666668E-002 -0.79633423699099848     
   3.0000000000000002E-002 -0.95330680404459045     
   3.3333333333333333E-002  -1.1903048676601851     
   3.6666666666666667E-002  -1.1267600849823125     
   4.0000000000000001E-002 -0.86340406342283293     
   4.3333333333333335E-002 -0.80285439106368239     
   4.6666666666666669E-002  -1.0340601044516664     
   5.0000000000000003E-002  -1.2211558203247141     
   5.3333333333333337E-002  -1.1012682704497381     
   5.6666666666666671E-002 -0.84003484312097276     
   6.0000000000000005E-002 -0.78494328977251104     
   6.3333333333333339E-002  -1.0055916547045869     
   6.6666666666666666E-002  -1.2249664408633334     
   7.0000000000000007E-002  -1.1782145062558249     
   7.3333333333333334E-002 -0.92176035187772021     
   7.6666666666666675E-002 -0.74621142023874232     
   8.0000000000000002E-002 -0.84185913868579176     
   8.3333333333333343E-002  -1.1065693424956231     
   8.6666666666666670E-002  -1.2725621455960923     
   9.0000000000000011E-002  -1.1801209422450427     
   9.3333333333333338E-002 -0.91676449679219496     
   9.6666666666666679E-002 -0.71698216905113632     
  0.10000000000000001      -0.74913199057538815     
  0.10333333333333335      -0.98570833681243408     
  0.10666666666666667       -1.2446905561354251     
  0.11000000000000000       -1.3388388495909389     
  0.11333333333333334       -1.2050775084398702     
  0.11666666666666667      -0.93040890926860165     
  0.12000000000000001      -0.68004087748527786     
  0.12333333333333334      -0.59327456256500322     
  0.12666666666666668      -0.71401167638120389     
  0.13000000000000000      -0.98424299313693275     
  0.13333333333333333       -1.2869800300062755     
  0.13666666666666669       -1.5045207632355722     
  0.14000000000000001       -1.5618200472080852     
  0.14333333333333334       -1.4417289759336656     
  0.14666666666666667       -1.1754984962585087     
  0.15000000000000002      -0.82060027270557845     
  0.15333333333333335      -0.43808660133872418     
  0.15666666666666668       -7.6985141895684409E-002
  0.16000000000000000       0.23229198064773743     
  0.16333333333333333       0.47732998236209573     
  0.16666666666666669       0.65912887689962052     
  0.17000000000000001       0.78649806359251828     
  0.17333333333333334       0.87128206180313472     
  0.17666666666666667       0.92515541224302089     
  0.18000000000000002       0.95795396877784877     
  0.18333333333333335       0.97714356430591343     
  0.18666666666666668       0.98796030050583450     
  0.19000000000000000       0.99384694546615038     
  0.19333333333333336       0.99694559700734531     
  0.19666666666666668       0.99852575363399687     
  0.20000000000000001       0.99930748250346690     
  0.20333333333333334       0.99968312849099461     
  0.20666666666666669       0.99985865764540416     
  0.21000000000000002       0.99993849411283520     
  0.21333333333333335       0.99997387168412122     
  0.21666666666666667       0.99998915746673611     
  0.22000000000000000       0.99999560225268680     
  0.22333333333333336       0.99999825558951716     
  0.22666666666666668       0.99999932296753369     
  0.23000000000000001       0.99999974276909487     
  0.23333333333333334       0.99999990428471064     
  0.23666666666666669       0.99999996510048239     
  0.24000000000000002       0.99999998753831343     
  0.24333333333333335       0.99999999560197717     
  0.24666666666666667       0.99999999858306021     
  0.25000000000000000       0.99999999923961236     
  0.25333333333333335        1.0000000005739751     
  0.25666666666666671       0.99999999781931148     
  0.26000000000000001        1.0000000059572107     
  0.26333333333333336       0.99999998354327735     
  0.26666666666666666        1.0000000443666033     
  0.27000000000000002       0.99999988285333530     
  0.27333333333333337        1.0000003026556119     
  0.27666666666666667       0.99999923527781065     
  0.28000000000000003        1.0000018886147040     
  0.28333333333333333       0.99999544382877192     
  0.28666666666666668        1.0000107296113911     
  0.29000000000000004       0.99997535204010879     
  0.29333333333333333        1.0000551885075386     
  0.29666666666666669       0.99987965935312995     
  0.30000000000000004        1.0002553053406578     
  0.30333333333333334       0.99947357647118862     
  0.30666666666666670        1.0010537330978393     
  0.31000000000000000       0.99795508155664381     
  0.31333333333333335        1.0038417265169590     
  0.31666666666666671       0.99302499031703906     
  0.32000000000000001        1.0122145858451030     
  0.32333333333333336       0.97941602931027494     
  0.32666666666666666        1.0332893797501606     
  0.33000000000000002       0.94850538153954578     
  0.33333333333333337        1.0758745682324427     
  0.33666666666666667       0.89407567369491969     
  0.34000000000000002        1.1391136754092774     
  0.34333333333333338       0.82983655286585600     
  0.34666666666666668        1.1909380123088951     
  0.35000000000000003       0.80842434094204130     
  0.35333333333333333        1.1633225644949714     
  0.35666666666666669       0.89709208481981384     
  0.36000000000000004        1.0171831560942350     
  0.36333333333333334        1.0744824400667459     
  0.36666666666666670       0.85694170683744997     
  0.37000000000000005        1.1596787437067930     
  0.37333333333333335       0.88944742695106482     
  0.37666666666666671        1.0101845407672652     
  0.38000000000000000        1.0969508556875400     
  0.38333333333333336       0.84658282390421480     
  0.38666666666666671        1.1212514230754833     
  0.39000000000000001       0.98749008192441479     
  0.39333333333333337       0.89334178846890211     
  0.39666666666666667        1.1523240077918928     
  0.40000000000000002       0.91574766155484699     
  0.40333333333333338       0.94789748307910138     
  0.40666666666666668        1.1476798108201587     
  0.41000000000000003       0.88432336536731171     
  0.41333333333333339       0.97676456871836059     
  0.41666666666666669        1.1427573718188291     
  0.42000000000000004       0.87804716800899940     
  0.42333333333333334       0.97369488645604629     
  0.42666666666666669        1.1492438180950242     
  0.43000000000000005       0.89278966371691881     
  0.43333333333333335       0.93954159832442663     
  0.43666666666666670        1.1589163844831725     
  0.44000000000000000       0.93826801955109584     
  0.44333333333333336       0.88317646620263446     
  0.44666666666666671        1.1444098935314007     
  0.45000000000000001        1.0245223436564241     
  0.45333333333333337       0.83742662778337618     
  0.45666666666666672        1.0686323411713607     
  0.46000000000000002        1.1291820135305117     
  0.46333333333333337       0.86582599197103161     
  0.46666666666666667       0.92937077464890649     
  0.47000000000000003        1.1663688382645028     
  0.47333333333333338        1.0093962712109088     
  0.47666666666666668       0.82706149240365201     
  0.48000000000000004        1.0418338065045150     
  0.48333333333333334        1.1656600926633169     
  0.48666666666666669       0.92120489288085117     
  0.49000000000000005       0.84507625566364164     
  0.49333333333333335        1.1018755261854853     
  0.49666666666666670        1.1478946387478937     
  0.50000000000000000       0.88727597665049907     
  0.50333333333333341       0.85144997703710168     
  0.50666666666666671        1.1120686391344972     
  0.51000000000000001        1.1580877516969037     
  0.51333333333333342       0.90128848117505933     
  0.51666666666666672       0.82515984395784903     
  0.52000000000000002        1.0696150437403145     
  0.52333333333333332        1.1934413298991171     
  0.52666666666666673       0.97866901579825649     
  0.53000000000000003       0.79633423699099848     
  0.53333333333333333       0.95330680404459045     
  0.53666666666666674        1.1903048676601851     
  0.54000000000000004        1.1267600849823125     
  0.54333333333333333       0.86340406342283293     
  0.54666666666666675       0.80285439106368239     
  0.55000000000000004        1.0340601044516664     
  0.55333333333333334        1.2211558203247141     
  0.55666666666666675        1.1012682704497381     
  0.56000000000000005       0.84003484312097276     
  0.56333333333333335       0.78494328977251104     
  0.56666666666666665        1.0055916547045869     
  0.57000000000000006        1.2249664408633334     
  0.57333333333333336        1.1782145062558249     
  0.57666666666666666       0.92176035187772021     
  0.58000000000000007       0.74621142023874232     
  0.58333333333333337       0.84185913868579176     
  0.58666666666666667        1.1065693424956231     
  0.59000000000000008        1.2725621455960923     
  0.59333333333333338        1.1801209422450427     
  0.59666666666666668       0.91676449679219496     
  0.60000000000000009       0.71698216905113632     
  0.60333333333333339       0.74913199057538815     
  0.60666666666666669       0.98570833681243408     
  0.60999999999999999        1.2446905561354251     
  0.61333333333333340        1.3388388495909389     
  0.61666666666666670        1.2050775084398702     
  0.62000000000000000       0.93040890926860165     
  0.62333333333333341       0.68004087748527786     
  0.62666666666666671       0.59327456256500322     
  0.63000000000000000       0.71401167638120389     
  0.63333333333333341       0.98424299313693275     
  0.63666666666666671        1.2869800300062755     
  0.64000000000000001        1.5045207632355722     
  0.64333333333333342        1.5618200472080852     
  0.64666666666666672        1.4417289759336656     
  0.65000000000000002        1.1754984962585087     
  0.65333333333333332       0.82060027270557845     
  0.65666666666666673       0.43808660133872418     
  0.66000000000000003        7.6985141895684409E-002
  0.66333333333333333      -0.23229198064773743     
  0.66666666666666674      -0.47732998236209573     
  0.67000000000000004      -0.65912887689962052     
  0.67333333333333334      -0.78649806359251828     
  0.67666666666666675      -0.87128206180313472     
  0.68000000000000005      -0.92515541224302089     
  0.68333333333333335      -0.95795396877784877     
  0.68666666666666676      -0.97714356430591343     
  0.69000000000000006      -0.98796030050583450     
  0.69333333333333336      -0.99384694546615038     
  0.69666666666666666      -0.99694559700734531     
  0.70000000000000007      -0.99852575363399687     
  0.70333333333333337      -0.99930748250346690     
  0.70666666666666667      -0.99968312849099461     
  0.71000000000000008      -0.99985865764540471     
  0.71333333333333337      -0.99993849411283353     
  0.71666666666666667      -0.99997387168412744     
  0.72000000000000008      -0.99998915746671402     
  0.72333333333333338      -0.99999560225276218     
  0.72666666666666668      -0.99999825558926647     
  0.73000000000000009      -0.99999932296834915     
  0.73333333333333339      -0.99999974276649062     
  0.73666666666666669      -0.99999990429288166     
  0.74000000000000010      -0.99999996507531319     
  0.74333333333333340      -0.99999998761440478     
  0.74666666666666670      -0.99999999537628148     
  0.75000000000000000      -0.99999999923961203     
  0.75333333333333341      -0.99999999736719603     
  0.75666666666666671       -1.0000000058068834     
  0.76000000000000001      -0.99999998349421082     
  0.76333333333333342       -1.0000000443508772     
  0.76666666666666672      -0.99999988284838381     
  0.77000000000000002       -1.0000003026540802     
  0.77333333333333343      -0.99999923527734502     
  0.77666666666666673       -1.0000018886145645     
  0.78000000000000003      -0.99999544382873107     
  0.78333333333333344       -1.0000107296113796     
  0.78666666666666674      -0.99997535204010546     
  0.79000000000000004       -1.0000551885075379     
  0.79333333333333333      -0.99987965935312983     
  0.79666666666666675       -1.0002553053406578     
  0.80000000000000004      -0.99947357647118862     
  0.80333333333333334       -1.0010537330978393     
  0.80666666666666675      -0.99795508155664381     
  0.81000000000000005       -1.0038417265169590     
  0.81333333333333335      -0.99302499031703906     
  0.81666666666666676       -1.0122145858451030     
  0.82000000000000006      -0.97941602931027494     
  0.82333333333333336       -1.0332893797501606     
  0.82666666666666677      -0.94850538153954578     
  0.83000000000000007       -1.0758745682324427     
  0.83333333333333337      -0.89407567369491969     
  0.83666666666666667       -1.1391136754092774     
  0.84000000000000008      -0.82983655286585600     
  0.84333333333333338       -1.1909380123088951     
  0.84666666666666668      -0.80842434094204130     
  0.85000000000000009       -1.1633225644949714     
  0.85333333333333339      -0.89709208481981384     
  0.85666666666666669       -1.0171831560942350     
  0.86000000000000010       -1.0744824400667459     
  0.86333333333333340      -0.85694170683744997     
  0.86666666666666670       -1.1596787437067930     
  0.87000000000000011      -0.88944742695106482     
  0.87333333333333341       -1.0101845407672652     
  0.87666666666666671       -1.0969508556875400     
  0.88000000000000000      -0.84658282390421480     
  0.88333333333333341       -1.1212514230754833     
  0.88666666666666671      -0.98749008192441479     
  0.89000000000000001      -0.89334178846890211     
  0.89333333333333342       -1.1523240077918928     
  0.89666666666666672      -0.91574766155484699     
  0.90000000000000002      -0.94789748307910138     
  0.90333333333333343       -1.1476798108201587     
  0.90666666666666673      -0.88432336536731171     
  0.91000000000000003      -0.97676456871836059     
  0.91333333333333344       -1.1427573718188291     
  0.91666666666666674      -0.87804716800899940     
  0.92000000000000004      -0.97369488645604629     
  0.92333333333333334       -1.1492438180950242     
  0.92666666666666675      -0.89278966371691881     
  0.93000000000000005      -0.93954159832442663     
  0.93333333333333335       -1.1589163844831725     
  0.93666666666666676      -0.93826801955109584     
  0.94000000000000006      -0.88317646620263446     
  0.94333333333333336       -1.1444098935314007     
  0.94666666666666677       -1.0245223436564241     
  0.95000000000000007      -0.83742662778337618     
  0.95333333333333337       -1.0686323411713607     
  0.95666666666666678       -1.1291820135305117     
  0.96000000000000008      -0.86582599197103161     
  0.96333333333333337      -0.92937077464890649     
  0.96666666666666667       -1.1663688382645028     
  0.97000000000000008       -1.0093962712109088     
  0.97333333333333338      -0.82706149240365201     
  0.97666666666666668       -1.0418338065045150     
  0.98000000000000009       -1.1656600926633169     
  0.98333333333333339      -0.92120489288085117     
  0.98666666666666669      -0.84507625566364164     
  0.99000000000000010       -1.1018755261854853     
  0.99333333333333340       -1.1478946387478937     
  0.99666666666666670      -0.88727597665049907     
