   0.0000000000000000        1.2035801710564979     
   3.3333333333333335E-003   1.3211988879323830     
   6.6666666666666671E-003  0.99939586833103666     
   1.0000000000000000E-002  0.80721322256815997     
   1.3333333333333334E-002  0.69894473969923754     
   1.6666666666666666E-002  0.95905164036071711     
   2.0000000000000000E-002   1.1184845215451615     
   2.3333333333333334E-002  0.90615510539452249     
   2.6666666666666668E-002   1.1631438606112519     
   3.0000000000000002E-002   1.3624517760535808     
   3.3333333333333333E-002   1.0415137631431359     
   3.6666666666666667E-002  0.82533997143350557     
   4.0000000000000001E-002  0.69924597999994065     
   4.3333333333333335E-002  0.84493458273970501     
   4.6666666666666669E-002   1.1035740089059425     
   5.0000000000000003E-002  0.91856189271524802     
   5.3333333333333337E-002   1.0192815981232561     
   5.6666666666666671E-002   1.4072535127252013     
   6.0000000000000005E-002   1.2389365586434260     
   6.3333333333333339E-002  0.95021316613651163     
   6.6666666666666666E-002  0.79529872713858785     
   7.0000000000000007E-002  0.72076284732859863     
   7.3333333333333334E-002  0.95014408468632738     
   7.6666666666666675E-002  0.91740354995845264     
   8.0000000000000002E-002  0.75720535466925687     
   8.3333333333333343E-002   1.1770778466679017     
   8.6666666666666670E-002   1.4454416754869621     
   9.0000000000000011E-002   1.2245586629327365     
   9.3333333333333338E-002   1.0828580808410342     
   9.6666666666666679E-002  0.91722036250008232     
  0.10000000000000001       0.86719818966666795     
  0.10333333333333335       0.95370487160715045     
  0.10666666666666667       0.64674072080981726     
  0.11000000000000000       0.53903526408587454     
  0.11333333333333334        1.0261843011709018     
  0.11666666666666667        1.2362691723516683     
  0.12000000000000001        1.1751196174837006     
  0.12333333333333334        1.2501082407571549     
  0.12666666666666668        1.2229800307113998     
  0.13000000000000000        1.2923059760357722     
  0.13333333333333333        1.3237151350812850     
  0.13666666666666669       0.83377928682848679     
  0.14000000000000001       0.53491569835928132     
  0.14333333333333334       0.76895009117522561     
  0.14666666666666667       0.75469305544088139     
  0.15000000000000002       0.59668079841188892     
  0.15333333333333335       0.68064834436255006     
  0.15666666666666668       0.77184967154673856     
  0.16000000000000000        1.0815333333301085     
  0.16333333333333333        1.4944934552457898     
  0.16666666666666669        1.3791000673782141     
  0.17000000000000001        1.2480975420655185     
  0.17333333333333334        1.5930941272364685     
  0.17666666666666667        1.7018174812851483     
  0.18000000000000002        1.4572216326817180     
  0.18333333333333335        1.2832735997864546     
  0.18666666666666668        1.0017543349320912     
  0.19000000000000000       0.79750977568415493     
  0.19333333333333336       0.87988408815964847     
  0.19666666666666668       0.58688759431507609     
  0.20000000000000001       -1.6439013960916474E-002
  0.20333333333333334      -0.12811139135031324     
  0.20666666666666669       -5.3457227408153743E-002
  0.21000000000000002      -0.27584052076216592     
  0.21333333333333335      -0.45363423131254832     
  0.21666666666666667      -0.63029841866246772     
  0.22000000000000000      -0.90377153382044051     
  0.22333333333333336      -0.78617608751138501     
  0.22666666666666668      -0.55239659510956007     
  0.23000000000000001      -0.84937953169885705     
  0.23333333333333334       -1.1459772552889302     
  0.23666666666666669      -0.98447734254759900     
  0.24000000000000002      -0.88180447093104997     
  0.24333333333333335      -0.91963680657481051     
  0.24666666666666667      -0.85740677685058564     
  0.25000000000000000       -1.0305157499288331     
  0.25333333333333335       -1.2486394216413206     
  0.25666666666666671      -0.99032343915263155     
  0.26000000000000001      -0.70786888401632841     
  0.26333333333333336      -0.97697828627062500     
  0.26666666666666666       -1.1491913882489608     
  0.27000000000000002       -1.0695521796479419     
  0.27333333333333337       -1.0046422094225318     
  0.27666666666666667       -1.0062944697413312     
  0.28000000000000003      -0.74601374497075146     
  0.28333333333333333       -1.0134370306597984     
  0.28666666666666668       -1.2213828434330194     
  0.29000000000000004       -1.1784123391346599     
  0.29333333333333333      -0.69744635443405445     
  0.29666666666666669      -0.99311932503666833     
  0.30000000000000004      -0.93321376734055306     
  0.30333333333333334       -1.1352189084436513     
  0.30666666666666670       -1.0088140918813511     
  0.31000000000000000       -1.2410181271106326     
  0.31333333333333335      -0.70353854831193807     
  0.31666666666666671      -0.84100494326008490     
  0.32000000000000001       -1.0754777791526982     
  0.32333333333333336       -1.2611278334518263     
  0.32666666666666666      -0.98797273779934025     
  0.33000000000000002      -0.88586527014344107     
  0.33333333333333337       -1.0242912974011007     
  0.33666666666666667      -0.77085200690162514     
  0.34000000000000002       -1.0801772033424630     
  0.34333333333333338       -1.1873054529069627     
  0.34666666666666668       -1.2012939671941880     
  0.35000000000000003      -0.73130488055063747     
  0.35333333333333333      -0.81183043293770862     
  0.35666666666666669       -1.1167040499273477     
  0.36000000000000004      -0.99519780051440487     
  0.36333333333333334       -1.1406081253756950     
  0.36666666666666670       -1.0662180874159202     
  0.37000000000000005       -1.0346189109110000     
  0.37333333333333335      -0.68666090973198590     
  0.37666666666666671      -0.86135763469477367     
  0.38000000000000000       -1.3045824224020615     
  0.38333333333333336       -1.0942101571025287     
  0.38666666666666671       -1.0230999022111309     
  0.39000000000000001      -0.89760016750758831     
  0.39333333333333337      -0.96084684330262404     
  0.39666666666666667      -0.85379765105789451     
  0.40000000000000002      -0.88863606800155825     
  0.40333333333333338       -1.3685754506319210     
  0.40666666666666668       -1.1380914619278362     
  0.41000000000000003      -0.86551250561086468     
  0.41333333333333339      -0.81459975392521267     
  0.41666666666666669      -0.92024418750135373     
  0.42000000000000004       -1.0817169434248504     
  0.42333333333333334      -0.92528788374510584     
  0.42666666666666669       -1.2203428025986429     
  0.43000000000000005       -1.2402333974846331     
  0.43333333333333335      -0.78752643083979657     
  0.43666666666666670      -0.76437466218254058     
  0.44000000000000000      -0.88685143923493059     
  0.44333333333333336       -1.1630005271604273     
  0.44666666666666671       -1.1214086449853242     
  0.45000000000000001      -0.97864054369234976     
  0.45333333333333337       -1.2300362141366976     
  0.45666666666666672      -0.95437294956831031     
  0.46000000000000002      -0.66512602950598054     
  0.46333333333333337      -0.85934444779689367     
  0.46666666666666667       -1.0713041579639191     
  0.47000000000000003       -1.2814983337888977     
  0.47333333333333338       -1.0621965446258206     
  0.47666666666666668      -0.95008585503244725     
  0.48000000000000004       -1.1462740615193534     
  0.48333333333333334      -0.81602906098156092     
  0.48666666666666669      -0.67659792469418223     
  0.49000000000000005      -0.97380959691774571     
  0.49333333333333335       -1.1745206933216068     
  0.49666666666666670       -1.2966770791636206     
  0.50000000000000000       -1.0249184934053326     
  0.50333333333333341      -0.90453053389361981     
  0.50666666666666671       -1.1034834105311946     
  0.51000000000000001      -0.80092001610528329     
  0.51333333333333342      -0.66481102720896745     
  0.51666666666666672       -1.0041215627474052     
  0.52000000000000002       -1.1958199763899668     
  0.52333333333333332       -1.2949636391183454     
  0.52666666666666673       -1.0807078909392052     
  0.53000000000000003      -0.88758082938316973     
  0.53333333333333333       -1.0947786409145699     
  0.53666666666666674      -0.87925051750959582     
  0.54000000000000004      -0.59340460790998095     
  0.54333333333333333      -0.89461816670597161     
  0.54666666666666675       -1.1452777052338503     
  0.55000000000000004       -1.2585096893832639     
  0.55333333333333334       -1.2134958122791630     
  0.55666666666666675      -0.97023859333304330     
  0.56000000000000005       -1.1018971839943026     
  0.56333333333333335       -1.0899319157458254     
  0.56666666666666665      -0.62071040773876573     
  0.57000000000000006      -0.63642262514704362     
  0.57333333333333336      -0.95666536062729701     
  0.57666666666666666       -1.0794167089444329     
  0.58000000000000007       -1.2061916061147955     
  0.58333333333333337       -1.1292376762517871     
  0.58666666666666667       -1.1225396621694206     
  0.59000000000000008       -1.3749829804796594     
  0.59333333333333338       -1.0919369965228529     
  0.59666666666666668      -0.61981644958662618     
  0.60000000000000009      -0.71291213421026334     
  0.60333333333333339      -0.82791325983243824     
  0.60666666666666669      -0.83151800186639735     
  0.60999999999999999      -0.93083571623965156     
  0.61333333333333340      -0.91484695812484385     
  0.61666666666666670       -1.1702829645313719     
  0.62000000000000000       -1.5699872330578220     
  0.62333333333333341       -1.3333138554698030     
  0.62666666666666671       -1.0098797453255648     
  0.63000000000000000       -1.1151681705592935     
  0.63333333333333341       -1.0416472007046991     
  0.63666666666666671      -0.81941523530974991     
  0.64000000000000001      -0.66790640186473949     
  0.64333333333333342      -0.43161444369879015     
  0.64666666666666672      -0.57064141249227152     
  0.65000000000000002      -0.99292801941702136     
  0.65333333333333332      -0.92625403544470097     
  0.65666666666666673      -0.83452097120769619     
  0.66000000000000003       -1.2342700368344350     
  0.66333333333333333       -1.5116989438243196     
  0.66666666666666674       -1.5672281575342217     
  0.67000000000000004       -1.6063638447641213     
  0.67333333333333334       -1.3894336976770412     
  0.67666666666666675       -1.2957553049832873     
  0.68000000000000005       -1.5169569313325417     
  0.68333333333333335       -1.2779912042791413     
  0.68666666666666676      -0.70291870086188457     
  0.69000000000000006      -0.55597740453188160     
  0.69333333333333336      -0.51289425910382491     
  0.69666666666666666      -0.26751755826666396     
  0.70000000000000007       -9.8432752082775493E-002
  0.70333333333333337       0.21273738483389981     
  0.70666666666666667       0.59029543370784943     
  0.71000000000000008       0.47254346956147630     
  0.71333333333333337       0.32761131117652881     
  0.71666666666666667       0.70844161902440561     
  0.72000000000000008       0.97208925831674331     
  0.72333333333333338       0.85905055700969091     
  0.72666666666666668       0.85105892487722901     
  0.73000000000000009       0.84182230601144659     
  0.73333333333333339       0.79100228183355159     
  0.73666666666666669        1.0623390132479713     
  0.74000000000000010        1.2278390532565040     
  0.74333333333333340       0.88167491021462552     
  0.74666666666666670       0.73685645115123788     
  0.75000000000000000        1.0305157499288378     
  0.75333333333333341        1.1280890959419771     
  0.75666666666666671        1.0282853355128188     
  0.76000000000000001        1.0539034663417861     
  0.76333333333333342       0.89911661557025502     
  0.76666666666666672       0.79421641479358274     
  0.77000000000000002        1.0771094053353583     
  0.77333333333333343        1.3033045391902045     
  0.77666666666666673       0.93342000024302674     
  0.78000000000000003       0.81433146946705304     
  0.78333333333333344       0.93529383029786128     
  0.78666666666666674        1.0953599232969993     
  0.79000000000000004       0.98170939033535154     
  0.79333333333333333        1.2342845607337485     
  0.79666666666666675       0.90849333155308132     
  0.80000000000000004       0.81834200129686396     
  0.80333333333333334       0.81584887239524118     
  0.80666666666666675        1.3758039209371731     
  0.81000000000000005       0.99948575595835765     
  0.81333333333333335        1.0023741823821457     
  0.81666666666666676       0.83572254775276977     
  0.82000000000000006        1.0157424805018727     
  0.82333333333333336       0.85506565714996341     
  0.82666666666666677        1.1916331673587723     
  0.83000000000000007        1.2441315728420439     
  0.83333333333333337       0.83616320724509530     
  0.83666666666666667       0.78805749548015636     
  0.84000000000000008       0.92744049983813870     
  0.84333333333333338        1.2499767525679193     
  0.84666666666666668       0.95568827611203888     
  0.85000000000000009        1.1275521015557781     
  0.85333333333333339       0.99588207588631661     
  0.85666666666666669       0.77936840245090999     
  0.86000000000000010       0.86220709700894782     
  0.86333333333333340        1.1262440738569610     
  0.86666666666666670        1.3482860217925046     
  0.87000000000000011       0.85748110543452172     
  0.87333333333333341       0.89976119511782293     
  0.87666666666666671       0.94456324940742020     
  0.88000000000000000       0.90971480682794181     
  0.88333333333333341        1.0282239492822316     
  0.88666666666666671        1.1344372452571885     
  0.89000000000000001        1.2894006196613610     
  0.89333333333333342       0.77606956224604851     
  0.89666666666666672       0.72800603928318397     
  0.90000000000000002        1.0429221234579642     
  0.90333333333333343        1.0711715377184614     
  0.90666666666666673        1.1290125462460194     
  0.91000000000000003        1.0159368231577874     
  0.91333333333333344        1.1375017672427528     
  0.91666666666666674       0.87240401708523740     
  0.92000000000000004       0.63273069197931098     
  0.92333333333333334        1.0873010427310903     
  0.92666666666666675        1.2138215266576731     
  0.93000000000000005        1.1558931753030799     
  0.93333333333333335       0.96211475023961601     
  0.93666666666666676       0.90409341179185809     
  0.94000000000000006        1.0238908138840541     
  0.94333333333333336       0.72598560776826737     
  0.94666666666666677       0.92719443082941821     
  0.95000000000000007        1.3185883403603591     
  0.95333333333333337        1.1883325178087927     
  0.95666666666666678        1.0040565335345761     
  0.96000000000000008       0.77096740159593968     
  0.96333333333333337       0.91325499387298559     
  0.96666666666666667        1.0180392801924898     
  0.97000000000000008       0.80662738711848014     
  0.97333333333333338        1.1446325142978699     
  0.97666666666666668        1.3388943887562683     
  0.98000000000000009        1.0689386066745481     
  0.98333333333333339       0.86109898336825019     
  0.98666666666666669       0.71073163718445131     
  0.99000000000000010       0.96751639045487026     
  0.99333333333333340        1.0704331511214482     
  0.99666666666666670       0.88000872512485473     
