   0.0000000000000000       -1.1762525584563051     
   3.3333333333333335E-003 -0.99700848841068079     
   6.6666666666666671E-003 -0.82072974337630777     
   1.0000000000000000E-002 -0.98836167506056916     
   1.3333333333333334E-002  -1.1808316949484450     
   1.6666666666666666E-002  -1.0385106478415287     
   2.0000000000000000E-002 -0.82320837657093626     
   2.3333333333333334E-002 -0.92316295458045672     
   2.6666666666666668E-002  -1.1607181453780866     
   3.0000000000000002E-002  -1.1229247728812686     
   3.3333333333333333E-002 -0.87503851025279278     
   3.6666666666666667E-002 -0.83198062788559535     
   4.0000000000000001E-002  -1.0635043452457495     
   4.3333333333333335E-002  -1.1968708068556160     
   4.6666666666666669E-002  -1.0228407942664830     
   5.0000000000000003E-002 -0.81073007482968618     
   5.3333333333333337E-002 -0.88022238746873005     
   5.6666666666666671E-002  -1.1274488743297606     
   6.0000000000000005E-002  -1.1953421695689916     
   6.3333333333333339E-002 -0.98939818129303203     
   6.6666666666666666E-002 -0.79429731895167532     
   7.0000000000000007E-002 -0.87164238362271240     
   7.3333333333333334E-002  -1.1184812166464544     
   7.6666666666666675E-002  -1.2189521774447167     
   8.0000000000000002E-002  -1.0492967921377518     
   8.3333333333333343E-002 -0.81649027240713035     
   8.6666666666666670E-002 -0.79464386845338042     
   9.0000000000000011E-002  -1.0071488187267843     
   9.3333333333333338E-002  -1.2165999122439615     
   9.6666666666666679E-002  -1.1977530656729187     
  0.10000000000000001      -0.97201118464362546     
  0.10333333333333335      -0.76867569212407116     
  0.10666666666666667      -0.78584463599020526     
  0.11000000000000000       -1.0056225172935580     
  0.11333333333333334       -1.2268929206919457     
  0.11666666666666667       -1.2562249344756129     
  0.12000000000000001       -1.0704587540360457     
  0.12333333333333334      -0.82105479025963635     
  0.12666666666666668      -0.70115360953516681     
  0.13000000000000000      -0.79833386965654418     
  0.13333333333333333       -1.0425839598954472     
  0.13666666666666669       -1.2692164801886046     
  0.14000000000000001       -1.3342848348642444     
  0.14333333333333334       -1.1997161808604193     
  0.14666666666666667      -0.94299220673531259     
  0.15000000000000002      -0.70138285782645793     
  0.15333333333333335      -0.59491430403920864     
  0.15666666666666668      -0.67212532804651437     
  0.16000000000000000      -0.89923123403129679     
  0.16333333333333333       -1.1866756749627740     
  0.16666666666666669       -1.4318263308445784     
  0.17000000000000001       -1.5561534925829452     
  0.17333333333333334       -1.5244483504174888     
  0.17666666666666667       -1.3447778347898218     
  0.18000000000000002       -1.0554328490182718     
  0.18333333333333335      -0.70742634151500694     
  0.18666666666666668      -0.34937581323219552     
  0.19000000000000000       -1.8195068793200958E-002
  0.19333333333333336       0.26411510905822322     
  0.19666666666666668       0.48917456474625454     
  0.20000000000000001       0.65859406631265505     
  0.20333333333333334       0.77984508685632103     
  0.20666666666666669       0.86276733545405815     
  0.21000000000000002       0.91717175165266396     
  0.21333333333333335       0.95152335274164757     
  0.21666666666666667       0.97245174975010784     
  0.22000000000000000       0.98478123154167185     
  0.22333333333333336       0.99181803955535930     
  0.22666666666666668       0.99571501946963969     
  0.23000000000000001       0.99781193468201179     
  0.23333333333333334       0.99890992653674360     
  0.23666666666666669       0.99946921449528181     
  0.24000000000000002       0.99974854435249572     
  0.24333333333333335       0.99988092481600610     
  0.24666666666666667       0.99995078147989891     
  0.25000000000000000       0.99996697638744569     
  0.25333333333333335        1.0000099615084164     
  0.25666666666666671       0.99995197237506772     
  0.26000000000000001        1.0000895001251378     
  0.26333333333333336       0.99981235733862095     
  0.26666666666666666        1.0003725561128265     
  0.27000000000000002       0.99927493620743268     
  0.27333333333333337        1.0013720004287361     
  0.27666666666666667       0.99747507910047950     
  0.28000000000000003        1.0045119097291590     
  0.28333333333333333       0.99218243651147919     
  0.28666666666666668        1.0131108367135826     
  0.29000000000000004       0.97875923679373522     
  0.29333333333333333        1.0331636534131106     
  0.29666666666666669       0.95024140496429643     
  0.30000000000000004        1.0714924255598082     
  0.30333333333333334       0.90207292401116856     
  0.30666666666666670        1.1271323797051855     
  0.31000000000000000       0.84482220185575063     
  0.31333333333333335        1.1760029462953947     
  0.31666666666666671       0.81795241801279084     
  0.32000000000000001        1.1659589255161222     
  0.32333333333333336       0.87661393974459290     
  0.32666666666666666        1.0562844553722670     
  0.33000000000000002        1.0245793132068115     
  0.33333333333333337       0.90025215146844662     
  0.33666666666666667        1.1454028073502487     
  0.34000000000000002       0.85795836641877143     
  0.34333333333333338        1.0850642724035533     
  0.34666666666666668        1.0078532483962468     
  0.35000000000000003       0.90138469460899717     
  0.35333333333333333        1.1429940435178509     
  0.35666666666666669       0.88627006939274389     
  0.36000000000000004        1.0208387233965697     
  0.36333333333333334        1.0859070780722104     
  0.36666666666666670       0.85927455777905448     
  0.37000000000000005        1.1035246480179579     
  0.37333333333333335        1.0063443878965801     
  0.37666666666666671       0.88644320717211289     
  0.38000000000000000        1.1358471709485221     
  0.38333333333333336       0.95008099050895578     
  0.38666666666666671       0.92074897672528966     
  0.39000000000000001        1.1420193801236742     
  0.39333333333333337       0.92224149882032369     
  0.39666666666666667       0.93941044268645568     
  0.40000000000000002        1.1427459352060105     
  0.40333333333333338       0.91700405417671704     
  0.40666666666666668       0.93585090074775823     
  0.41000000000000003        1.1453019942649352     
  0.41333333333333339       0.93279704399153174     
  0.41666666666666669       0.91095064003778137     
  0.42000000000000004        1.1437571597684018     
  0.42333333333333334       0.97410177446143731     
  0.42666666666666669       0.87363081366317763     
  0.43000000000000005        1.1204696466869200     
  0.43333333333333335        1.0431245820158837     
  0.43666666666666670       0.84802371967452705     
  0.44000000000000000        1.0539677079504881     
  0.44333333333333336        1.1218610031897207     
  0.44666666666666671       0.87463451632868805     
  0.45000000000000001       0.94412682896773248     
  0.45333333333333337        1.1562375484045302     
  0.45666666666666672       0.98220753581539477     
  0.46000000000000002       0.84884107420552790     
  0.46333333333333337        1.0803647915656833     
  0.46666666666666667        1.1234226739328785     
  0.47000000000000003       0.87553641130440207     
  0.47333333333333338       0.91332978380122243     
  0.47666666666666668        1.1508849745988508     
  0.48000000000000004        1.0509303965893306     
  0.48333333333333334       0.83562812531873853     
  0.48666666666666669       0.97794917242565582     
  0.49000000000000005        1.1704191923135323     
  0.49333333333333335        1.0027872606292711     
  0.49666666666666670       0.82650851559489646     
  0.50000000000000000        1.0057525856405232     
  0.50333333333333341        1.1762525584563051     
  0.50666666666666671       0.99700848841068079     
  0.51000000000000001       0.82072974337630777     
  0.51333333333333342       0.98836167506056916     
  0.51666666666666672        1.1808316949484450     
  0.52000000000000002        1.0385106478415287     
  0.52333333333333332       0.82320837657093626     
  0.52666666666666673       0.92316295458045672     
  0.53000000000000003        1.1607181453780866     
  0.53333333333333333        1.1229247728812686     
  0.53666666666666674       0.87503851025279278     
  0.54000000000000004       0.83198062788559535     
  0.54333333333333333        1.0635043452457495     
  0.54666666666666675        1.1968708068556160     
  0.55000000000000004        1.0228407942664830     
  0.55333333333333334       0.81073007482968618     
  0.55666666666666675       0.88022238746873005     
  0.56000000000000005        1.1274488743297606     
  0.56333333333333335        1.1953421695689916     
  0.56666666666666665       0.98939818129303203     
  0.57000000000000006       0.79429731895167532     
  0.57333333333333336       0.87164238362271240     
  0.57666666666666666        1.1184812166464544     
  0.58000000000000007        1.2189521774447167     
  0.58333333333333337        1.0492967921377518     
  0.58666666666666667       0.81649027240713035     
  0.59000000000000008       0.79464386845338042     
  0.59333333333333338        1.0071488187267843     
  0.59666666666666668        1.2165999122439615     
  0.60000000000000009        1.1977530656729187     
  0.60333333333333339       0.97201118464362546     
  0.60666666666666669       0.76867569212407116     
  0.60999999999999999       0.78584463599020526     
  0.61333333333333340        1.0056225172935580     
  0.61666666666666670        1.2268929206919457     
  0.62000000000000000        1.2562249344756129     
  0.62333333333333341        1.0704587540360457     
  0.62666666666666671       0.82105479025963635     
  0.63000000000000000       0.70115360953516681     
  0.63333333333333341       0.79833386965654418     
  0.63666666666666671        1.0425839598954472     
  0.64000000000000001        1.2692164801886046     
  0.64333333333333342        1.3342848348642444     
  0.64666666666666672        1.1997161808604193     
  0.65000000000000002       0.94299220673531259     
  0.65333333333333332       0.70138285782645793     
  0.65666666666666673       0.59491430403920864     
  0.66000000000000003       0.67212532804651437     
  0.66333333333333333       0.89923123403129679     
  0.66666666666666674        1.1866756749627740     
  0.67000000000000004        1.4318263308445780     
  0.67333333333333334        1.5561534925829470     
  0.67666666666666675        1.5244483504174817     
  0.68000000000000005        1.3447778347898449     
  0.68333333333333335        1.0554328490182003     
  0.68666666666666676       0.70742634151522721     
  0.69000000000000006       0.34937581323152689     
  0.69333333333333336        1.8195068795201094E-002
  0.69666666666666666      -0.26411510906410984     
  0.70000000000000007      -0.48917456472921117     
  0.70333333333333337      -0.65859406636119244     
  0.70666666666666667      -0.77984508672039643     
  0.71000000000000008      -0.86276733582824028     
  0.71333333333333337      -0.91717175064040968     
  0.71666666666666667      -0.95152335543176692     
  0.72000000000000008      -0.97245174272955281     
  0.72333333333333338      -0.98478124952718737     
  0.72666666666666668      -0.99181799434390538     
  0.73000000000000009      -0.99571513093984310     
  0.73333333333333339      -0.99781166524884601     
  0.73666666666666669      -0.99891056466425709     
  0.74000000000000010      -0.99946773438734859     
  0.74333333333333340      -0.99975190447448659     
  0.74666666666666670      -0.99987346347456574     
  0.75000000000000000      -0.99996697638744503     
  0.75333333333333341      -0.99993264350308375     
  0.75666666666666671       -1.0000809927165852     
  0.76000000000000001      -0.99980869015999152     
  0.76333333333333342       -1.0003710071696432     
  0.76666666666666672      -0.99927429482492836     
  0.77000000000000002       -1.0013717399496009     
  0.77333333333333343      -0.99747497530300078     
  0.77666666666666673       -1.0045118691286505     
  0.78000000000000003      -0.99218242091704090     
  0.78333333333333344       -1.0131108308298187     
  0.78666666666666674      -0.97875923461234515     
  0.79000000000000004       -1.0331636526181573     
  0.79333333333333333      -0.95024140467944973     
  0.79666666666666675       -1.0714924254594238     
  0.80000000000000004      -0.90207292397636485     
  0.80333333333333334       -1.1271323796933117     
  0.80666666666666675      -0.84482220185176349     
  0.81000000000000005       -1.1760029462940762     
  0.81333333333333335      -0.81795241801236207     
  0.81666666666666676       -1.1659589255159843     
  0.82000000000000006      -0.87661393974454938     
  0.82333333333333336       -1.0562844553722537     
  0.82666666666666677       -1.0245793132068075     
  0.83000000000000007      -0.90025215146844517     
  0.83333333333333337       -1.1454028073502482     
  0.83666666666666667      -0.85795836641877132     
  0.84000000000000008       -1.0850642724035533     
  0.84333333333333338       -1.0078532483962468     
  0.84666666666666668      -0.90138469460899717     
  0.85000000000000009       -1.1429940435178509     
  0.85333333333333339      -0.88627006939274389     
  0.85666666666666669       -1.0208387233965697     
  0.86000000000000010       -1.0859070780722104     
  0.86333333333333340      -0.85927455777905448     
  0.86666666666666670       -1.1035246480179579     
  0.87000000000000011       -1.0063443878965801     
  0.87333333333333341      -0.88644320717211289     
  0.87666666666666671       -1.1358471709485221     
  0.88000000000000000      -0.95008099050895578     
  0.88333333333333341      -0.92074897672528966     
  0.88666666666666671       -1.1420193801236742     
  0.89000000000000001      -0.92224149882032369     
  0.89333333333333342      -0.93941044268645568     
  0.89666666666666672       -1.1427459352060105     
  0.90000000000000002      -0.91700405417671704     
  0.90333333333333343      -0.93585090074775823     
  0.90666666666666673       -1.1453019942649352     
  0.91000000000000003      -0.93279704399153174     
  0.91333333333333344      -0.91095064003778137     
  0.91666666666666674       -1.1437571597684018     
  0.92000000000000004      -0.97410177446143731     
  0.92333333333333334      -0.87363081366317763     
  0.92666666666666675       -1.1204696466869200     
  0.93000000000000005       -1.0431245820158837     
  0.93333333333333335      -0.84802371967452705     
  0.93666666666666676       -1.0539677079504881     
  0.94000000000000006       -1.1218610031897207     
  0.94333333333333336      -0.87463451632868805     
  0.94666666666666677      -0.94412682896773248     
  0.95000000000000007       -1.1562375484045302     
  0.95333333333333337      -0.98220753581539477     
  0.95666666666666678      -0.84884107420552790     
  0.96000000000000008       -1.0803647915656833     
  0.96333333333333337       -1.1234226739328785     
  0.96666666666666667      -0.87553641130440207     
  0.97000000000000008      -0.91332978380122243     
  0.97333333333333338       -1.1508849745988508     
  0.97666666666666668       -1.0509303965893306     
  0.98000000000000009      -0.83562812531873853     
  0.98333333333333339      -0.97794917242565582     
  0.98666666666666669       -1.1704191923135323     
  0.99000000000000010       -1.0027872606292711     
  0.99333333333333340      -0.82650851559489646     
  0.99666666666666670       -1.0057525856405232     
