   0.0000000000000000        1.0073570168392170     
   3.3333333333333335E-003   1.2494636840722366     
   6.6666666666666671E-003   1.1031511209103044     
   1.0000000000000000E-002  0.88953280245009836     
   1.3333333333333334E-002  0.71679947467524019     
   1.6666666666666666E-002  0.86717446431507683     
   2.0000000000000000E-002   1.3247272529000955     
   2.3333333333333334E-002   1.2093436907670885     
   2.6666666666666668E-002  0.81428424895193918     
   3.0000000000000002E-002  0.97206149075524295     
   3.3333333333333333E-002   1.0518495652840598     
   3.6666666666666667E-002  0.79004530071391244     
   4.0000000000000001E-002  0.92323453555035462     
   4.3333333333333335E-002   1.1912328021885992     
   4.6666666666666669E-002   1.2177790963237654     
   5.0000000000000003E-002   1.0766476707805124     
   5.3333333333333337E-002  0.76932373818044442     
   5.6666666666666671E-002  0.65448203451795284     
   6.0000000000000005E-002   1.1561136061573092     
   6.3333333333333339E-002   1.2281131889896466     
   6.6666666666666666E-002  0.95976423288098267     
   7.0000000000000007E-002  0.98664613771646181     
   7.3333333333333334E-002   1.2236268094772083     
   7.6666666666666675E-002  0.80385283154171538     
   8.0000000000000002E-002  0.80338250812278522     
   8.3333333333333343E-002  0.84778701891279096     
   8.6666666666666670E-002   1.2125492755306007     
   9.0000000000000011E-002   1.2158493487555513     
   9.3333333333333338E-002   1.2534684348703213     
   9.6666666666666679E-002  0.60015597369699847     
  0.10000000000000001       0.91625952638342256     
  0.10333333333333335        1.0279761524417628     
  0.10666666666666667        1.0217405022016302     
  0.11000000000000000       0.79319769139029273     
  0.11333333333333334        1.2818733281278998     
  0.11666666666666667        1.2458918855244581     
  0.12000000000000001       0.97212274792929154     
  0.12333333333333334       0.84250210314438079     
  0.12666666666666668       0.65933899114593109     
  0.13000000000000000       0.97502578759116643     
  0.13333333333333333        1.1975936713284381     
  0.13666666666666669        1.2643455584423946     
  0.14000000000000001       0.80757557630944821     
  0.14333333333333334        1.1328157233332976     
  0.14666666666666667        1.1675245500393943     
  0.15000000000000002       0.75876981164459478     
  0.15333333333333335       0.69687421809602401     
  0.15666666666666668       0.90570201245662396     
  0.16000000000000000        1.2501063718552157     
  0.16333333333333333        1.1754666475925888     
  0.16666666666666669        1.2559251316621249     
  0.17000000000000001       0.84218925006174139     
  0.17333333333333334       0.78654354213835231     
  0.17666666666666667        1.1134080513111335     
  0.18000000000000002       0.87496926647191731     
  0.18333333333333335       0.74316235285461119     
  0.18666666666666668       0.92994170604177984     
  0.19000000000000000        1.4476317100945022     
  0.19333333333333336        1.2457927706682375     
  0.19666666666666668       0.95124258562243569     
  0.20000000000000001       0.95828976992716330     
  0.20333333333333334       0.69579427989789822     
  0.20666666666666669       0.91993432783755924     
  0.21000000000000002        1.0309040652164903     
  0.21333333333333335       0.92469877217670005     
  0.21666666666666667       0.90082094303352844     
  0.22000000000000000        1.2143478095672378     
  0.22333333333333336        1.5465807853945748     
  0.22666666666666668       0.95997108497883921     
  0.23000000000000001       0.71722618953584083     
  0.23333333333333334       0.87088094309831832     
  0.23666666666666669       0.81162181037069159     
  0.24000000000000002       0.95430186134769845     
  0.24333333333333335       0.96761902740759353     
  0.24666666666666667        1.0280912043514141     
  0.25000000000000000        1.0465694554344478     
  0.25333333333333335        1.2818764745239286     
  0.25666666666666671        1.5063846686935189     
  0.26000000000000001       0.85734703776875820     
  0.26333333333333336       0.60532311946952078     
  0.26666666666666666       0.89884240964360829     
  0.27000000000000002       0.90157763084207765     
  0.27333333333333337       0.87790223221223629     
  0.27666666666666667       0.82866175694192057     
  0.28000000000000003        1.0366176658537665     
  0.28333333333333333        1.1759638250181790     
  0.28666666666666668        1.2433397091979748     
  0.29000000000000004        1.5232629097457844     
  0.29333333333333333        1.0800339230467697     
  0.29666666666666669       0.63755200235412768     
  0.30000000000000004       0.91770834970807269     
  0.30333333333333334       0.97878721719039008     
  0.30666666666666670       0.79402144065913993     
  0.31000000000000000       0.58662896895005123     
  0.31333333333333335       0.73251724480686031     
  0.31666666666666671        1.1204559007684705     
  0.32000000000000001        1.1293321493215596     
  0.32333333333333336        1.3675848624788953     
  0.32666666666666666        1.4746737792363329     
  0.33000000000000002        1.0162979959057488     
  0.33333333333333337        1.0719779640775837     
  0.33666666666666667        1.3265068688016193     
  0.34000000000000002        1.1276127458655982     
  0.34333333333333338       0.71892227533667330     
  0.34666666666666668       0.39473550061398310     
  0.35000000000000003       0.63186267553396713     
  0.35333333333333333       0.79971046048858152     
  0.35666666666666669       0.62681149228898747     
  0.36000000000000004       0.89822733561605828     
  0.36333333333333334       0.99094462185922993     
  0.36666666666666670       0.83775814593581521     
  0.37000000000000005        1.2676555039159640     
  0.37333333333333335        1.6803288400011467     
  0.37666666666666671        1.6709223578887447     
  0.38000000000000000        1.4183948664775059     
  0.38333333333333336        1.2366692805637001     
  0.38666666666666671        1.5573403645804547     
  0.39000000000000001        1.5723800179493799     
  0.39333333333333337        1.1053834170166761     
  0.39666666666666667        1.0402426551165675     
  0.40000000000000002       0.81967291179864588     
  0.40333333333333338       0.32143715910411791     
  0.40666666666666668       0.32527212691738483     
  0.41000000000000003       0.38931162631687177     
  0.41333333333333339       0.15039979806246861     
  0.41666666666666669      -0.28493276782287813     
  0.42000000000000004      -0.68702498881439988     
  0.42333333333333334      -0.47484356802802702     
  0.42666666666666669      -0.29427805962921155     
  0.43000000000000005      -0.70727844609993906     
  0.43333333333333335      -0.78926074096939558     
  0.43666666666666670      -0.72006969756815309     
  0.44000000000000000       -1.0420138642825945     
  0.44333333333333336       -1.0492749720858929     
  0.44666666666666671      -0.77897914316375716     
  0.45000000000000001      -0.71688235765467789     
  0.45333333333333337      -0.86484170617080069     
  0.45666666666666672       -1.2469400671927109     
  0.46000000000000002       -1.2365465009066638     
  0.46333333333333337      -0.75659211394763815     
  0.46666666666666667      -0.82922549908340348     
  0.47000000000000003       -1.0899990490414466     
  0.47333333333333338      -0.90278649696764890     
  0.47666666666666668      -0.98803469561844826     
  0.48000000000000004       -1.2416206212314516     
  0.48333333333333334       -1.0805240528839088     
  0.48666666666666669      -0.85233824954418758     
  0.49000000000000005      -0.74370023475991698     
  0.49333333333333335      -0.91791009567818771     
  0.49666666666666670       -1.3385061032525796     
  0.50000000000000000       -1.1893764245377711     
  0.50333333333333341      -0.77039122573016072     
  0.50666666666666671      -0.94630516993310565     
  0.51000000000000001       -1.0513992356440407     
  0.51333333333333342      -0.81857973910486281     
  0.51666666666666672      -0.98721874629158102     
  0.52000000000000002       -1.2456003245213569     
  0.52333333333333332       -1.1536746144071255     
  0.52666666666666673      -0.95447221539886407     
  0.53000000000000003      -0.70907385610207940     
  0.53333333333333333      -0.78698331332344007     
  0.53666666666666674       -1.2638359364645990     
  0.54000000000000004       -1.2254194617877452     
  0.54333333333333333      -0.87426085228308159     
  0.54666666666666675       -1.0168707302316586     
  0.55000000000000004       -1.0985794842647043     
  0.55333333333333334      -0.76146533094270119     
  0.55666666666666675      -0.82394020380616328     
  0.56000000000000005       -1.0986391412093663     
  0.56333333333333335       -1.2535065245769850     
  0.56666666666666665       -1.1829663324883994     
  0.57000000000000006      -0.92618647537845888     
  0.57333333333333336      -0.59846653719431919     
  0.57666666666666666       -1.0293126149937772     
  0.58000000000000007       -1.1329567461162009     
  0.58333333333333337      -0.99134571937978255     
  0.58666666666666667      -0.93360781501869816     
  0.59000000000000008       -1.3844845190274078     
  0.59333333333333338      -0.93810492701938364     
  0.59666666666666668      -0.83382862037297056     
  0.60000000000000009      -0.67523305838107650     
  0.60333333333333339       -1.0467145050014350     
  0.60666666666666669       -1.1115148414323281     
  0.60999999999999999       -1.3928250423155846     
  0.61333333333333340      -0.86672907313346215     
  0.61666666666666670      -0.87579970306331534     
  0.62000000000000000       -1.0795979470831372     
  0.62333333333333341      -0.93729137418703057     
  0.62666666666666671      -0.69772403626897994     
  0.63000000000000000      -0.93707834218466357     
  0.63333333333333341       -1.4112275899685613     
  0.63666666666666671       -1.1255365049022350     
  0.64000000000000001       -1.1092313623458969     
  0.64333333333333342      -0.76539265741109086     
  0.64666666666666672      -0.77541939091184287     
  0.65000000000000002      -0.96683907905039002     
  0.65333333333333332       -1.1128928868719468     
  0.65666666666666673      -0.93123844707250591     
  0.66000000000000003      -0.93568615622815443     
  0.66333333333333333       -1.4797272655887059     
  0.66666666666666674       -1.1082524171032688     
  0.67000000000000004      -0.76420646114902913     
  0.67333333333333334      -0.69506630064242436     
  0.67666666666666675      -0.89633830250507951     
  0.68000000000000005       -1.0429734343849921     
  0.68333333333333335       -1.0919866899611124     
  0.68666666666666676       -1.2164222215269620     
  0.69000000000000006      -0.91122686457206103     
  0.69333333333333336       -1.1881238002695440     
  0.69666666666666666       -1.2249635923044844     
  0.70000000000000007      -0.71397969282435092     
  0.70333333333333337      -0.57779291485907125     
  0.70666666666666667      -0.86372270556038022     
  0.71000000000000008       -1.2838926436305411     
  0.71333333333333337       -1.0721361623090151     
  0.71666666666666667       -1.1055084283642795     
  0.72000000000000008       -1.1893959893403379     
  0.72333333333333338      -0.95856125518195245     
  0.72666666666666668       -1.1191209491449694     
  0.73000000000000009      -0.92863132395273462     
  0.73333333333333339      -0.61903196546546124     
  0.73666666666666669      -0.63981979798634914     
  0.74000000000000010       -1.0881272752019060     
  0.74333333333333340       -1.4279694453967351     
  0.74666666666666670       -1.0016948289610788     
  0.75000000000000000       -1.0465694554344516     
  0.75333333333333341       -1.2554800991335910     
  0.75666666666666671       -1.0460342507043823     
  0.76000000000000001      -0.99117245162296430     
  0.76333333333333342      -0.77712513185386745     
  0.76666666666666672      -0.64699343201074677     
  0.77000000000000002      -0.69017249642518563     
  0.77333333333333343       -1.0370520963783660     
  0.77666666666666673       -1.4166812871545369     
  0.78000000000000003       -1.0116658456268641     
  0.78333333333333344      -0.97127633968743188     
  0.78666666666666674       -1.3907770993302893     
  0.79000000000000004       -1.2702743313317302     
  0.79333333333333333       -1.0238223007695919     
  0.79666666666666675      -0.75555336739295664     
  0.80000000000000004      -0.67339827260526142     
  0.80333333333333334      -0.70506621050834029     
  0.80666666666666675      -0.73635247026045147     
  0.81000000000000005       -1.1230338144724943     
  0.81333333333333335       -1.0189977602920381     
  0.81666666666666676      -0.77163156366197549     
  0.82000000000000006       -1.2973363172346419     
  0.82333333333333336       -1.5846546112849502     
  0.82666666666666677       -1.3831965377404063     
  0.83000000000000007       -1.0942807848184626     
  0.83333333333333337      -0.92430524951872439     
  0.83666666666666667       -1.0222462508055061     
  0.84000000000000008      -0.81319253023853599     
  0.84333333333333338      -0.69338584072079157     
  0.84666666666666668      -0.81075416938990286     
  0.85000000000000009      -0.42379340812816563     
  0.85333333333333339      -0.40760530136103074     
  0.85666666666666669      -0.99423455821119766     
  0.86000000000000010       -1.1998831216525045     
  0.86333333333333340       -1.1297536753993878     
  0.86666666666666670       -1.0513920645759425     
  0.87000000000000011       -1.3056029493224659     
  0.87333333333333341       -1.7187138851241994     
  0.87666666666666671       -1.5761330868460974     
  0.88000000000000000       -1.5258700656313564     
  0.88333333333333341       -1.6067614630248428     
  0.88666666666666671       -1.1421961095860182     
  0.89000000000000001      -0.97275266702409313     
  0.89333333333333342       -1.1951577562473703     
  0.89666666666666672       -1.0215043025568984     
  0.90000000000000002      -0.57864644379630459     
  0.90333333333333343       -8.7764512428144315E-002
  0.90666666666666673       -9.9086190664480940E-003
  0.91000000000000003      -0.22067645604501271     
  0.91333333333333344       0.12854166244943582     
  0.91666666666666674       0.42849146828986873     
  0.92000000000000004       0.35745075082098465     
  0.92333333333333334       0.70030335148009171     
  0.92666666666666675       0.91943833191210222     
  0.93000000000000005       0.64681878376193369     
  0.93333333333333335       0.56605864136197503     
  0.93666666666666676       0.74546303315549356     
  0.94000000000000006        1.0994883292305380     
  0.94333333333333336        1.2187331413741067     
  0.94666666666666677       0.78683755040149606     
  0.95000000000000007       0.73881417113887105     
  0.95333333333333337        1.0657500722629105     
  0.95666666666666678       0.92996811728719908     
  0.96000000000000008       0.93436157466927328     
  0.96333333333333337        1.2303827496983313     
  0.96666666666666667        1.0940917510440296     
  0.97000000000000008       0.82701141438828796     
  0.97333333333333338       0.76259853052072535     
  0.97666666666666668       0.93236561925848427     
  0.98000000000000009        1.3207475496101910     
  0.98333333333333339        1.2005683348604161     
  0.98666666666666669       0.75055798511456928     
  0.99000000000000010       0.90556666795386342     
  0.99333333333333340        1.0747560466553869     
  0.99666666666666670       0.85943364491050678     
