   0.0000000000000000       0.63525705029116775     
   3.3333333333333335E-003  0.97713901269639869     
   6.6666666666666671E-003   1.1837531765841351     
   1.0000000000000000E-002  0.84796332911215999     
   1.3333333333333334E-002   1.0661316052432559     
   1.6666666666666666E-002   1.1197801318209957     
   2.0000000000000000E-002  0.84166103902440037     
   2.3333333333333334E-002  0.62913189628057054     
   2.6666666666666668E-002   1.1865553211579145     
   3.0000000000000002E-002   1.1655656506097900     
   3.3333333333333333E-002   1.2455887091654885     
   3.6666666666666667E-002  0.78682212034230126     
   4.0000000000000001E-002  0.79379665914475184     
   4.3333333333333335E-002  0.87917215727438403     
   4.6666666666666669E-002   1.3217803990402532     
   5.0000000000000003E-002  0.87468946442166751     
   5.3333333333333337E-002   1.0437743015566465     
   5.6666666666666671E-002   1.2009298302285196     
   6.0000000000000005E-002  0.96079334090202639     
   6.3333333333333339E-002  0.64800323214355648     
   6.6666666666666666E-002  0.89526540817983868     
   7.0000000000000007E-002   1.2736999076643629     
   7.3333333333333334E-002   1.1513196503987124     
   7.6666666666666675E-002   1.1691633990645289     
   8.0000000000000002E-002  0.68629634859857847     
   8.3333333333333343E-002  0.84143154624047556     
   8.6666666666666670E-002   1.0837736908066444     
   9.0000000000000011E-002   1.0860185915398188     
   9.3333333333333338E-002  0.88016490545123760     
   9.6666666666666679E-002   1.1379799008042297     
  0.10000000000000001        1.3441204749453848     
  0.10333333333333335       0.72950324524652710     
  0.10666666666666667       0.73557891113339036     
  0.11000000000000000       0.89081715073792478     
  0.11333333333333334        1.1745819650601637     
  0.11666666666666667        1.2466633248940440     
  0.12000000000000001        1.0906581180801231     
  0.12333333333333334       0.86587377509750296     
  0.12666666666666668       0.78538708260575707     
  0.13000000000000000        1.1773331837473757     
  0.13333333333333333       0.84002271716469690     
  0.13666666666666669       0.79891697837817577     
  0.14000000000000001        1.2732292659415980     
  0.14333333333333334        1.3235379893581258     
  0.14666666666666667        1.0115184018942369     
  0.15000000000000002       0.66011054305259953     
  0.15333333333333335       0.87329963748630335     
  0.15666666666666668       0.92346759774958898     
  0.16000000000000000        1.1216908425691263     
  0.16333333333333333        1.2629564118388144     
  0.16666666666666669       0.87674478430879965     
  0.17000000000000001        1.0544921573778869     
  0.17333333333333334        1.1726659996124051     
  0.17666666666666667       0.87330625667206274     
  0.18000000000000002       0.59931109612399269     
  0.18333333333333335       0.85945659930922935     
  0.18666666666666668        1.4115566909949269     
  0.19000000000000000        1.1722797867078221     
  0.19333333333333336        1.0305173124934350     
  0.19666666666666668        1.0127678373770577     
  0.20000000000000001       0.76444227382251684     
  0.20333333333333334       0.96174853979880159     
  0.20666666666666669       0.99558872096033801     
  0.21000000000000002       0.86666534734688394     
  0.21333333333333335       0.91792365200544190     
  0.21666666666666667        1.2603897419920251     
  0.22000000000000000        1.4905125830079855     
  0.22333333333333336       0.85566773772855043     
  0.22666666666666668       0.62422304413790519     
  0.23000000000000001       0.95365781855448650     
  0.23333333333333334       0.90607116408169719     
  0.23666666666666669        1.0043101884397347     
  0.24000000000000002        1.0722686339172889     
  0.24333333333333335        1.0588285438712195     
  0.24666666666666667        1.1431271618000294     
  0.25000000000000000        1.1770068064175385     
  0.25333333333333335        1.1897394513418316     
  0.25666666666666671       0.66962258487709347     
  0.26000000000000001       0.46737367150427034     
  0.26333333333333336        1.1035029752108048     
  0.26666666666666666        1.1952613834799639     
  0.27000000000000002       0.99891059216184042     
  0.27333333333333337        1.0890661361262866     
  0.27666666666666667        1.1427789004361479     
  0.28000000000000003        1.1938021830879224     
  0.28333333333333333        1.0174624628689000     
  0.28666666666666668       0.88461713130406561     
  0.29000000000000004       0.76210914751886227     
  0.29333333333333333       0.52809981544042595     
  0.29666666666666669        1.0199935245117233     
  0.30000000000000004        1.4357845088688339     
  0.30333333333333334        1.0429904956355460     
  0.30666666666666670       0.96922257258376865     
  0.31000000000000000        1.2024066090348915     
  0.31333333333333335        1.2402653830240506     
  0.31666666666666671        1.0538813520401582     
  0.32000000000000001       0.70424094014999183     
  0.32333333333333336       0.71586601377400361     
  0.32666666666666666       0.76037836317958429     
  0.33000000000000002       0.76382383596428927     
  0.33333333333333337        1.2615045016871727     
  0.33666666666666667        1.3152709013415909     
  0.34000000000000002       0.89565550007247774     
  0.34333333333333338        1.1088264446049818     
  0.34666666666666668        1.4118817386151097     
  0.35000000000000003        1.2690430360376912     
  0.35333333333333333       0.90017671204378935     
  0.35666666666666669       0.57960616060358860     
  0.36000000000000004       0.73154448195992416     
  0.36333333333333334       0.83095049862439574     
  0.36666666666666670       0.72765547056460222     
  0.37000000000000005        1.0523229250161106     
  0.37333333333333335        1.1075925053044691     
  0.37666666666666671       0.83800028053104614     
  0.38000000000000000        1.2256205660539856     
  0.38333333333333336        1.6309748727146374     
  0.38666666666666671        1.4314111381167385     
  0.39000000000000001        1.0722063466643821     
  0.39333333333333337       0.82458289351981251     
  0.39666666666666667       0.95015522679747899     
  0.40000000000000002        1.0100119267498127     
  0.40333333333333338       0.62401815962521945     
  0.40666666666666668       0.59374893551016994     
  0.41000000000000003       0.70786292027119746     
  0.41333333333333339       0.43994119227293393     
  0.41666666666666669       0.67738136957647499     
  0.42000000000000004        1.2657223790970538     
  0.42333333333333334        1.2831455232845375     
  0.42666666666666669        1.1179970322218582     
  0.43000000000000005        1.1675479422928772     
  0.43333333333333335        1.4611765200858724     
  0.43666666666666670        1.8308891165469858     
  0.44000000000000000        1.6401890506675370     
  0.44333333333333336        1.3064833886267240     
  0.44666666666666671        1.4152544434227132     
  0.45000000000000001        1.2026102160628533     
  0.45333333333333337       0.81509007693510971     
  0.45666666666666672       0.98883543853489420     
  0.46000000000000002       0.95157773200985352     
  0.46333333333333337       0.36886648584435894     
  0.46666666666666667       -2.7554506645638951E-002
  0.47000000000000003      -0.12766792882949982     
  0.47333333333333338       -1.0631147573843525E-002
  0.47666666666666668        3.8416915193976581E-003
  0.48000000000000004      -0.47288033998661227     
  0.48333333333333334      -0.74401929065072003     
  0.48666666666666669      -0.55837127490568261     
  0.49000000000000005      -0.78198733951773802     
  0.49333333333333335      -0.95927856027220981     
  0.49666666666666670      -0.62286176346072919     
  0.50000000000000000      -0.59006779629624451     
  0.50333333333333341       -1.0613165282611574     
  0.50666666666666671       -1.1694051796872564     
  0.51000000000000001       -1.1017799689848995     
  0.51333333333333342      -0.77923969028802342     
  0.51666666666666672      -0.72550283892924916     
  0.52000000000000002      -0.97724755447173017     
  0.52333333333333332       -1.2597056153907791     
  0.52666666666666673      -0.84606680236397303     
  0.53000000000000003       -1.1074969134419463     
  0.53333333333333333       -1.1243476706291096     
  0.53666666666666674      -0.92654755731736949     
  0.54000000000000004      -0.56027036898811411     
  0.54333333333333333       -1.1632900631549137     
  0.54666666666666675       -1.1575635612117896     
  0.55000000000000004       -1.2702153061823886     
  0.55333333333333334      -0.87710200624716639     
  0.55666666666666675      -0.78104546281093290     
  0.56000000000000005      -0.85296373310535190     
  0.56333333333333335       -1.2082357057112130     
  0.56666666666666665      -0.99889357923802224     
  0.57000000000000006      -0.90125369542828793     
  0.57333333333333336       -1.3287813539312963     
  0.57666666666666666       -1.0100938171237264     
  0.58000000000000007      -0.71983853998595526     
  0.58333333333333337      -0.70958460359409425     
  0.58666666666666667       -1.2164060215410504     
  0.59000000000000008       -1.1729871545085839     
  0.59333333333333338       -1.1841908506100598     
  0.59666666666666668      -0.93428041869353962     
  0.60000000000000009      -0.71081633948691603     
  0.60333333333333339       -1.0727075097020555     
  0.60666666666666669      -0.99675809120334158     
  0.60999999999999999      -0.89928976894288204     
  0.61333333333333340      -0.98891970938874929     
  0.61666666666666670       -1.4350790621994187     
  0.62000000000000000       -1.0651355605646287     
  0.62333333333333341      -0.60941634519475307     
  0.62666666666666671      -0.85917257689154736     
  0.63000000000000000      -0.94740383696680452     
  0.63333333333333341       -1.2021063223184270     
  0.63666666666666671       -1.1579765139152840     
  0.64000000000000001       -1.0349613315222177     
  0.64333333333333342      -0.90611939751964843     
  0.64666666666666672       -1.0159721524822085     
  0.65000000000000002       -1.0554228303985140     
  0.65333333333333332      -0.56884207210731885     
  0.65666666666666673      -0.95255306528890304     
  0.66000000000000003       -1.4096051776950143     
  0.66333333333333333       -1.2359087139007301     
  0.66666666666666674      -0.93676715157412416     
  0.67000000000000004      -0.77758779549151658     
  0.67333333333333334      -0.94336576871453970     
  0.67666666666666675      -0.86954490997741063     
  0.68000000000000005       -1.0470141707477341     
  0.68333333333333335       -1.0870620840125960     
  0.68666666666666676      -0.90374679052199713     
  0.69000000000000006       -1.3186996329751646     
  0.69333333333333336       -1.2459997917938928     
  0.69666666666666666      -0.73796674806722262     
  0.70000000000000007      -0.58296568979272678     
  0.70333333333333337      -0.91806685974851676     
  0.70666666666666667       -1.2771584641477056     
  0.71000000000000008       -1.0125068606295113     
  0.71333333333333337       -1.0686962185592772     
  0.71666666666666667       -1.1824709231796251     
  0.72000000000000008      -0.94434723842488588     
  0.72333333333333338       -1.0587125544019849     
  0.72666666666666668      -0.88644138831422525     
  0.73000000000000009      -0.62189393646851832     
  0.73333333333333339      -0.83492940370346946     
  0.73666666666666669       -1.2613553467181784     
  0.74000000000000010       -1.4507584746951558     
  0.74333333333333340      -0.94876392131270249     
  0.74666666666666670      -0.85149291944986405     
  0.75000000000000000       -1.1770068064175356     
  0.75333333333333341      -0.89810520899166257     
  0.75666666666666671      -0.77968720743561293     
  0.76000000000000001      -0.84586351228213741     
  0.76333333333333342      -0.84645781693236077     
  0.76666666666666672       -1.1241196231017363     
  0.77000000000000002       -1.3306744742478107     
  0.77333333333333343       -1.3512844803026034     
  0.77666666666666673      -0.93973408376270984     
  0.78000000000000003      -0.64763683850482645     
  0.78333333333333344       -1.0953812816813033     
  0.78666666666666674       -1.0353896978578945     
  0.79000000000000004      -0.61626763423624054     
  0.79333333333333333      -0.80966955862780154     
  0.79666666666666675       -1.0636752045620059     
  0.80000000000000004       -1.2543079248390485     
  0.80333333333333334       -1.3177915849453872     
  0.80666666666666675       -1.1847050518842284     
  0.81000000000000005       -1.0559867627675521     
  0.81333333333333335      -0.73245548255112602     
  0.81666666666666676      -0.82627586733679237     
  0.82000000000000006       -1.1519440147737354     
  0.82333333333333336      -0.71962736046864995     
  0.82666666666666677      -0.53107813228171896     
  0.83000000000000007       -1.0407281978506622     
  0.83333333333333337       -1.3215268689524922     
  0.83666666666666667       -1.3423185992796762     
  0.84000000000000008       -1.1835698351983619     
  0.84333333333333338       -1.0797409770656670     
  0.84666666666666668       -1.1074241732361256     
  0.85000000000000009      -0.87373074869177880     
  0.85333333333333339      -0.90463046263176516     
  0.85666666666666669      -0.99702475244205990     
  0.86000000000000010      -0.49327654754054279     
  0.86333333333333340      -0.47189096308729345     
  0.86666666666666670       -1.0897390757183338     
  0.87000000000000011       -1.2822522717966840     
  0.87333333333333341       -1.1813779995902627     
  0.87666666666666671       -1.0944577104337956     
  0.88000000000000000       -1.2000980085384951     
  0.88333333333333341       -1.4425591354092659     
  0.88666666666666671       -1.2457488824453287     
  0.89000000000000001       -1.0637337284594215     
  0.89333333333333342       -1.0857620735897642     
  0.89666666666666672      -0.60695096234194879     
  0.90000000000000002      -0.37670779129134430     
  0.90333333333333343      -0.82771764173590812     
  0.90666666666666673      -0.89777488066899180     
  0.91000000000000003      -0.62089435730242926     
  0.91333333333333344      -0.57257352300734121     
  0.91666666666666674      -0.80922831222285396     
  0.92000000000000004       -1.2992645704844290     
  0.92333333333333334       -1.4422151052253405     
  0.92666666666666675       -1.2954587357544458     
  0.93000000000000005       -1.5399941545289564     
  0.93333333333333335       -1.5648046911440576     
  0.93666666666666676       -1.2706566429793247     
  0.94000000000000006       -1.5323594428708640     
  0.94333333333333336       -1.7263677560443138     
  0.94666666666666677       -1.2485821481132391     
  0.95000000000000007      -0.80708437430212721     
  0.95333333333333337      -0.65087323910664929     
  0.95666666666666678      -0.70471753265436821     
  0.96000000000000008      -0.71805144185321956     
  0.96333333333333337      -0.22914104886928566     
  0.96666666666666667       0.14879554518201782     
  0.97000000000000008        6.9599191661658108E-002
  0.97333333333333338       0.35111966636778263     
  0.97666666666666668       0.62673202759081548     
  0.98000000000000009       0.33729382453927964     
  0.98333333333333339       0.34974199775898002     
  0.98666666666666669       0.84526318986090843     
  0.99000000000000010        1.0358039793904812     
  0.99333333333333340       0.97362655716908886     
  0.99666666666666670       0.70703927902548569     
