   0.0000000000000000        1.3564927199834704     
   3.3333333333333335E-003   1.2089066383014226     
   6.6666666666666671E-003  0.98870027960472417     
   1.0000000000000000E-002   1.2193492425408352     
   1.3333333333333334E-002  0.94493615025694566     
   1.6666666666666666E-002  0.65474083067504008     
   2.0000000000000000E-002  0.64359529784491631     
   2.3333333333333334E-002  0.76725834062147324     
   2.6666666666666668E-002   1.1235213540176676     
   3.0000000000000002E-002  0.99690276250990373     
   3.3333333333333333E-002   1.0552499927223673     
   3.6666666666666667E-002   1.4565905757161239     
   4.0000000000000001E-002   1.3792935819981622     
   4.3333333333333335E-002   1.2179319870389003     
   4.6666666666666669E-002  0.92815214180802119     
   5.0000000000000003E-002  0.80750172645294660     
   5.3333333333333337E-002  0.96143569829642550     
   5.6666666666666671E-002  0.59596038950629526     
   6.0000000000000005E-002  0.42574403127027644     
   6.3333333333333339E-002  0.70999424615290152     
   6.6666666666666666E-002  0.87644990757059194     
   7.0000000000000007E-002   1.1119039034660685     
   7.3333333333333334E-002   1.0975232902383600     
   7.6666666666666675E-002   1.1727053985391109     
   8.0000000000000002E-002   1.6754902896406076     
   8.3333333333333343E-002   1.6661806839766813     
   8.6666666666666670E-002   1.4197137650907887     
   9.0000000000000011E-002   1.3959343507439270     
   9.3333333333333338E-002   1.2715368008653791     
   9.6666666666666679E-002   1.2726730661825199     
  0.10000000000000001       0.99197201517079470     
  0.10333333333333335       0.40616486448551664     
  0.10666666666666667       0.36758312395818177     
  0.11000000000000000       0.34536189447724147     
  0.11333333333333334       -1.5938563589418905E-002
  0.11666666666666667      -0.25110040205844519     
  0.12000000000000001      -0.54068493401773421     
  0.12333333333333334      -0.58819057929233332     
  0.12666666666666668      -0.39655930107527587     
  0.13000000000000000      -0.72393596898904922     
  0.13333333333333333       -1.0192552624655418     
  0.13666666666666669      -0.86386573473209294     
  0.14000000000000001      -0.84245793315082673     
  0.14333333333333334      -0.82763855006127540     
  0.14666666666666667      -0.89586240835920761     
  0.15000000000000002       -1.1978968211528793     
  0.15333333333333335       -1.0406281557604011     
  0.15666666666666668      -0.74415775032602549     
  0.16000000000000000      -0.95777932105691477     
  0.16333333333333333       -1.0975655240377700     
  0.16666666666666669       -1.0624568237063110     
  0.17000000000000001       -1.0724884320519656     
  0.17333333333333334      -0.83954120332270510     
  0.17666666666666667      -0.83048607554257570     
  0.18000000000000002       -1.2060458097637170     
  0.18333333333333335       -1.1471863442368044     
  0.18666666666666668      -0.87546229958225930     
  0.19000000000000000      -0.92181562072964918     
  0.19333333333333336      -0.93849955345638092     
  0.19666666666666668       -1.0332169639923166     
  0.20000000000000001       -1.2302415808045384     
  0.20333333333333334      -0.97653467991774390     
  0.20666666666666669      -0.73305098337312602     
  0.21000000000000002       -1.0069173399033897     
  0.21333333333333335       -1.1473818497353059     
  0.21666666666666667       -1.0472911954543509     
  0.22000000000000000       -1.0512406049554703     
  0.22333333333333336      -0.88389791525031547     
  0.22666666666666668      -0.79114718538723439     
  0.23000000000000001       -1.1393898160042431     
  0.23333333333333334       -1.2376240991097267     
  0.23666666666666669      -0.92247973042730624     
  0.24000000000000002      -0.87270893906790326     
  0.24333333333333335      -0.95504472063014012     
  0.24666666666666667      -0.94440027240762281     
  0.25000000000000000       -1.1492234570438500     
  0.25333333333333335       -1.2051139217350963     
  0.25666666666666671      -0.83971240761029042     
  0.26000000000000001      -0.76916370827391445     
  0.26333333333333336       -1.0680214076103567     
  0.26666666666666666       -1.1087979651203366     
  0.27000000000000002       -1.0593012162254960     
  0.27333333333333337       -1.0956785637903814     
  0.27666666666666667      -0.87445307173739273     
  0.28000000000000003      -0.74550053350940304     
  0.28333333333333333       -1.0862922385380169     
  0.28666666666666668       -1.2527010601200426     
  0.29000000000000004       -1.0088009342249509     
  0.29333333333333333      -0.92497053311847732     
  0.29666666666666669      -0.94366380823702722     
  0.30000000000000004      -0.83631599233783349     
  0.30333333333333334      -0.99913692546016908     
  0.30666666666666670       -1.2894089277659098     
  0.31000000000000000       -1.1035866893769448     
  0.31333333333333335      -0.79212693795840339     
  0.31666666666666671      -0.88184253281696012     
  0.32000000000000001      -0.99652938935157376     
  0.32333333333333336      -0.97629007508429322     
  0.32666666666666666       -1.1519221193307905     
  0.33000000000000002       -1.2252691670146365     
  0.33333333333333337      -0.88168003067673761     
  0.33666666666666667      -0.71562206876939460     
  0.34000000000000002      -0.97958981279881552     
  0.34333333333333338       -1.1189029154718151     
  0.34666666666666668       -1.0464217000865004     
  0.35000000000000003       -1.1444123180088948     
  0.35333333333333333       -1.0911629997144661     
  0.35666666666666669      -0.78621781734622520     
  0.36000000000000004      -0.72177883522662512     
  0.36333333333333334       -1.1109562595922728     
  0.36666666666666670       -1.1666192081093938     
  0.37000000000000005       -1.0918200552114738     
  0.37333333333333335       -1.0186254855529402     
  0.37666666666666671       -1.0958083444823874     
  0.38000000000000000      -0.68672756441355431     
  0.38333333333333336      -0.84534272021726298     
  0.38666666666666671       -1.0223721173818774     
  0.39000000000000001       -1.3652793979044191     
  0.39333333333333337      -0.93562631865419221     
  0.39666666666666667       -1.1323704246966981     
  0.40000000000000002      -0.90303993573157193     
  0.40333333333333338      -0.91018124723376670     
  0.40666666666666668      -0.63874017974970376     
  0.41000000000000003       -1.1197766753341896     
  0.41333333333333339       -1.2658435785233761     
  0.41666666666666669       -1.1068538382223869     
  0.42000000000000004       -1.0365771095560536     
  0.42333333333333334      -0.95634312312261138     
  0.42666666666666669      -0.98742624585937255     
  0.43000000000000005      -0.58855731898112296     
  0.43333333333333335      -0.96256729164742549     
  0.43666666666666670       -1.1802684691464584     
  0.44000000000000000       -1.2459083165406550     
  0.44333333333333336       -1.0741295879623378     
  0.44666666666666671      -0.99161044132529186     
  0.45000000000000001       -1.1305219055628153     
  0.45333333333333337      -0.67775384736802757     
  0.45666666666666672      -0.72578576508405490     
  0.46000000000000002      -0.93222130989276142     
  0.46333333333333337       -1.2020978183312971     
  0.46666666666666667       -1.2111254184059206     
  0.47000000000000003       -1.0046588248011570     
  0.47333333333333338       -1.2862033500424959     
  0.47666666666666668       -1.0401603712282972     
  0.48000000000000004      -0.74610760015776900     
  0.48333333333333334      -0.67723213229938617     
  0.48666666666666669      -0.81004623729410641     
  0.49000000000000005       -1.1426194932062586     
  0.49333333333333335      -0.94763352070226303     
  0.49666666666666670       -1.1228842545178135     
  0.50000000000000000       -1.4019728427700844     
  0.50333333333333341       -1.2245154270124554     
  0.50666666666666671       -1.0290095872613525     
  0.51000000000000001      -0.70303860072276048     
  0.51333333333333342      -0.83716546114922441     
  0.51666666666666672      -0.89511051047748269     
  0.52000000000000002      -0.59841093404218293     
  0.52333333333333332      -0.85955342980312910     
  0.52666666666666673       -1.1458743035934578     
  0.53000000000000003       -1.3333912327930726     
  0.53333333333333333       -1.3344937659527110     
  0.53666666666666674       -1.0868473331783122     
  0.54000000000000004       -1.3055407995625976     
  0.54333333333333333       -1.2329246754494296     
  0.54666666666666675      -0.76231686879051375     
  0.55000000000000004      -0.64895415883606600     
  0.55333333333333334      -0.59101575254233463     
  0.55666666666666675      -0.73821965575398718     
  0.56000000000000005      -0.77168660581585447     
  0.56333333333333335      -0.57506630436801176     
  0.56666666666666665      -0.98910347239312135     
  0.57000000000000006       -1.3734260486767509     
  0.57333333333333336       -1.3572806758100953     
  0.57666666666666666       -1.4421653445245874     
  0.58000000000000007       -1.4244216701414512     
  0.58333333333333337       -1.5919585331830253     
  0.58666666666666667       -1.6835858391053935     
  0.59000000000000008       -1.1781404867804368     
  0.59333333333333338      -0.95806492692894496     
  0.59666666666666668      -0.99246321852495589     
  0.60000000000000009      -0.72118306510035812     
  0.60333333333333339      -0.46674027206067181     
  0.60666666666666669       -6.2564786835013722E-002
  0.60999999999999999       0.21045789970200340     
  0.61333333333333340        3.5808195469566616E-002
  0.61666666666666670       0.26910462812312486     
  0.62000000000000000       0.70349345861165991     
  0.62333333333333341       0.71175393704564571     
  0.62666666666666671       0.73125198843468298     
  0.63000000000000000       0.70710499015071793     
  0.63333333333333341       0.72866980115305324     
  0.63666666666666671        1.0976138357324483     
  0.64000000000000001        1.0725603456393094     
  0.64333333333333342       0.74890707063070172     
  0.64666666666666672       0.88691975357017439     
  0.65000000000000002        1.0438652501682184     
  0.65333333333333332        1.0562632023933070     
  0.65666666666666673        1.1051008974378165     
  0.66000000000000003       0.85853431650368872     
  0.66333333333333333       0.79510521941323375     
  0.66666666666666674        1.1737925652601475     
  0.67000000000000004        1.1594671055253838     
  0.67333333333333334       0.90034475551595206     
  0.67666666666666675       0.92485782728632482     
  0.68000000000000005       0.92137312448874353     
  0.68333333333333335        1.0282684238349589     
  0.68666666666666676        1.2350886556217748     
  0.69000000000000006       0.96979968303410991     
  0.69333333333333336       0.73946917201363549     
  0.69666666666666666        1.0206450325387584     
  0.70000000000000007        1.1399601964657953     
  0.70333333333333337        1.0446668275977031     
  0.70666666666666667        1.0429878480230765     
  0.71000000000000008       0.86018155415990494     
  0.71333333333333337       0.82194979394031076     
  0.71666666666666667        1.1865026690686804     
  0.72000000000000008        1.2004666769806356     
  0.72333333333333338       0.87505741825885353     
  0.72666666666666668       0.88284244581834059     
  0.73000000000000009       0.97144859401862016     
  0.73333333333333339       0.98579812001336609     
  0.73666666666666669        1.1842070900020452     
  0.74000000000000010        1.1234654248651355     
  0.74333333333333340       0.76112819834355017     
  0.74666666666666670       0.84148809942896907     
  0.75000000000000000        1.1492234570438518     
  0.75333333333333341        1.1022017487564446     
  0.75666666666666671        1.0336289298968824     
  0.76000000000000001        1.0199201940711469     
  0.76333333333333342       0.80629404803561766     
  0.76666666666666672       0.85697198602397739     
  0.77000000000000002        1.2272424382111193     
  0.77333333333333343        1.1873738242214886     
  0.77666666666666673       0.88329356872885401     
  0.78000000000000003       0.89472660553456751     
  0.78333333333333344       0.94708076492368887     
  0.78666666666666674       0.92726900432504644     
  0.79000000000000004        1.1555367199684337     
  0.79333333333333333        1.2349073977684313     
  0.79666666666666675       0.87553166055706844     
  0.80000000000000004       0.74603460799908927     
  0.80333333333333334        1.0117088569137267     
  0.80666666666666675        1.0903785463231617     
  0.81000000000000005        1.0556026270724874     
  0.81333333333333335        1.1517532939979200     
  0.81666666666666676        1.0007604532188068     
  0.82000000000000006       0.71185670407659785     
  0.82333333333333336       0.88191832334054820     
  0.82666666666666677        1.2127256715240324     
  0.83000000000000007        1.1382904935412201     
  0.83333333333333337       0.99301577223057336     
  0.83666666666666667        1.0180823733939326     
  0.84000000000000008       0.88034480824558781     
  0.84333333333333338       0.75795976836002699     
  0.84666666666666668        1.0620567467194089     
  0.85000000000000009        1.2984438889935555     
  0.85333333333333339        1.0822203449254284     
  0.85666666666666669       0.86494929677680021     
  0.86000000000000010       0.95188124771510807     
  0.86333333333333340       0.87720815859191648     
  0.86666666666666670       0.87603374679690227     
  0.87000000000000011        1.1086510340498079     
  0.87333333333333341        1.3533181729123469     
  0.87666666666666671       0.97224498672907600     
  0.88000000000000000       0.84953608900748134     
  0.88333333333333341       0.82733849415258454     
  0.88666666666666671        1.0422417492620246     
  0.89000000000000001       0.80945960372517545     
  0.89333333333333342        1.2406446557773589     
  0.89666666666666672        1.1929458322718505     
  0.90000000000000002        1.1738288858020074     
  0.90333333333333343       0.62997139957620640     
  0.90666666666666673       0.95221205368614026     
  0.91000000000000003       0.90198281137069702     
  0.91333333333333344        1.0019715045087703     
  0.91666666666666674        1.0326316874287294     
  0.92000000000000004        1.2876457290552097     
  0.92333333333333334        1.2258030691080857     
  0.92666666666666675       0.72766886028763700     
  0.93000000000000005       0.85007946419180669     
  0.93333333333333335       0.84991372682489585     
  0.93666666666666676        1.0453405273615690     
  0.94000000000000006       0.89996574199507295     
  0.94333333333333336        1.2163888542100261     
  0.94666666666666677        1.3620303870793786     
  0.95000000000000007       0.97197433794593302     
  0.95333333333333337       0.84358912038553213     
  0.95666666666666678       0.74077845349458327     
  0.96000000000000008        1.0059740923283274     
  0.96333333333333337       0.83235457579348371     
  0.96666666666666667       0.93188164517557792     
  0.97000000000000008        1.3411472950843211     
  0.97333333333333338        1.2638504004667057     
  0.97666666666666668        1.1324554604099519     
  0.98000000000000009       0.79129196396050616     
  0.98333333333333339       0.91760181210182934     
  0.98666666666666669       0.91781692640183399     
  0.99000000000000010       0.62630885138818382     
  0.99333333333333340       0.90732421304563393     
  0.99666666666666670        1.1384930432288440     
