   0.0000000000000000        1.4104920448761638     
   3.3333333333333335E-003   1.0420160522765536     
   6.6666666666666671E-003  0.69598065193956371     
   1.0000000000000000E-002  0.96121792964563513     
   1.3333333333333334E-002   1.0130999050628839     
   1.6666666666666666E-002  0.92019022965980424     
   2.0000000000000000E-002   1.0882815095196310     
   2.3333333333333334E-002   1.1547036081870090     
   2.6666666666666668E-002   1.1327176966767414     
   3.0000000000000002E-002  0.94788996974026896     
   3.3333333333333333E-002  0.61428949315526848     
   3.6666666666666667E-002  0.87535113514832064     
   4.0000000000000001E-002   1.3411245650322967     
   4.3333333333333335E-002   1.1299165522448558     
   4.6666666666666669E-002  0.92141252469855173     
   5.0000000000000003E-002   1.0685948916147880     
   5.3333333333333337E-002  0.96770922857609953     
   5.6666666666666671E-002  0.82396857591896733     
   6.0000000000000005E-002  0.86945045443144275     
   6.3333333333333339E-002  0.96506920304641775     
   6.6666666666666666E-002   1.2780849024593177     
   7.0000000000000007E-002   1.3327171245977802     
   7.3333333333333334E-002  0.81876649343602104     
   7.6666666666666675E-002  0.69327906358165214     
   8.0000000000000002E-002   1.0409234978342943     
   8.3333333333333343E-002  0.99324001177920163     
   8.6666666666666670E-002  0.89400296173912830     
   9.0000000000000011E-002   1.1152232023788888     
   9.3333333333333338E-002   1.2086259064690241     
   9.6666666666666679E-002   1.1411416342142000     
  0.10000000000000001       0.99024564442331531     
  0.10333333333333335       0.62624280620500561     
  0.10666666666666667       0.75088295826293938     
  0.11000000000000000        1.2110162590312334     
  0.11333333333333334        1.2041958052690052     
  0.11666666666666667       0.90253999333332957     
  0.12000000000000001        1.1656362279658505     
  0.12333333333333334        1.1412737910508843     
  0.12666666666666668       0.95198611191723848     
  0.13000000000000000       0.70429423542888281     
  0.13333333333333333       0.83283364480087463     
  0.13666666666666669       0.82640865549917963     
  0.14000000000000001        1.4102878940673407     
  0.14333333333333334        1.1958529050640982     
  0.14666666666666667        1.0071234241829332     
  0.15000000000000002       0.85067945565228864     
  0.15333333333333335        1.2628220124394021     
  0.15666666666666668       0.75579813207221935     
  0.16000000000000000       0.72969241513353023     
  0.16333333333333333       0.81749472662502642     
  0.16666666666666669        1.1186841892502177     
  0.17000000000000001        1.2499867130148583     
  0.17333333333333334        1.2998319085907759     
  0.17666666666666667        1.0469879142732548     
  0.18000000000000002       0.73060473301512963     
  0.18333333333333335        1.1444750563594721     
  0.18666666666666668       0.91160258989931020     
  0.19000000000000000       0.68978317756552121     
  0.19333333333333336       0.68461945200677732     
  0.19666666666666668        1.1951387295572236     
  0.20000000000000001        1.2742541181072518     
  0.20333333333333334        1.2004210327437372     
  0.20666666666666669        1.2406442004438814     
  0.21000000000000002       0.83557544328606181     
  0.21333333333333335       0.96766941884836910     
  0.21666666666666667        1.0070736143978027     
  0.22000000000000000       0.85075450397027486     
  0.22333333333333336       0.51364091369583964     
  0.22666666666666668       0.79795153573498800     
  0.23000000000000001        1.3597434173857004     
  0.23333333333333334        1.1702622840180013     
  0.23666666666666669        1.2277407994474006     
  0.24000000000000002        1.1552866714967036     
  0.24333333333333335        1.0792091711996485     
  0.24666666666666667        1.0732358979387455     
  0.25000000000000000        1.0110220024914467     
  0.25333333333333335       0.83541140918634449     
  0.25666666666666671       0.35157696194709837     
  0.26000000000000001       0.74584015137116944     
  0.26333333333333336        1.1604062420401082     
  0.26666666666666666        1.0132040454186813     
  0.27000000000000002        1.0532874167749087     
  0.27333333333333337        1.1440418578674487     
  0.27666666666666667        1.3856836275542854     
  0.28000000000000003        1.3270226866106209     
  0.28333333333333333        1.3121043203854883     
  0.28666666666666668        1.1890372378676595     
  0.29000000000000004       0.58206170230945597     
  0.29333333333333333       0.69230781995218249     
  0.29666666666666669       0.93591165501275397     
  0.30000000000000004       0.71585165694814024     
  0.30333333333333334       0.49700065043953889     
  0.30666666666666670       0.49703061784117641     
  0.31000000000000000       0.94526216615998404     
  0.31333333333333335        1.0709208195016582     
  0.31666666666666671        1.1782169548165193     
  0.32000000000000001        1.5120858686062337     
  0.32333333333333336        1.2737025655878540     
  0.32666666666666666        1.3112152810359761     
  0.33000000000000002        1.7117531555892846     
  0.33333333333333337        1.7467995393559170     
  0.33666666666666667        1.4503094182208314     
  0.34000000000000002       0.98319330589789777     
  0.34333333333333338        1.0462230723281534     
  0.34666666666666668        1.0863761373223288     
  0.35000000000000003       0.64140558853178398     
  0.35333333333333333       0.56761235767880636     
  0.35666666666666669       0.31261137738494765     
  0.36000000000000004      -0.19597081209352232     
  0.36333333333333334      -0.23228376415933583     
  0.36666666666666670      -0.14363777820271942     
  0.37000000000000005      -0.16066539322238188     
  0.37333333333333335      -0.59730057791922131     
  0.37666666666666671      -0.99075901794585375     
  0.38000000000000000      -0.67830749489784203     
  0.38333333333333336      -0.66186041604511536     
  0.38666666666666671      -0.88286354104055809     
  0.39000000000000001      -0.74343479525039291     
  0.39333333333333337      -0.90001871574026615     
  0.39666666666666667       -1.1371313426725216     
  0.40000000000000002       -1.0985128914327820     
  0.40333333333333338      -0.89148411864089205     
  0.40666666666666668      -0.63555168521129335     
  0.41000000000000003      -0.98388644956983140     
  0.41333333333333339       -1.3330950193132878     
  0.41666666666666669      -0.98558949680769281     
  0.42000000000000004      -0.91062648805052060     
  0.42333333333333334       -1.0263084362685584     
  0.42666666666666669      -0.85321015171697823     
  0.43000000000000005      -0.91585270103316196     
  0.43333333333333335       -1.0948463618974640     
  0.43666666666666670       -1.2169063431654339     
  0.44000000000000000       -1.1250981667834059     
  0.44333333333333336      -0.67103136538940789     
  0.44666666666666671      -0.76996190277391940     
  0.45000000000000001       -1.2499907826831123     
  0.45333333333333337       -1.1095903307566513     
  0.45666666666666672      -0.97044226557742741     
  0.46000000000000002       -1.0832268800218552     
  0.46333333333333337      -0.93447982945202790     
  0.46666666666666667      -0.84313799042160553     
  0.47000000000000003      -0.88803491134248114     
  0.47333333333333338       -1.0772633496990496     
  0.47666666666666668       -1.3633468245426237     
  0.48000000000000004       -1.0398453574297672     
  0.48333333333333334      -0.62763729303401039     
  0.48666666666666669      -0.93567969104707371     
  0.49000000000000005       -1.1132308625968226     
  0.49333333333333335      -0.97059554824739869     
  0.49666666666666670       -1.0961652783507410     
  0.50000000000000000       -1.1388911664631405     
  0.50333333333333341       -1.0118144274123928     
  0.50666666666666671      -0.86751446873470761     
  0.51000000000000001      -0.69444703555163423     
  0.51333333333333342       -1.0059496928843763     
  0.51666666666666672       -1.4108159384956671     
  0.52000000000000002       -1.0818002175648531     
  0.52333333333333332      -0.80570713211997202     
  0.52666666666666673       -1.0028692707201348     
  0.53000000000000003      -0.94566935363385418     
  0.53333333333333333      -0.84350117246864853     
  0.53666666666666674       -1.0064096348634874     
  0.54000000000000004       -1.1333996762037160     
  0.54333333333333333       -1.2572348846772476     
  0.54666666666666675       -1.0986295285562000     
  0.55000000000000004      -0.63434621071950070     
  0.55333333333333334      -0.75573256250453980     
  0.55666666666666675       -1.1950785108930237     
  0.56000000000000005       -1.0756482019886802     
  0.56333333333333335      -0.96683359962038762     
  0.56666666666666665       -1.1773600036202649     
  0.57000000000000006       -1.1066012537217325     
  0.57333333333333336      -0.89512767715583208     
  0.57666666666666666      -0.78545487925034774     
  0.58000000000000007      -0.74793705919282105     
  0.58333333333333337       -1.1037344866609222     
  0.58666666666666667       -1.4025886532035718     
  0.59000000000000008       -1.0517513367965337     
  0.59333333333333338      -0.82604881940247543     
  0.59666666666666668       -1.0749839451273173     
  0.60000000000000009      -0.96789738098567790     
  0.60333333333333339      -0.73269876225713337     
  0.60666666666666669      -0.87836517939692471     
  0.60999999999999999       -1.1255457149059938     
  0.61333333333333340       -1.2369940615750863     
  0.61666666666666670       -1.3036411185415167     
  0.62000000000000000      -0.87390467009446748     
  0.62333333333333341      -0.70585618840422226     
  0.62666666666666671      -0.94437238557498293     
  0.63000000000000000       -1.1022136631976440     
  0.63333333333333341      -0.71251464497588712     
  0.63666666666666671       -1.0590813004228929     
  0.64000000000000001       -1.2472653989879710     
  0.64333333333333342       -1.3354962637174459     
  0.64666666666666672      -0.93266230563775454     
  0.65000000000000002      -0.94938405934238346     
  0.65333333333333332      -0.56067698696989066     
  0.65666666666666673       -1.0076955645045040     
  0.66000000000000003       -1.0517193687252180     
  0.66333333333333333       -1.0095012977858029     
  0.66666666666666674      -0.86797246736908340     
  0.67000000000000004       -1.3920037943138324     
  0.67333333333333334       -1.3299998931966495     
  0.67666666666666675      -0.87727031156970137     
  0.68000000000000005      -0.80960537691231815     
  0.68333333333333335      -0.70781727221979684     
  0.68666666666666676      -0.90794785794908917     
  0.69000000000000006      -0.95939746844161022     
  0.69333333333333336       -1.1665617440199658     
  0.69666666666666666      -0.86999629810189805     
  0.70000000000000007       -1.1983843769284879     
  0.70333333333333337       -1.4892810758381609     
  0.70666666666666667       -1.0846770967238224     
  0.71000000000000008      -0.74554598304566388     
  0.71333333333333337      -0.67937030232174633     
  0.71666666666666667      -0.96328631955566979     
  0.72000000000000008      -0.78222855140608405     
  0.72333333333333338      -0.97450437516788246     
  0.72666666666666668       -1.0121358298379202     
  0.73000000000000009      -0.95877137500833642     
  0.73333333333333339       -1.3873848924053749     
  0.73666666666666669       -1.4436586214025358     
  0.74000000000000010       -1.1636264359459563     
  0.74333333333333340      -0.67521246638606591     
  0.74666666666666670      -0.89100365987847141     
  0.75000000000000000       -1.0110220024914474     
  0.75333333333333341      -0.65317917112607093     
  0.75666666666666671      -0.75557366676068394     
  0.76000000000000001      -0.75417991582042332     
  0.76333333333333342      -0.94448842008497458     
  0.76666666666666672       -1.2303266538060591     
  0.77000000000000002       -1.4542594591522700     
  0.77333333333333343       -1.3582261519703835     
  0.77666666666666673      -0.92482016608224515     
  0.78000000000000003       -1.2584967340464353     
  0.78333333333333344       -1.3558916152276193     
  0.78666666666666674      -0.90073812134103370     
  0.79000000000000004      -0.67209116254985535     
  0.79333333333333333      -0.53634071623212010     
  0.79666666666666675      -0.64705161191832916     
  0.80000000000000004      -0.63998191576937424     
  0.80333333333333334      -0.82214308189486840     
  0.80666666666666675      -0.97897290985435581     
  0.81000000000000005      -0.67564787528389680     
  0.81333333333333335       -1.0672660875514406     
  0.81666666666666676       -1.6148747389561997     
  0.82000000000000006       -1.5910865125034193     
  0.82333333333333336       -1.4434201682914081     
  0.82666666666666677       -1.3413832656418521     
  0.83000000000000007       -1.5697360742903128     
  0.83333333333333337       -1.4960878174747840     
  0.83666666666666667       -1.2583028470600597     
  0.84000000000000008       -1.3052202594895859     
  0.84333333333333338      -0.79432563989586447     
  0.84666666666666668      -0.38423111185282122     
  0.85000000000000009      -0.54270098484168994     
  0.85333333333333339      -0.49315123913362618     
  0.85666666666666669      -0.17296801873160206     
  0.86000000000000010       0.35899330717289424     
  0.86333333333333340       0.46495640908304869     
  0.86666666666666670       0.26395677802770900     
  0.87000000000000011       0.55858482099114759     
  0.87333333333333341       0.60491430426147530     
  0.87666666666666671       0.55534141529918968     
  0.88000000000000000       0.97003905276922675     
  0.88333333333333341        1.0629615412532980     
  0.88666666666666671       0.85006528473447873     
  0.89000000000000001       0.65796425112515478     
  0.89333333333333342       0.77253649460627893     
  0.89666666666666672        1.2435872987246481     
  0.90000000000000002        1.1208611548704230     
  0.90333333333333343       0.82532642955401281     
  0.90666666666666673        1.0181287722778429     
  0.91000000000000003       0.92041458398747689     
  0.91333333333333344       0.82450932784884867     
  0.91666666666666674        1.0960839716894197     
  0.92000000000000004        1.2036129266919993     
  0.92333333333333334        1.1184842519372591     
  0.92666666666666675       0.77684896799716396     
  0.93000000000000005       0.68973683015711740     
  0.93333333333333335        1.1955712607365212     
  0.93666666666666676        1.2186707397394012     
  0.94000000000000006       0.91890041922617138     
  0.94333333333333336        1.0421413003634667     
  0.94666666666666677       0.98193856884548303     
  0.95000000000000007       0.81574210178782824     
  0.95333333333333337       0.93237332689900043     
  0.95666666666666678        1.0977605980098188     
  0.96000000000000008        1.2909517688504379     
  0.96333333333333337        1.0655383291671967     
  0.96666666666666667       0.61392631110822538     
  0.97000000000000008       0.88581429523606425     
  0.97333333333333338        1.2071117756556571     
  0.97666666666666668        1.0143503484755856     
  0.98000000000000009        1.0463266493845447     
  0.98333333333333339        1.1182630018698760     
  0.98666666666666669       0.94282990322558136     
  0.99000000000000010       0.84645996850282634     
  0.99333333333333340       0.79906173145225634     
  0.99666666666666670        1.0659636534865840     
