   0.0000000000000000       -1.1536477559772835     
   3.3333333333333335E-003  -1.2635138091533169     
   6.6666666666666671E-003 -0.88229401130495533     
   1.0000000000000000E-002 -0.68420597156068619     
   1.3333333333333334E-002 -0.99583455833537182     
   1.6666666666666666E-002  -1.3381201809971510     
   2.0000000000000000E-002  -1.2261156333158740     
   2.3333333333333334E-002 -0.80655067144772563     
   2.6666666666666668E-002 -0.57582508686698652     
   3.0000000000000002E-002 -0.77870683746020108     
   3.3333333333333333E-002  -1.2231704158886987     
   3.6666666666666667E-002  -1.5433771508566481     
   4.0000000000000001E-002  -1.5146279106605955     
   4.3333333333333335E-002  -1.1523520384226120     
   4.6666666666666669E-002 -0.61858907583680089     
   5.0000000000000003E-002  -8.5520016641808833E-002
   5.3333333333333337E-002  0.34249621685098663     
   5.6666666666666671E-002  0.63661595209797250     
   6.0000000000000005E-002  0.81522539904433156     
   6.3333333333333339E-002  0.91296959649022280     
   6.6666666666666666E-002  0.96181542927972885     
   7.0000000000000007E-002  0.98432041002448267     
   7.3333333333333334E-002  0.99395016979057349     
   7.6666666666666675E-002  0.99779911036905011     
   8.0000000000000002E-002  0.99924284403141750     
   8.3333333333333343E-002  0.99975304001909859     
   8.6666666666666670E-002  0.99992345641004599     
   9.0000000000000011E-002  0.99997741055262002     
   9.3333333333333338E-002  0.99999364091696274     
   9.6666666666666679E-002  0.99999828970482774     
  0.10000000000000001       0.99999955989104183     
  0.10333333333333335       0.99999989150109547     
  0.10666666666666667       0.99999997434475607     
  0.11000000000000000       0.99999999417528351     
  0.11333333333333334       0.99999999872901202     
  0.11666666666666667       0.99999999973321674     
  0.12000000000000001       0.99999999994608924     
  0.12333333333333334       0.99999999998950451     
  0.12666666666666668       0.99999999999803002     
  0.13000000000000000       0.99999999999964329     
  0.13333333333333333       0.99999999999993772     
  0.13666666666666669       0.99999999999998956     
  0.14000000000000001       0.99999999999999822     
  0.14333333333333334       0.99999999999999978     
  0.14666666666666667        1.0000000000000000     
  0.15000000000000002        1.0000000000000000     
  0.15333333333333335        1.0000000000000000     
  0.15666666666666668        1.0000000000000000     
  0.16000000000000000        1.0000000000000000     
  0.16333333333333333        1.0000000000000000     
  0.16666666666666669        1.0000000000000000     
  0.17000000000000001        1.0000000000000000     
  0.17333333333333334        1.0000000000000000     
  0.17666666666666667        1.0000000000000000     
  0.18000000000000002        1.0000000000000000     
  0.18333333333333335        1.0000000000000000     
  0.18666666666666668        1.0000000000000000     
  0.19000000000000000        1.0000000000000000     
  0.19333333333333336        1.0000000000000000     
  0.19666666666666668        1.0000000000000000     
  0.20000000000000001        1.0000000000000000     
  0.20333333333333334        1.0000000000000000     
  0.20666666666666669        1.0000000000000000     
  0.21000000000000002        1.0000000000000000     
  0.21333333333333335        1.0000000000000000     
  0.21666666666666667        1.0000000000000000     
  0.22000000000000000        1.0000000000000000     
  0.22333333333333336        1.0000000000000000     
  0.22666666666666668        1.0000000000000000     
  0.23000000000000001        1.0000000000000000     
  0.23333333333333334        1.0000000000000000     
  0.23666666666666669        1.0000000000000000     
  0.24000000000000002        1.0000000000000000     
  0.24333333333333335        1.0000000000000000     
  0.24666666666666667        1.0000000000000000     
  0.25000000000000000        1.0000000000000000     
  0.25333333333333335        1.0000000000000000     
  0.25666666666666671        1.0000000000000000     
  0.26000000000000001        1.0000000000000000     
  0.26333333333333336        1.0000000000000000     
  0.26666666666666666        1.0000000000000000     
  0.27000000000000002        1.0000000000000000     
  0.27333333333333337        1.0000000000000000     
  0.27666666666666667        1.0000000000000000     
  0.28000000000000003        1.0000000000000000     
  0.28333333333333333        1.0000000000000000     
  0.28666666666666668        1.0000000000000000     
  0.29000000000000004        1.0000000000000000     
  0.29333333333333333        1.0000000000000000     
  0.29666666666666669        1.0000000000000000     
  0.30000000000000004        1.0000000000000000     
  0.30333333333333334        1.0000000000000000     
  0.30666666666666670        1.0000000000000000     
  0.31000000000000000        1.0000000000000000     
  0.31333333333333335        1.0000000000000000     
  0.31666666666666671        1.0000000000000000     
  0.32000000000000001        1.0000000000000000     
  0.32333333333333336        1.0000000000000000     
  0.32666666666666666        1.0000000000000000     
  0.33000000000000002        1.0000000000000000     
  0.33333333333333337        1.0000000000000000     
  0.33666666666666667        1.0000000000000000     
  0.34000000000000002        1.0000000000000000     
  0.34333333333333338        1.0000000000000000     
  0.34666666666666668        1.0000000000000000     
  0.35000000000000003        1.0000000000000000     
  0.35333333333333333        1.0000000000000000     
  0.35666666666666669       0.99999999999999989     
  0.36000000000000004        1.0000000000000011     
  0.36333333333333334       0.99999999999999256     
  0.36666666666666670        1.0000000000000440     
  0.37000000000000005       0.99999999999974987     
  0.37333333333333335        1.0000000000013631     
  0.37666666666666671       0.99999999999283751     
  0.38000000000000000        1.0000000000362528     
  0.38333333333333336       0.99999999982338006     
  0.38666666666666671        1.0000000008275842     
  0.39000000000000001       0.99999999627385561     
  0.39333333333333337        1.0000000161043836     
  0.39666666666666667       0.99999993326072256     
  0.40000000000000002        1.0000002648707764     
  0.40333333333333338       0.99999899468456277     
  0.40666666666666668        1.0000036434724269     
  0.41000000000000003       0.99998741310808414     
  0.41333333333333339        1.0000413672506587     
  0.41666666666666669       0.99987095085971112     
  0.42000000000000004        1.0003811468473920     
  0.42333333333333334       0.99893741318502460     
  0.42666666666666669        1.0027863537635009     
  0.43000000000000005       0.99315659399741008     
  0.43333333333333335        1.0156615747421649     
  0.43666666666666670       0.96681574195265940     
  0.44000000000000000        1.0645599393985496     
  0.44333333333333336       0.88595049245219071     
  0.44666666666666671        1.1800702276991759     
  0.45000000000000001       0.75205399420638108     
  0.45333333333333337        1.2851230534013731     
  0.45666666666666672       0.75136009081556276     
  0.46000000000000002        1.1136359630535462     
  0.46333333333333337        1.0848867228574923     
  0.46666666666666667       0.76467998788954394     
  0.47000000000000003        1.2091435663180403     
  0.47333333333333338        1.0062618157248262     
  0.47666666666666668       0.77553623114408776     
  0.48000000000000004        1.1951011930122364     
  0.48333333333333334        1.0830966453309590     
  0.48666666666666669       0.74081102266917997     
  0.49000000000000005        1.0524396094438651     
  0.49333333333333335        1.2505276491881347     
  0.49666666666666670       0.86930785133977362     
  0.50000000000000000       0.75944179816373969     
  0.50333333333333341        1.1536477559772835     
  0.50666666666666671        1.2635138091533169     
  0.51000000000000001       0.88229401130495533     
  0.51333333333333342       0.68420597156068619     
  0.51666666666666672       0.99583455833537182     
  0.52000000000000002        1.3381201809971510     
  0.52333333333333332        1.2261156333158740     
  0.52666666666666673       0.80655067144772563     
  0.53000000000000003       0.57582508686698652     
  0.53333333333333333       0.77870683746020108     
  0.53666666666666674        1.2231704158886987     
  0.54000000000000004        1.5433771508566481     
  0.54333333333333333        1.5146279106605955     
  0.54666666666666675        1.1523520384226120     
  0.55000000000000004       0.61858907583680089     
  0.55333333333333334        8.5520016641808833E-002
  0.55666666666666675      -0.34249621685098663     
  0.56000000000000005      -0.63661595209797250     
  0.56333333333333335      -0.81522539904433156     
  0.56666666666666665      -0.91296959649022280     
  0.57000000000000006      -0.96181542927972885     
  0.57333333333333336      -0.98432041002448267     
  0.57666666666666666      -0.99395016979057349     
  0.58000000000000007      -0.99779911036905011     
  0.58333333333333337      -0.99924284403141750     
  0.58666666666666667      -0.99975304001909859     
  0.59000000000000008      -0.99992345641004599     
  0.59333333333333338      -0.99997741055262002     
  0.59666666666666668      -0.99999364091696274     
  0.60000000000000009      -0.99999828970482774     
  0.60333333333333339      -0.99999955989104183     
  0.60666666666666669      -0.99999989150109547     
  0.60999999999999999      -0.99999997434475607     
  0.61333333333333340      -0.99999999417528351     
  0.61666666666666670      -0.99999999872901202     
  0.62000000000000000      -0.99999999973321674     
  0.62333333333333341      -0.99999999994608924     
  0.62666666666666671      -0.99999999998950451     
  0.63000000000000000      -0.99999999999803002     
  0.63333333333333341      -0.99999999999964329     
  0.63666666666666671      -0.99999999999993772     
  0.64000000000000001      -0.99999999999998956     
  0.64333333333333342      -0.99999999999999822     
  0.64666666666666672      -0.99999999999999978     
  0.65000000000000002       -1.0000000000000000     
  0.65333333333333332       -1.0000000000000000     
  0.65666666666666673       -1.0000000000000000     
  0.66000000000000003       -1.0000000000000000     
  0.66333333333333333       -1.0000000000000000     
  0.66666666666666674       -1.0000000000000000     
  0.67000000000000004       -1.0000000000000000     
  0.67333333333333334       -1.0000000000000000     
  0.67666666666666675       -1.0000000000000000     
  0.68000000000000005       -1.0000000000000000     
  0.68333333333333335       -1.0000000000000000     
  0.68666666666666676       -1.0000000000000000     
  0.69000000000000006       -1.0000000000000000     
  0.69333333333333336       -1.0000000000000000     
  0.69666666666666666       -1.0000000000000000     
  0.70000000000000007       -1.0000000000000000     
  0.70333333333333337       -1.0000000000000000     
  0.70666666666666667       -1.0000000000000000     
  0.71000000000000008       -1.0000000000000000     
  0.71333333333333337       -1.0000000000000000     
  0.71666666666666667       -1.0000000000000000     
  0.72000000000000008       -1.0000000000000000     
  0.72333333333333338       -1.0000000000000000     
  0.72666666666666668       -1.0000000000000000     
  0.73000000000000009       -1.0000000000000000     
  0.73333333333333339       -1.0000000000000000     
  0.73666666666666669       -1.0000000000000000     
  0.74000000000000010       -1.0000000000000000     
  0.74333333333333340       -1.0000000000000000     
  0.74666666666666670       -1.0000000000000000     
  0.75000000000000000       -1.0000000000000000     
  0.75333333333333341       -1.0000000000000000     
  0.75666666666666671       -1.0000000000000000     
  0.76000000000000001       -1.0000000000000000     
  0.76333333333333342       -1.0000000000000000     
  0.76666666666666672       -1.0000000000000000     
  0.77000000000000002       -1.0000000000000000     
  0.77333333333333343       -1.0000000000000000     
  0.77666666666666673       -1.0000000000000000     
  0.78000000000000003       -1.0000000000000000     
  0.78333333333333344       -1.0000000000000000     
  0.78666666666666674       -1.0000000000000000     
  0.79000000000000004       -1.0000000000000000     
  0.79333333333333333       -1.0000000000000000     
  0.79666666666666675       -1.0000000000000000     
  0.80000000000000004       -1.0000000000000000     
  0.80333333333333334       -1.0000000000000000     
  0.80666666666666675       -1.0000000000000000     
  0.81000000000000005       -1.0000000000000000     
  0.81333333333333335       -1.0000000000000000     
  0.81666666666666676       -1.0000000000000000     
  0.82000000000000006       -1.0000000000000000     
  0.82333333333333336       -1.0000000000000000     
  0.82666666666666677       -1.0000000000000000     
  0.83000000000000007       -1.0000000000000000     
  0.83333333333333337       -1.0000000000000000     
  0.83666666666666667       -1.0000000000000000     
  0.84000000000000008       -1.0000000000000000     
  0.84333333333333338       -1.0000000000000000     
  0.84666666666666668       -1.0000000000000000     
  0.85000000000000009       -1.0000000000000000     
  0.85333333333333339      -0.99999999999999989     
  0.85666666666666669       -1.0000000000000011     
  0.86000000000000010      -0.99999999999999256     
  0.86333333333333340       -1.0000000000000440     
  0.86666666666666670      -0.99999999999974987     
  0.87000000000000011       -1.0000000000013631     
  0.87333333333333341      -0.99999999999283751     
  0.87666666666666671       -1.0000000000362528     
  0.88000000000000000      -0.99999999982338006     
  0.88333333333333341       -1.0000000008275842     
  0.88666666666666671      -0.99999999627385561     
  0.89000000000000001       -1.0000000161043836     
  0.89333333333333342      -0.99999993326072256     
  0.89666666666666672       -1.0000002648707764     
  0.90000000000000002      -0.99999899468456277     
  0.90333333333333343       -1.0000036434724269     
  0.90666666666666673      -0.99998741310808414     
  0.91000000000000003       -1.0000413672506587     
  0.91333333333333344      -0.99987095085971112     
  0.91666666666666674       -1.0003811468473920     
  0.92000000000000004      -0.99893741318502460     
  0.92333333333333334       -1.0027863537635009     
  0.92666666666666675      -0.99315659399741008     
  0.93000000000000005       -1.0156615747421649     
  0.93333333333333335      -0.96681574195265940     
  0.93666666666666676       -1.0645599393985496     
  0.94000000000000006      -0.88595049245219071     
  0.94333333333333336       -1.1800702276991759     
  0.94666666666666677      -0.75205399420638108     
  0.95000000000000007       -1.2851230534013731     
  0.95333333333333337      -0.75136009081556276     
  0.95666666666666678       -1.1136359630535462     
  0.96000000000000008       -1.0848867228574923     
  0.96333333333333337      -0.76467998788954394     
  0.96666666666666667       -1.2091435663180403     
  0.97000000000000008       -1.0062618157248262     
  0.97333333333333338      -0.77553623114408776     
  0.97666666666666668       -1.1951011930122364     
  0.98000000000000009       -1.0830966453309590     
  0.98333333333333339      -0.74081102266917997     
  0.98666666666666669       -1.0524396094438651     
  0.99000000000000010       -1.2505276491881347     
  0.99333333333333340      -0.86930785133977362     
  0.99666666666666670      -0.75944179816373969     
