   0.0000000000000000       0.97530175671372499     
   3.3333333333333335E-003  0.73983683584793092     
   6.6666666666666671E-003  0.92086026374477714     
   1.0000000000000000E-002  0.60020225222217427     
   1.3333333333333334E-002  0.44598730438652801     
   1.6666666666666666E-002  0.74178668910810208     
   2.0000000000000000E-002  0.92229704866383033     
   2.3333333333333334E-002   1.1848185659450219     
   2.6666666666666668E-002   1.0543294695275680     
   3.0000000000000002E-002   1.3665613701422106     
   3.3333333333333333E-002   1.7184602229324797     
   3.6666666666666667E-002   1.5414962162943857     
   4.0000000000000001E-002   1.4667085497048764     
   4.3333333333333335E-002   1.2526967212864200     
   4.6666666666666669E-002   1.3360817865391241     
   5.0000000000000003E-002   1.1689482155577129     
   5.3333333333333337E-002  0.56565552801790120     
   5.6666666666666671E-002  0.45557879032605730     
   6.0000000000000005E-002  0.30218143851288992     
   6.3333333333333339E-002  0.14573091496458507     
   6.6666666666666666E-002 -0.14048406870106936     
   7.0000000000000007E-002 -0.59767404579301786     
   7.3333333333333334E-002 -0.44064709167252653     
   7.6666666666666675E-002 -0.45466841063953828     
   8.0000000000000002E-002 -0.75481743040676053     
   8.3333333333333343E-002 -0.85405480729483674     
   8.6666666666666670E-002 -0.99405710974322359     
   9.0000000000000011E-002 -0.77310921891900697     
   9.3333333333333338E-002 -0.74362564693272160     
   9.6666666666666679E-002  -1.1318846272192917     
  0.10000000000000001       -1.0530756741451963     
  0.10333333333333335      -0.93144567285118984     
  0.10666666666666667      -0.89696288807316138     
  0.11000000000000000      -0.87829412243753535     
  0.11333333333333334       -1.1985934343701963     
  0.11666666666666667       -1.1020797125091493     
  0.12000000000000001      -0.79081875044656957     
  0.12333333333333334      -0.95346633893015242     
  0.12666666666666668       -1.0392420465469840     
  0.13000000000000000       -1.1076713302288090     
  0.13333333333333333       -1.0985727136683447     
  0.13666666666666669      -0.77384648244647902     
  0.14000000000000001      -0.90988985174189607     
  0.14333333333333334       -1.2032092715380851     
  0.14666666666666667       -1.0485863363832715     
  0.15000000000000002      -0.97515430625067123     
  0.15333333333333335      -0.89270841688164260     
  0.15666666666666668      -0.86774475453085320     
  0.16000000000000000       -1.2039111614694284     
  0.16333333333333333       -1.1472760378235221     
  0.16666666666666669      -0.82255427998991981     
  0.17000000000000001      -0.91409954916189828     
  0.17333333333333334      -0.99625009741402226     
  0.17666666666666667       -1.0689605422606658     
  0.18000000000000002       -1.1953788184864471     
  0.18333333333333335      -0.89869201577575419     
  0.18666666666666668      -0.75770461820183621     
  0.19000000000000000       -1.0827791494879351     
  0.19333333333333336       -1.1319906757930471     
  0.19666666666666668       -1.0426581319486454     
  0.20000000000000001       -1.0225976312442906     
  0.20333333333333334      -0.80197378464929625     
  0.20666666666666669      -0.88881972445271651     
  0.21000000000000002       -1.2422698068270337     
  0.21333333333333335       -1.1114077767246446     
  0.21666666666666667      -0.88864963043091338     
  0.22000000000000000      -0.93279116749404700     
  0.22333333333333336      -0.88633276637288516     
  0.22666666666666668       -1.0204700278144088     
  0.23000000000000001       -1.2682923927641863     
  0.23333333333333334       -1.0195028909914521     
  0.23666666666666669      -0.76590657105450022     
  0.24000000000000002      -0.94679572870339124     
  0.24333333333333335       -1.0299148332914776     
  0.24666666666666667       -1.0642664022744341     
  0.25000000000000000       -1.1994847125402430     
  0.25333333333333335      -0.96767904023272611     
  0.25666666666666671      -0.71428445058051726     
  0.26000000000000001      -0.97086218397491419     
  0.26333333333333336       -1.1598459756077171     
  0.26666666666666666       -1.0642567543494930     
  0.27000000000000002       -1.0892070592293968     
  0.27333333333333337      -0.97562612001897875     
  0.27666666666666667      -0.72850569848771984     
  0.28000000000000003      -0.93422560413027267     
  0.28333333333333333       -1.2414647057821870     
  0.28666666666666668       -1.1064685680612407     
  0.29000000000000004      -0.97450385473610868     
  0.29333333333333333      -0.98239233357024069     
  0.29666666666666669      -0.81195540137559308     
  0.30000000000000004      -0.84951940479183452     
  0.30333333333333334       -1.2153720857219730     
  0.30666666666666670       -1.2264591126028137     
  0.31000000000000000      -0.93928942030766960     
  0.31333333333333335      -0.91425519768290953     
  0.31666666666666671      -0.91815894898297246     
  0.32000000000000001      -0.82072726355443570     
  0.32333333333333336       -1.0469000721441712     
  0.32666666666666666       -1.3099652919247060     
  0.33000000000000002       -1.0900929351395399     
  0.33333333333333337      -0.83842704512891064     
  0.33666666666666667      -0.91016843875523101     
  0.34000000000000002      -0.90351522005858442     
  0.34333333333333338      -0.87582568790762061     
  0.34666666666666668       -1.1621346638773709     
  0.35000000000000003       -1.3067623004444369     
  0.35333333333333333      -0.99911378600083267     
  0.35666666666666669      -0.81006972299818325     
  0.36000000000000004      -0.91714636524978144     
  0.36333333333333334      -0.89311590272564700     
  0.36666666666666670      -0.89125309087530979     
  0.37000000000000005       -1.1944548469255787     
  0.37333333333333335       -1.3131471914047197     
  0.37666666666666671       -1.0025463131335048     
  0.38000000000000000      -0.82202004762927716     
  0.38333333333333336      -0.91655409697595058     
  0.38666666666666671      -0.86602551179034726     
  0.39000000000000001      -0.83675921012118182     
  0.39333333333333337       -1.1373424282765829     
  0.39666666666666667       -1.3489346998364364     
  0.40000000000000002       -1.0985519494780678     
  0.40333333333333338      -0.90280758328544797     
  0.40666666666666668      -0.92765134462277499     
  0.41000000000000003      -0.88038246777524876     
  0.41333333333333339      -0.69228527729984235     
  0.41666666666666669      -0.97472266197616630     
  0.42000000000000004       -1.2441998709262316     
  0.42333333333333334       -1.2974758737622119     
  0.42666666666666669      -0.98034957357412345     
  0.43000000000000005       -1.1495681275882716     
  0.43333333333333335      -0.91547721231661550     
  0.43666666666666670      -0.82170320502959981     
  0.44000000000000000      -0.52719943021109905     
  0.44333333333333336       -1.0911311055242743     
  0.44666666666666671       -1.0361807180203599     
  0.45000000000000001       -1.2174256804280241     
  0.45333333333333337       -1.0711186004974560     
  0.45666666666666672       -1.4071298589072749     
  0.46000000000000002       -1.1061193064114401     
  0.46333333333333337      -0.77349954196600035     
  0.46666666666666667      -0.73873089708232109     
  0.47000000000000003      -0.77724328901922224     
  0.47333333333333338      -0.90312898466743485     
  0.47666666666666668      -0.66160396188294046     
  0.48000000000000004       -1.1441779595048607     
  0.48333333333333334       -1.3187023091970016     
  0.48666666666666669       -1.3702924894430608     
  0.49000000000000005       -1.1829696255033135     
  0.49333333333333335       -1.1220285452154402     
  0.49666666666666670       -1.2739170813000098     
  0.50000000000000000      -0.77117235556614228     
  0.50333333333333341      -0.62076437932002926     
  0.50666666666666671      -0.56360473584882786     
  0.51000000000000001      -0.74661467589159081     
  0.51333333333333342      -0.79045099275804076     
  0.51666666666666672      -0.62267509180213676     
  0.52000000000000002       -1.1173274514914504     
  0.52333333333333332       -1.3503627692989078     
  0.52666666666666673       -1.4593953272599698     
  0.53000000000000003       -1.4300814980856791     
  0.53333333333333333       -1.4173882748080129     
  0.53666666666666674       -1.7415099460995564     
  0.54000000000000004       -1.4129010747652075     
  0.54333333333333333       -1.0828842626691713     
  0.54666666666666675      -0.96966329925187222     
  0.55000000000000004      -0.78709263610939340     
  0.55333333333333334      -0.69416582798609605     
  0.55666666666666675      -0.12447745185684991     
  0.56000000000000005       0.12856287242051845     
  0.56333333333333335        1.9516198859833050E-002
  0.56666666666666665       0.29613001940653655     
  0.57000000000000006       0.49222031482969925     
  0.57333333333333336       0.76934365531739868     
  0.57666666666666666       0.78293341255167870     
  0.58000000000000007       0.54626100591014681     
  0.58333333333333337       0.88091735793812143     
  0.58666666666666667        1.0488493006827861     
  0.59000000000000008       0.93925553515191529     
  0.59333333333333338       0.91644060397672777     
  0.59666666666666668       0.78805659677398576     
  0.60000000000000009        1.0589843421181167     
  0.60333333333333339        1.2060067920682926     
  0.60666666666666669       0.86037442434658928     
  0.60999999999999999       0.88285340130939804     
  0.61333333333333340        1.0008180592315634     
  0.61666666666666670        1.0672374096745236     
  0.62000000000000000        1.1653031831451017     
  0.62333333333333341       0.84999309211328877     
  0.62666666666666671       0.81592222320430674     
  0.63000000000000000        1.1611620858932310     
  0.63333333333333341        1.0932911902879496     
  0.63666666666666671       0.99314745736822241     
  0.64000000000000001       0.92297432460441708     
  0.64333333333333342       0.83117774143546086     
  0.64666666666666672        1.1484840146148552     
  0.65000000000000002        1.1967854521377939     
  0.65333333333333332       0.85060886068942287     
  0.65666666666666673       0.89131053511517988     
  0.66000000000000003       0.99699223945002746     
  0.66333333333333333        1.0524300268911555     
  0.66666666666666674        1.1923914353111817     
  0.67000000000000004       0.92529895531470208     
  0.67333333333333334       0.75006125742843244     
  0.67666666666666675        1.0773682523548351     
  0.68000000000000005        1.1456285260273471     
  0.68333333333333335        1.0272094367084423     
  0.68666666666666676        1.0052045695942571     
  0.69000000000000006       0.81377991216225176     
  0.69333333333333336       0.91359028113029950     
  0.69666666666666666        1.2546769805433198     
  0.70000000000000007        1.0864602970559210     
  0.70333333333333337       0.85170821004306296     
  0.70666666666666667       0.93295909022377488     
  0.71000000000000008       0.93018715450904987     
  0.71333333333333337        1.0669754308268828     
  0.71666666666666667        1.2432170917957759     
  0.72000000000000008       0.93825079640658116     
  0.72333333333333338       0.75021043406732302     
  0.72666666666666668        1.0105428384081143     
  0.73000000000000009        1.0892520814480908     
  0.73333333333333339        1.0773692449784060     
  0.73666666666666669        1.1254358162929334     
  0.74000000000000010       0.86411373129219460     
  0.74333333333333340       0.75054490396561069     
  0.74666666666666670        1.1039053142435140     
  0.75000000000000000        1.1994847125402446     
  0.75333333333333341        1.0073179522018068     
  0.75666666666666671       0.99365437990638394     
  0.76000000000000001       0.88818018656371744     
  0.76333333333333342       0.80031673036928375     
  0.76666666666666672        1.1221231083364465     
  0.77000000000000002        1.2682473705454935     
  0.77333333333333343       0.96569893061268486     
  0.77666666666666673       0.86462803079328376     
  0.78000000000000003       0.93968523304280682     
  0.78333333333333344       0.88689724441732276     
  0.78666666666666674        1.0620362221634760     
  0.79000000000000004        1.2865865070540947     
  0.79333333333333333        1.0265316993413003     
  0.79666666666666675       0.76222097598182781     
  0.80000000000000004       0.91338207060346277     
  0.80333333333333334        1.0033532371273013     
  0.80666666666666675        1.0080587179400660     
  0.81000000000000005        1.2082886576333505     
  0.81333333333333335        1.1617551490753302     
  0.81666666666666676       0.78964152805028198     
  0.82000000000000006       0.77097697109533514     
  0.82333333333333336        1.0384923620500028     
  0.82666666666666677        1.0637764519391171     
  0.83000000000000007        1.0788935289867365     
  0.83333333333333337        1.2082642004501740     
  0.83666666666666667        1.0050144496875952     
  0.84000000000000008       0.69659629803918433     
  0.84333333333333338       0.85225990732329582     
  0.84666666666666668        1.1200351076851487     
  0.85000000000000009        1.0851311545573130     
  0.85333333333333339        1.0990114642324162     
  0.85666666666666669        1.1821012531008084     
  0.86000000000000010       0.93023083811229923     
  0.86333333333333340       0.67381492780390628     
  0.86666666666666670       0.88597156749491457     
  0.87000000000000011        1.1409640912611598     
  0.87333333333333341        1.0898273680620361     
  0.87666666666666671        1.1060195599503688     
  0.88000000000000000        1.1965044803278069     
  0.88333333333333341       0.95139639981057855     
  0.88666666666666671       0.66825013665171362     
  0.89000000000000001       0.83219993124932068     
  0.89333333333333342        1.1007539645500068     
  0.89666666666666672        1.0743735806193297     
  0.90000000000000002        1.1044606174509874     
  0.90333333333333343        1.2466356137307526     
  0.90666666666666673        1.1004663016667757     
  0.91000000000000003       0.71423615154234188     
  0.91333333333333344       0.74707746823940635     
  0.91666666666666674       0.94786011133288173     
  0.92000000000000004        1.0356434464296163     
  0.92333333333333334       0.96921087185007160     
  0.92666666666666675        1.3090461372189941     
  0.93000000000000005        1.2550218585515889     
  0.93333333333333335        1.0711231630220812     
  0.93666666666666676       0.65645609120518467     
  0.94000000000000006       0.95794374114450920     
  0.94333333333333336       0.76002976705506931     
  0.94666666666666677       0.90767041805216619     
  0.95000000000000007       0.83557010097970386     
  0.95333333333333337        1.4375370877847045     
  0.95666666666666678        1.2373174002900247     
  0.96000000000000008        1.1599267813511080     
  0.96333333333333337       0.97351327177116787     
  0.96666666666666667        1.0398028452067887     
  0.97000000000000008       0.84076341696268919     
  0.97333333333333338       0.49806312693503152     
  0.97666666666666668       0.82714816523682300     
  0.98000000000000009       0.94914755667723738     
  0.98333333333333339        1.1995907118910374     
  0.98666666666666669        1.0258288010715471     
  0.99000000000000010        1.3293820491727282     
  0.99333333333333340        1.4792840731113877     
  0.99666666666666670        1.1548446247721091     
