   0.0000000000000000        1.3388349486177138     
   3.3333333333333335E-003   1.2400056271938404     
   6.6666666666666671E-003  0.76574730871488739     
   1.0000000000000000E-002  0.76991530371375683     
   1.3333333333333334E-002  0.94895700294379104     
   1.6666666666666666E-002   1.1092616755040672     
   2.0000000000000000E-002   1.1770102832357869     
   2.3333333333333334E-002  0.97375380717942817     
   2.6666666666666668E-002   1.0018478872467991     
   3.0000000000000002E-002   1.1107631433340424     
   3.3333333333333333E-002  0.74998255938514480     
   3.6666666666666667E-002  0.71594479066508210     
   4.0000000000000001E-002   1.2463118377379510     
   4.3333333333333335E-002   1.3146101026315591     
   4.6666666666666669E-002   1.0044990159189942     
   5.0000000000000003E-002  0.87452725030714218     
   5.3333333333333337E-002  0.81847386370462505     
   5.6666666666666671E-002  0.94763848086068503     
   6.0000000000000005E-002   1.0989525530937421     
   6.3333333333333339E-002  0.94177787746652752     
   6.6666666666666666E-002   1.0623816941484843     
   7.0000000000000007E-002   1.3394585310040494     
   7.3333333333333334E-002  0.98713187346832043     
   7.6666666666666675E-002  0.57435386504709329     
   8.0000000000000002E-002  0.86953929205686642     
   8.3333333333333343E-002   1.1192214527325361     
   8.6666666666666670E-002   1.1668340435260469     
   9.0000000000000011E-002   1.1177917053621367     
   9.3333333333333338E-002   1.0200685562007950     
   9.6666666666666679E-002  0.89498893432767601     
  0.10000000000000001        1.1078684886689945     
  0.10333333333333335       0.76432947055505396     
  0.10666666666666667       0.73626306573717204     
  0.11000000000000000        1.0799585667521567     
  0.11333333333333334        1.5161852882093683     
  0.11666666666666667       0.96708914204566976     
  0.12000000000000001       0.97407385086867659     
  0.12333333333333334       0.79078324254139165     
  0.12666666666666668       0.97356379861647280     
  0.13000000000000000       0.86037610541829113     
  0.13333333333333333        1.0873689823730419     
  0.13666666666666669       0.85072894513132336     
  0.14000000000000001        1.2602164269531111     
  0.14333333333333334        1.3865191156588572     
  0.14666666666666667       0.92473858177635926     
  0.15000000000000002       0.62575094684683286     
  0.15333333333333335       0.81540628005414129     
  0.15666666666666668        1.1193113559677650     
  0.16000000000000000       0.89320914710800581     
  0.16333333333333333        1.1636388776560558     
  0.16666666666666669        1.0509863705845250     
  0.17000000000000001        1.1626575032716870     
  0.17333333333333334        1.2002217881807231     
  0.17666666666666667       0.94987110640750116     
  0.18000000000000002       0.58031962551583727     
  0.18333333333333335       0.66136234038065489     
  0.18666666666666668        1.2871220094384632     
  0.19000000000000000        1.0643605626283865     
  0.19333333333333336        1.0365077010241872     
  0.19666666666666668        1.1368263617629122     
  0.20000000000000001        1.1775962239663731     
  0.20333333333333334        1.1000559386194568     
  0.20666666666666669       0.88457735167758100     
  0.21000000000000002       0.79228243946952837     
  0.21333333333333335       0.51645750492440246     
  0.21666666666666667        1.0311869530636253     
  0.22000000000000000        1.3442082128796251     
  0.22333333333333336        1.0370738023168253     
  0.22666666666666668        1.0337629738028620     
  0.23000000000000001        1.1755801419128342     
  0.23333333333333334        1.3087082127515717     
  0.23666666666666669       0.91081884588847406     
  0.24000000000000002       0.76287491120862638     
  0.24333333333333335       0.74546691713553337     
  0.24666666666666667       0.59635137897404711     
  0.25000000000000000        1.0903514691980001     
  0.25333333333333335        1.2379020578565845     
  0.25666666666666671        1.0303845194292935     
  0.26000000000000001        1.0189310194482215     
  0.26333333333333336        1.2852471948732243     
  0.26666666666666666        1.4836400372650604     
  0.27000000000000002       0.94126152760181170     
  0.27333333333333337       0.74539185473673231     
  0.27666666666666667       0.79739757716267590     
  0.28000000000000003       0.61545683275497853     
  0.28333333333333333       0.87324621420704029     
  0.28666666666666668       0.98495905560712449     
  0.29000000000000004       0.89307881344622297     
  0.29333333333333333       0.89504268033953938     
  0.29666666666666669        1.2042584961236296     
  0.30000000000000004        1.6876333244002963     
  0.30333333333333334        1.3235048055222547     
  0.30666666666666670       0.97491235404966581     
  0.31000000000000000        1.1324535029134801     
  0.31333333333333335       0.95905606119287889     
  0.31666666666666671       0.86875836284419150     
  0.32000000000000001       0.79449682321889126     
  0.32333333333333336       0.60218164647409955     
  0.32666666666666666       0.47481122191960407     
  0.33000000000000002       0.46549437832840634     
  0.33333333333333337        1.0283386498028935     
  0.33666666666666667        1.2390920740552227     
  0.34000000000000002       0.86680077818234058     
  0.34333333333333338        1.1143114163619710     
  0.34666666666666668        1.4809788954159071     
  0.35000000000000003        1.5785393155141516     
  0.35333333333333333        1.6524708734965239     
  0.35666666666666669        1.5362121933041544     
  0.36000000000000004        1.4512847071825614     
  0.36333333333333334        1.1776249420974798     
  0.36666666666666670        1.0344926967424417     
  0.37000000000000005        1.3347458456484083     
  0.37333333333333335       0.95295631649771628     
  0.37666666666666671       0.26621878848826203     
  0.38000000000000000       0.21713776642421043     
  0.38333333333333336       0.20175728579648589     
  0.38666666666666671        7.6810357331962370E-002
  0.39000000000000001      -0.13970797489244413     
  0.39333333333333337      -0.40849685412362480     
  0.39666666666666667      -0.46816437422431467     
  0.40000000000000002      -0.76710525584574230     
  0.40333333333333338      -0.86342838761418428     
  0.40666666666666668      -0.42756422667322358     
  0.41000000000000003      -0.60492614900155728     
  0.41333333333333339       -1.1109203508119989     
  0.41666666666666669       -1.0798665293122887     
  0.42000000000000004      -0.92819156768117539     
  0.42333333333333334      -0.80918248012207938     
  0.42666666666666669      -0.85918306014927270     
  0.43000000000000005       -1.0261422654594461     
  0.43333333333333335      -0.91845538454379594     
  0.43666666666666670       -1.0775884211959781     
  0.44000000000000000       -1.2915023861358397     
  0.44333333333333336      -0.82764617501787963     
  0.44666666666666671      -0.63833246709509095     
  0.45000000000000001       -1.0551575510104012     
  0.45333333333333337       -1.2087835522479533     
  0.45666666666666672       -1.1312473341646532     
  0.46000000000000002      -0.95733003230156322     
  0.46333333333333337      -0.83951486299899158     
  0.46666666666666667       -1.0136482024786349     
  0.47000000000000003      -0.94583790385378819     
  0.47333333333333338      -0.87766791126141153     
  0.47666666666666668       -1.2902783091842069     
  0.48000000000000004       -1.2391491838322479     
  0.48333333333333334      -0.72291312973258592     
  0.48666666666666669      -0.75039714418502446     
  0.49000000000000005       -1.0248599882672622     
  0.49333333333333335       -1.1489147866101630     
  0.49666666666666670       -1.1669870652626377     
  0.50000000000000000      -0.95480400600811210     
  0.50333333333333341      -0.93716345971280324     
  0.50666666666666671       -1.0579517252990087     
  0.51000000000000001      -0.78214813295966801     
  0.51333333333333342      -0.81609907479401067     
  0.51666666666666672       -1.3348436773658385     
  0.52000000000000002       -1.2740612057155976     
  0.52333333333333332      -0.85755932360391496     
  0.52666666666666673      -0.80186827999914601     
  0.53000000000000003      -0.87573537633220522     
  0.53333333333333333       -1.0343257860518060     
  0.53666666666666674       -1.1441214529526516     
  0.54000000000000004      -0.98722638036805943     
  0.54333333333333333       -1.0772148849385774     
  0.54666666666666675       -1.2101497861297696     
  0.55000000000000004      -0.77988689847293546     
  0.55333333333333334      -0.60801346966486824     
  0.55666666666666675       -1.0959844599967703     
  0.56000000000000005       -1.2835932671925168     
  0.56333333333333335       -1.1080575877649508     
  0.56666666666666665       -1.0072082454513720     
  0.57000000000000006      -0.88743374069549008     
  0.57333333333333336      -0.89842688538407911     
  0.57666666666666666       -1.0128404165557396     
  0.58000000000000007      -0.83045472185380409     
  0.58333333333333337      -0.95787609772576177     
  0.58666666666666667       -1.3870305907024143     
  0.59000000000000008       -1.2577674396044787     
  0.59333333333333338      -0.69977727821025859     
  0.59666666666666668      -0.79787487608019170     
  0.60000000000000009      -0.93096807736785769     
  0.60333333333333339       -1.0417024579634524     
  0.60666666666666669       -1.0267046982188477     
  0.60999999999999999       -1.1523594504766572     
  0.61333333333333340      -0.97773815251896956     
  0.61666666666666670       -1.2999127934574228     
  0.62000000000000000      -0.89578646301169751     
  0.62333333333333341      -0.65499057176987285     
  0.62666666666666671      -0.67310567455045844     
  0.63000000000000000       -1.3714877295230874     
  0.63333333333333341       -1.0772452224053100     
  0.63666666666666671       -1.1085289447980582     
  0.64000000000000001       -1.0242578909133495     
  0.64333333333333342       -1.0768119073293501     
  0.64666666666666672      -0.91103991216547231     
  0.65000000000000002      -0.88188686197318211     
  0.65333333333333332      -0.73797762192945116     
  0.65666666666666673      -0.79472929314391738     
  0.66000000000000003       -1.4513760838381673     
  0.66333333333333333       -1.2636201189088765     
  0.66666666666666674      -0.98710276685279574     
  0.67000000000000004      -0.83952352184977830     
  0.67333333333333334       -1.1152910953212420     
  0.67666666666666675      -0.85779833075312850     
  0.68000000000000005      -0.74658990483433263     
  0.68333333333333335      -0.92570273811546255     
  0.68666666666666676      -0.90441132319047557     
  0.69000000000000006       -1.3272841505235307     
  0.69333333333333336       -1.3536602623638505     
  0.69666666666666666       -1.0992839287925558     
  0.70000000000000007      -0.69468947661383051     
  0.70333333333333337      -0.94400728157568814     
  0.70666666666666667       -1.0997951634898793     
  0.71000000000000008      -0.65359537377388499     
  0.71333333333333337      -0.80993815448608864     
  0.71666666666666667       -1.0033711289280092     
  0.72000000000000008       -1.2539954406201030     
  0.72333333333333338       -1.3059588267580671     
  0.72666666666666668       -1.2302646697603432     
  0.73000000000000009      -0.99798117487813764     
  0.73333333333333339      -0.67281381787311012     
  0.73666666666666669       -1.0697532284966831     
  0.74000000000000010      -0.96702771921504127     
  0.74333333333333340      -0.58158112586822686     
  0.74666666666666670      -0.74037512962383056     
  0.75000000000000000       -1.0903514691979974     
  0.75333333333333341       -1.3819258085063670     
  0.75666666666666671       -1.1942703106965986     
  0.76000000000000001       -1.2230838274546358     
  0.76333333333333342       -1.1263128122650150     
  0.76666666666666672      -0.84774564238659911     
  0.77000000000000002       -1.1188604946365117     
  0.77333333333333343      -0.94189355069420921     
  0.77666666666666673      -0.52851255272143782     
  0.78000000000000003      -0.52524406049545846     
  0.78333333333333344      -0.90106203834266263     
  0.78666666666666674       -1.2784397051688048     
  0.79000000000000004       -1.0317658791418709     
  0.79333333333333333       -1.1102604921518404     
  0.79666666666666675       -1.3603071531674003     
  0.80000000000000004       -1.2047265770477555     
  0.80333333333333334       -1.3610472384926162     
  0.80666666666666675       -1.2920649153893282     
  0.81000000000000005      -0.86952991501833143     
  0.81333333333333335      -0.57634537494489146     
  0.81666666666666676      -0.60441796510938750     
  0.82000000000000006      -0.96076710253738540     
  0.82333333333333336      -0.69425442212846522     
  0.82666666666666677      -0.38988052906012372     
  0.83000000000000007      -0.78862835975031398     
  0.83333333333333337      -0.96445504607116217     
  0.83666666666666667       -1.1391108328024080     
  0.84000000000000008       -1.4249677149125017     
  0.84333333333333338       -1.4388934791858166     
  0.84666666666666668       -1.4035502372912185     
  0.85000000000000009       -1.3224034003878047     
  0.85333333333333339       -1.6387722038856418     
  0.85666666666666669       -1.8459194016336655     
  0.86000000000000010       -1.2153261711427974     
  0.86333333333333340      -0.91982494243075008     
  0.86666666666666670       -1.0243689367747109     
  0.87000000000000011      -0.82363422154361066     
  0.87333333333333341      -0.65249819243170482     
  0.87666666666666671      -0.40201145925978277     
  0.88000000000000000      -0.13885037856723029     
  0.88333333333333341       0.13106636561526677     
  0.88666666666666671       0.46163677835843753     
  0.89000000000000001       0.21210885861694873     
  0.89333333333333342       0.11805522164195005     
  0.89666666666666672       0.74553736163271278     
  0.90000000000000002       0.94400566714687595     
  0.90333333333333343       0.76631432936670396     
  0.90666666666666673       0.74785550466375794     
  0.91000000000000003       0.74490188324389695     
  0.91333333333333344       0.89072380363563264     
  0.91666666666666674       0.91852117430551095     
  0.92000000000000004       0.96727613788424249     
  0.92333333333333334        1.2476690316307286     
  0.92666666666666675       0.94788804823351080     
  0.93000000000000005       0.57411747515088829     
  0.93333333333333335       0.97362883324091232     
  0.93666666666666676        1.2438681314944087     
  0.94000000000000006        1.1068616720370696     
  0.94333333333333336       0.97599215415396745     
  0.94666666666666677       0.84879286113485231     
  0.95000000000000007       0.96051719917619771     
  0.95333333333333337        1.0031327820371789     
  0.95666666666666678       0.89385211647167018     
  0.96000000000000008        1.2164154896714550     
  0.96333333333333337        1.2676915252865697     
  0.96666666666666667       0.72930497581197518     
  0.97000000000000008       0.71081013685195393     
  0.97333333333333338        1.0776475185090637     
  0.97666666666666668        1.1740838256086958     
  0.98000000000000009        1.1420982613524364     
  0.98333333333333339       0.94849513159436172     
  0.98666666666666669       0.88325507233480238     
  0.99000000000000010        1.0370928175131748     
  0.99333333333333340       0.85671037002604022     
  0.99666666666666670       0.86414489778160009     
