   0.0000000000000000       0.92915640302910341     
   3.3333333333333335E-003  0.82339870724253095     
   6.6666666666666671E-003  0.87616984076596871     
   1.0000000000000000E-002  0.99934681799306269     
   1.3333333333333334E-002   1.3740705404130724     
   1.6666666666666666E-002   1.2477519158816555     
   2.0000000000000000E-002  0.79315079302862668     
   2.3333333333333334E-002  0.90233119806439110     
   2.6666666666666668E-002  0.95144221763196257     
   3.0000000000000002E-002  0.81613462989731356     
   3.3333333333333333E-002  0.90199654681870134     
   3.6666666666666667E-002   1.0070184674604694     
   4.0000000000000001E-002   1.3072562037138205     
   4.3333333333333335E-002   1.3583048772630728     
   4.6666666666666669E-002  0.86536992602269247     
   5.0000000000000003E-002  0.80574625563749602     
   5.3333333333333337E-002  0.99071949310496010     
   5.6666666666666671E-002  0.82095005625063888     
   6.0000000000000005E-002  0.81455873677770529     
   6.3333333333333339E-002  0.95222056680452938     
   6.6666666666666666E-002   1.1553800677075405     
   7.0000000000000007E-002   1.4363426578993361     
   7.3333333333333334E-002   1.1647388822800968     
   7.6666666666666675E-002  0.80378197342243751     
   8.0000000000000002E-002  0.98600962751915944     
   8.3333333333333343E-002  0.95316154471760017     
   8.6666666666666670E-002  0.69970561751929150     
   9.0000000000000011E-002  0.76141835313963802     
   9.3333333333333338E-002  0.90264534657629270     
   9.6666666666666679E-002   1.1999277723466915     
  0.10000000000000001        1.4291701480600905     
  0.10333333333333335        1.1154130419725117     
  0.10666666666666667       0.98786813736302526     
  0.11000000000000000        1.2202707412385052     
  0.11333333333333334        1.0050959669379274     
  0.11666666666666667       0.66901201956889722     
  0.12000000000000001       0.64590025687231356     
  0.12333333333333334       0.69066839779785028     
  0.12666666666666668       0.96957217311576671     
  0.13000000000000000        1.2058849053526872     
  0.13333333333333333        1.0122832879940704     
  0.13666666666666669        1.1098919270407512     
  0.14000000000000001        1.5155421925995696     
  0.14333333333333334        1.3948820625623135     
  0.14666666666666667        1.0605703509291784     
  0.15000000000000002       0.92652378495980348     
  0.15333333333333335       0.75537596535502827     
  0.15666666666666668       0.76227827458750852     
  0.16000000000000000       0.81612007432875733     
  0.16333333333333333       0.49276067508670218     
  0.16666666666666669       0.44973868766018327     
  0.17000000000000001       0.95543046220963157     
  0.17333333333333334        1.1696941019037443     
  0.17666666666666667        1.1203335491439623     
  0.18000000000000002        1.2802445168385739     
  0.18333333333333335        1.3941896890899939     
  0.18666666666666668        1.5315890348436785     
  0.19000000000000000        1.7703045150589971     
  0.19333333333333336        1.5358674737842766     
  0.19666666666666668        1.0962945398684747     
  0.20000000000000001        1.1619499064676639     
  0.20333333333333334        1.2138757208404050     
  0.20666666666666669       0.81893378789679527     
  0.21000000000000002       0.48974048412013244     
  0.21333333333333335       0.25548148579660623     
  0.21666666666666667       -2.4891553326382085E-002
  0.22000000000000000       -7.9664820647836962E-003
  0.22333333333333336       -2.5967966500044418E-002
  0.22666666666666668      -0.51731050458865169     
  0.23000000000000001      -0.81204952114047413     
  0.23333333333333334      -0.59444095869205638     
  0.23666666666666669      -0.58031716399652089     
  0.24000000000000002      -0.78358506340864020     
  0.24333333333333335      -0.85850168293062068     
  0.24666666666666667      -0.98192607204739157     
  0.25000000000000000       -1.1075334322740451     
  0.25333333333333335      -0.79795959867819888     
  0.25666666666666671      -0.72624537664264810     
  0.26000000000000001       -1.0528504617559997     
  0.26333333333333336       -1.2543618651654120     
  0.26666666666666666      -0.90961654325726415     
  0.27000000000000002      -0.95167045430106312     
  0.27333333333333337      -0.87782831917903681     
  0.27666666666666667      -0.98653583386110477     
  0.28000000000000003      -0.98748056028596876     
  0.28333333333333333       -1.3509647481824238     
  0.28666666666666668      -0.83235638233053266     
  0.29000000000000004      -0.82422869465674442     
  0.29333333333333333      -0.87459627080107605     
  0.29666666666666669       -1.3019188250676237     
  0.30000000000000004      -0.95472708396216999     
  0.30333333333333334       -1.0734165920189978     
  0.30666666666666670      -0.93735666039470145     
  0.31000000000000000      -0.82730423502921557     
  0.31333333333333335      -0.93838073491732266     
  0.31666666666666671       -1.2122216014068781     
  0.32000000000000001       -1.2499441240610258     
  0.32333333333333336      -0.71370902100339151     
  0.32666666666666666      -0.92153984209400008     
  0.33000000000000002      -0.96461196187330800     
  0.33333333333333337       -1.0928732765865179     
  0.33666666666666667       -1.0481194301881298     
  0.34000000000000002       -1.1431409854929633     
  0.34333333333333338      -0.99552593090889963     
  0.34666666666666668      -0.62188718042812985     
  0.35000000000000003       -1.0460186109864624     
  0.35333333333333333       -1.1910880971166631     
  0.35666666666666669       -1.1597576435143988     
  0.36000000000000004      -0.90142118910295765     
  0.36333333333333334      -0.91560252029312239     
  0.36666666666666670      -0.99509218189234305     
  0.37000000000000005      -0.77361727632282340     
  0.37333333333333335       -1.1753676742486028     
  0.37666666666666671       -1.2560572212871426     
  0.38000000000000000       -1.0135606488820257     
  0.38333333333333336      -0.76988207479743798     
  0.38666666666666671      -0.80730974116452769     
  0.39000000000000001       -1.1744064392871740     
  0.39333333333333337      -0.98615413377492933     
  0.39666666666666667       -1.0842507028537736     
  0.40000000000000002       -1.2009488212106585     
  0.40333333333333338      -0.88302732858423327     
  0.40666666666666668      -0.77202805514656114     
  0.41000000000000003      -0.82463862286073975     
  0.41333333333333339       -1.2477981143723635     
  0.41666666666666669       -1.2204204238340906     
  0.42000000000000004      -0.88976676360641316     
  0.42333333333333334       -1.0550584746758052     
  0.42666666666666669      -0.91883799059623128     
  0.43000000000000005      -0.79629310276754195     
  0.43333333333333335      -0.92874197917872392     
  0.43666666666666670       -1.1482376981950286     
  0.44000000000000000       -1.3599205439061950     
  0.44333333333333336      -0.93033509219524824     
  0.44666666666666671      -0.75584458029562918     
  0.45000000000000001       -1.0083667351457914     
  0.45333333333333337      -0.89153829037613641     
  0.45666666666666672      -0.95385276643284433     
  0.46000000000000002       -1.1155261560748739     
  0.46333333333333337       -1.2337993760760990     
  0.46666666666666667       -1.1836300654219991     
  0.47000000000000003      -0.69385216993163734     
  0.47333333333333338      -0.74962734649754670     
  0.47666666666666668       -1.0896219835746002     
  0.48000000000000004      -0.98002652144542313     
  0.48333333333333334       -1.0587647981681088     
  0.48666666666666669       -1.1713048845216347     
  0.49000000000000005       -1.1620911570936117     
  0.49333333333333335       -1.0333797946787577     
  0.49666666666666670      -0.62165852487861983     
  0.50000000000000000      -0.77419010499264818     
  0.50333333333333341       -1.1847895468546170     
  0.50666666666666671       -1.0528777163104399     
  0.51000000000000001       -1.0653713730961083     
  0.51333333333333342       -1.1844262738281377     
  0.51666666666666672       -1.1005115715362688     
  0.52000000000000002      -0.98087468754709328     
  0.52333333333333332      -0.64750145572718143     
  0.52666666666666673      -0.71712318372527761     
  0.53000000000000003       -1.1994959182534650     
  0.53333333333333333       -1.1313808410970216     
  0.53666666666666674       -1.0204051099385980     
  0.54000000000000004       -1.2043617571821783     
  0.54333333333333333       -1.1359925216609230     
  0.54666666666666675      -0.99245410603710393     
  0.55000000000000004      -0.74336940975391508     
  0.55333333333333334      -0.59984182256917962     
  0.55666666666666675       -1.0301865848469973     
  0.56000000000000005       -1.2072194602386432     
  0.56333333333333335      -0.98106296559006134     
  0.56666666666666665       -1.1507581910493736     
  0.57000000000000006       -1.2875563571137558     
  0.57333333333333336       -1.1132245175354432     
  0.57666666666666666      -0.92461815732514552     
  0.58000000000000007      -0.63049907342148270     
  0.58333333333333337      -0.69121963767452244     
  0.58666666666666667       -1.0825585399535669     
  0.59000000000000008      -0.98644994394651453     
  0.59333333333333338      -0.89886814216723665     
  0.59666666666666668       -1.2693688569125665     
  0.60000000000000009       -1.3749802126512558     
  0.60333333333333339       -1.2178199173505817     
  0.60666666666666669       -1.0246674543099610     
  0.60999999999999999      -0.71880755033302801     
  0.61333333333333340      -0.77980686452592141     
  0.61666666666666670      -0.96605123213095789     
  0.62000000000000000      -0.68043120952311098     
  0.62333333333333341      -0.64614315527221433     
  0.62666666666666671       -1.1088070770188887     
  0.63000000000000000       -1.3025403823025692     
  0.63333333333333341       -1.3083706997810931     
  0.63666666666666671       -1.2965669055013500     
  0.64000000000000001       -1.1161281020007305     
  0.64333333333333342       -1.1745532713597844     
  0.64666666666666672       -1.2489028936272870     
  0.65000000000000002      -0.76844218592803892     
  0.65333333333333332      -0.44551593925410560     
  0.65666666666666673      -0.67273617189353752     
  0.66000000000000003      -0.74883777978154897     
  0.66333333333333333      -0.70281708184607872     
  0.66666666666666674      -0.81060314920396481     
  0.67000000000000004      -0.85231099224891915     
  0.67333333333333334       -1.1202613563324473     
  0.67666666666666675       -1.5970022714452810     
  0.68000000000000005       -1.5442404319728722     
  0.68333333333333335       -1.2878576039234224     
  0.68666666666666676       -1.5008649187737735     
  0.69000000000000006       -1.6442927169407735     
  0.69333333333333336       -1.4202957743343314     
  0.69666666666666666       -1.2215339702854102     
  0.70000000000000007      -0.92214450577330009     
  0.70333333333333337      -0.60318469949623077     
  0.70666666666666667      -0.66333061341915722     
  0.71000000000000008      -0.56645526875576202     
  0.71333333333333337        2.2815873692175359E-002
  0.71666666666666667       0.31728877500826402     
  0.72000000000000008       0.20669949064900855     
  0.72333333333333338       0.31651988745532167     
  0.72666666666666668       0.51028356872230740     
  0.73000000000000009       0.61382375472326611     
  0.73333333333333339       0.88958295904447271     
  0.73666666666666669       0.96214137370912944     
  0.74000000000000010       0.65686258261160735     
  0.74333333333333340       0.68359591415356591     
  0.74666666666666670        1.1019473633824841     
  0.75000000000000000        1.1075334322740447     
  0.75333333333333341       0.91798089001328653     
  0.75666666666666671       0.90115114541970365     
  0.76000000000000001       0.92612798095896820     
  0.76333333333333342       0.87253765545280759     
  0.76666666666666672        1.2047585436096850     
  0.77000000000000002        1.1498962207182761     
  0.77333333333333343       0.87080138331269274     
  0.77666666666666673       0.69598391290583095     
  0.78000000000000003        1.1862135688701971     
  0.78333333333333344        1.0585675265005468     
  0.78666666666666674        1.1106537418193185     
  0.79000000000000004       0.90094347929237451     
  0.79333333333333333        1.0301994452787144     
  0.79666666666666675       0.69122780372345094     
  0.80000000000000004        1.1945324846565355     
  0.80333333333333334        1.1986560224359297     
  0.80666666666666675        1.0529283598446473     
  0.81000000000000005       0.70129243691099286     
  0.81333333333333335       0.96910485098723154     
  0.81666666666666676        1.1058895162403031     
  0.82000000000000006       0.98594820892672930     
  0.82333333333333336        1.1903777433047107     
  0.82666666666666677       0.97097258766529626     
  0.83000000000000007       0.86149249191259347     
  0.83333333333333337       0.73200881504273585     
  0.83666666666666667        1.2581758369475091     
  0.84000000000000008        1.2104232800401682     
  0.84333333333333338       0.90598382821493251     
  0.84666666666666668       0.93174720652905663     
  0.85000000000000009       0.88793701195469654     
  0.85333333333333339        1.0027555544185520     
  0.85666666666666669       0.93942885231187456     
  0.86000000000000010        1.3008352797018021     
  0.86333333333333340        1.1022774987537201     
  0.86666666666666670       0.69900477010532225     
  0.87000000000000011       0.87027275327270526     
  0.87333333333333341        1.0361327703454832     
  0.87666666666666671        1.2115319787615053     
  0.88000000000000000       0.97902969623123215     
  0.88333333333333341        1.0669212873594953     
  0.88666666666666671        1.0325988435765348     
  0.89000000000000001       0.67294324838169794     
  0.89333333333333342       0.94935481682799572     
  0.89666666666666672        1.1866575782318403     
  0.90000000000000002        1.2551387566194907     
  0.90333333333333343       0.95246841315011110     
  0.90666666666666673       0.77580525955561763     
  0.91000000000000003        1.0496702136676179     
  0.91333333333333344       0.86494519193808572     
  0.91666666666666674       0.95847851679101648     
  0.92000000000000004        1.2452773177040897     
  0.92333333333333334        1.1758946585785137     
  0.92666666666666675       0.97035235534088249     
  0.93000000000000005       0.64750680198195898     
  0.93333333333333335       0.93336385583689541     
  0.93666666666666676        1.1770800969805575     
  0.94000000000000006       0.96725982044526104     
  0.94333333333333336        1.1395716207916049     
  0.94666666666666677        1.1467222508314108     
  0.95000000000000007       0.94598988926221272     
  0.95333333333333337       0.76445411036172684     
  0.95666666666666678       0.73154041083068821     
  0.96000000000000008        1.2184206026065194     
  0.96333333333333337        1.2471860185542236     
  0.96666666666666667       0.95424577114367648     
  0.97000000000000008        1.0772134582877908     
  0.97333333333333338       0.98394638040423177     
  0.97666666666666668       0.83479224123739171     
  0.98000000000000009       0.79230262692695685     
  0.98333333333333339       0.91152445382272040     
  0.98666666666666669        1.3609491511065703     
  0.99000000000000010        1.2281157121966548     
  0.99333333333333340       0.85667191913428720     
  0.99666666666666670       0.98304936449070646     
