   0.0000000000000000       0.62876959529975707     
   3.3333333333333335E-003  0.94574793940970026     
   6.6666666666666671E-003   1.2322608744110677     
   1.0000000000000000E-002   1.3730280241873887     
   1.3333333333333334E-002   1.3020039400044701     
   1.6666666666666666E-002   1.0661766876820475     
   2.0000000000000000E-002   1.3084643481231364     
   2.3333333333333334E-002   1.0634426475479304     
   2.6666666666666668E-002  0.67872958369648861     
   3.0000000000000002E-002  0.59855297094617443     
   3.3333333333333333E-002  0.58187812125494087     
   3.6666666666666667E-002  0.84245114072314609     
   4.0000000000000001E-002  0.68884792933882488     
   4.3333333333333335E-002  0.71743170635334397     
   4.6666666666666669E-002   1.2303710444291309     
   5.0000000000000003E-002   1.3785680234700535     
   5.3333333333333337E-002   1.4831343438047939     
   5.6666666666666671E-002   1.4136250848639205     
   6.0000000000000005E-002   1.4464385194943776     
   6.3333333333333339E-002   1.7313396950563573     
   6.6666666666666666E-002   1.3780011800822385     
   7.0000000000000007E-002   1.0197276177684778     
   7.3333333333333334E-002  0.94353835103455674     
   7.6666666666666675E-002  0.74463092265339892     
   8.0000000000000002E-002  0.63621916543735335     
   8.3333333333333343E-002  0.16494271371756974     
   8.6666666666666670E-002 -0.22276114427402607     
   9.0000000000000011E-002  -6.5479179243759761E-002
   9.3333333333333338E-002 -0.24633861173452584     
   9.6666666666666679E-002 -0.54354182790234662     
  0.10000000000000001      -0.70145838591197984     
  0.10333333333333335      -0.86315955111353715     
  0.10666666666666667      -0.64333222568157122     
  0.11000000000000000      -0.68971943539963010     
  0.11333333333333334       -1.0909058466906203     
  0.11666666666666667       -1.0119440026675579     
  0.12000000000000001      -0.88945114960625504     
  0.12333333333333334      -0.88671815911191687     
  0.12666666666666668      -0.86911574573191330     
  0.13000000000000000       -1.1637944496737762     
  0.13333333333333333       -1.1358567371536470     
  0.13666666666666669      -0.78206303925525689     
  0.14000000000000001      -0.91330483798369277     
  0.14333333333333334       -1.0781256362943010     
  0.14666666666666667       -1.0709648802645579     
  0.15000000000000002       -1.1053258083040896     
  0.15333333333333335      -0.84973293970972397     
  0.15666666666666668      -0.81454058539296770     
  0.16000000000000000       -1.1891741281735408     
  0.16333333333333333       -1.1342702925362571     
  0.16666666666666669      -0.91607199934707551     
  0.17000000000000001      -0.93444133615054414     
  0.17333333333333334      -0.88600222531446560     
  0.17666666666666667       -1.0609403097399892     
  0.18000000000000002       -1.2474833007915191     
  0.18333333333333335      -0.91916837055620360     
  0.18666666666666668      -0.78082956703390027     
  0.19000000000000000       -1.0336071797831541     
  0.19333333333333336       -1.0714965134831484     
  0.19666666666666668       -1.0971531480794330     
  0.20000000000000001       -1.0754512499185618     
  0.20333333333333334      -0.78117743405792672     
  0.20666666666666669      -0.86319249038952817     
  0.21000000000000002       -1.2159444005983651     
  0.21333333333333335       -1.1125994381218567     
  0.21666666666666667      -0.93840778031030803     
  0.22000000000000000      -0.94722342987168695     
  0.22333333333333336      -0.84952755667388102     
  0.22666666666666668      -0.99858974456990657     
  0.23000000000000001       -1.2741975196084649     
  0.23333333333333334       -1.0389693891992426     
  0.23666666666666669      -0.78097445913692298     
  0.24000000000000002      -0.93995181734953925     
  0.24333333333333335       -1.0158057596750307     
  0.24666666666666667       -1.0557483620129642     
  0.25000000000000000       -1.2018178835455591     
  0.25333333333333335      -0.98283301226846198     
  0.25666666666666671      -0.71441463173429232     
  0.26000000000000001      -0.96146359658197977     
  0.26333333333333336       -1.1738105680301574     
  0.26666666666666666       -1.0642684529933981     
  0.27000000000000002       -1.0602355846216953     
  0.27333333333333337      -0.97841943682447285     
  0.27666666666666667      -0.74845935927160279     
  0.28000000000000003      -0.93214070036546359     
  0.28333333333333333       -1.2600805359025982     
  0.28666666666666668       -1.1178259091053477     
  0.29000000000000004      -0.91727960105585427     
  0.29333333333333333      -0.95121577805256519     
  0.29666666666666669      -0.86553000051330942     
  0.30000000000000004      -0.88360438689091469     
  0.30333333333333334       -1.2144648030616660     
  0.30666666666666670       -1.2364789074610512     
  0.31000000000000000      -0.88865272783094640     
  0.31333333333333335      -0.83156828062725152     
  0.31666666666666671      -0.96012945902923474     
  0.32000000000000001      -0.92866092345181539     
  0.32333333333333336       -1.0619461240592976     
  0.32666666666666666       -1.2804801589901300     
  0.33000000000000002       -1.0586856282496453     
  0.33333333333333337      -0.74240830384072887     
  0.33666666666666667      -0.86395513541924951     
  0.34000000000000002       -1.0338364688559338     
  0.34333333333333338       -1.0053791020448741     
  0.34666666666666668       -1.1352962875276411     
  0.35000000000000003       -1.2367635099450218     
  0.35333333333333333      -0.92858954051756326     
  0.35666666666666669      -0.69626297966728212     
  0.36000000000000004      -0.91443509518014232     
  0.36333333333333334       -1.0931355496494681     
  0.36666666666666670       -1.0402435154479832     
  0.37000000000000005       -1.1457067723636947     
  0.37333333333333335       -1.2018369069066592     
  0.37666666666666671      -0.90161196190029502     
  0.38000000000000000      -0.66842727261235302     
  0.38333333333333336      -0.92465010207704990     
  0.38666666666666671       -1.0926472990366161     
  0.39000000000000001       -1.0795955083091431     
  0.39333333333333337       -1.0965997767192341     
  0.39666666666666667       -1.2700811551166704     
  0.40000000000000002      -0.90820308160159491     
  0.40333333333333338      -0.73853474043144018     
  0.40666666666666668      -0.74886168591896962     
  0.41000000000000003       -1.1618392417293699     
  0.41333333333333339      -0.94000734649587070     
  0.41666666666666669       -1.2057369938434759     
  0.42000000000000004       -1.1492347575075315     
  0.42333333333333334       -1.2676414815097865     
  0.42666666666666669      -0.65005751025413838     
  0.43000000000000005      -0.82055700278977461     
  0.43333333333333335      -0.85969053858468358     
  0.43666666666666670       -1.0280564322001275     
  0.44000000000000000      -0.95457492429448942     
  0.44333333333333336       -1.1809409188947690     
  0.44666666666666671       -1.4201452218182817     
  0.45000000000000001      -0.99899357075962181     
  0.45333333333333337      -0.89266560778924497     
  0.45666666666666672      -0.73826885528033681     
  0.46000000000000002      -0.96751450958848706     
  0.46333333333333337      -0.73372505401607735     
  0.46666666666666667      -0.84362729412015014     
  0.47000000000000003       -1.2661938983448333     
  0.47333333333333338       -1.2929688998112570     
  0.47666666666666668       -1.2608918403394349     
  0.48000000000000004      -0.94487719528022518     
  0.48333333333333334       -1.1251422942202809     
  0.48666666666666669      -0.93294089092683086     
  0.49000000000000005      -0.57877268438808571     
  0.49333333333333335      -0.69428456080755019     
  0.49666666666666670      -0.83395253469677177     
  0.50000000000000000       -1.1669759589403657     
  0.50333333333333341       -1.0271929600325989     
  0.50666666666666671       -1.1473099330636687     
  0.51000000000000001       -1.5019724486868771     
  0.51333333333333342       -1.3005857575573714     
  0.51666666666666672       -1.1190008929470463     
  0.52000000000000002      -0.81666979561535724     
  0.52333333333333332      -0.85162817311611594     
  0.52666666666666673      -0.86042383971617376     
  0.53000000000000003      -0.43240805109658315     
  0.53333333333333333      -0.56416987377435590     
  0.53666666666666674      -0.80720887313512268     
  0.54000000000000004       -1.0114589784785235     
  0.54333333333333333       -1.1514306902925069     
  0.54666666666666675       -1.0720342596809631     
  0.55000000000000004       -1.5141645381611051     
  0.55333333333333334       -1.7262745311580738     
  0.55666666666666675       -1.4712055858112050     
  0.56000000000000005       -1.4225586387071791     
  0.56333333333333335       -1.2912961490277659     
  0.56666666666666665       -1.3109174775021502     
  0.57000000000000006       -1.0950867871880332     
  0.57333333333333336      -0.48813753831529383     
  0.57666666666666666      -0.42188341060700335     
  0.58000000000000007      -0.36733233801638282     
  0.58333333333333337       -4.5613068739888671E-002
  0.58666666666666667       0.19404900405364334     
  0.59000000000000008       0.55195460352622849     
  0.59333333333333338       0.50583580873449119     
  0.59666666666666668       0.38390085549441211     
  0.60000000000000009       0.79945555568040172     
  0.60333333333333339       0.94007503175303386     
  0.60666666666666669       0.85467804825025717     
  0.60999999999999999       0.85209100661731496     
  0.61333333333333340       0.76030722519007843     
  0.61666666666666670        1.0342913144010042     
  0.62000000000000000        1.1940348402660592     
  0.62333333333333341       0.84576331980987596     
  0.62666666666666671       0.84707876461818443     
  0.63000000000000000        1.0271528026291556     
  0.63333333333333341        1.0521063900231151     
  0.63666666666666671        1.1403770319040762     
  0.64000000000000001       0.91035850725301493     
  0.64333333333333342       0.76688552094255924     
  0.64666666666666672        1.1296494265877870     
  0.65000000000000002        1.1651695059095635     
  0.65333333333333332       0.94570821531583948     
  0.65666666666666673       0.94026625779472051     
  0.66000000000000003       0.87523608884074078     
  0.66333333333333333        1.0284558128312256     
  0.66666666666666674        1.2532678923371183     
  0.67000000000000004       0.94827850916498990     
  0.67333333333333334       0.77752654010961153     
  0.67666666666666675        1.0241183458913186     
  0.68000000000000005        1.0724312082405452     
  0.68333333333333335        1.0941712909024093     
  0.68666666666666676        1.0692105879725149     
  0.69000000000000006       0.78079217404531920     
  0.69333333333333336       0.88046002191654904     
  0.69666666666666666        1.2278970375865363     
  0.70000000000000007        1.0955583059652536     
  0.70333333333333337       0.91744178819561584     
  0.70666666666666667       0.93874994006016221     
  0.71000000000000008       0.87065472173259095     
  0.71333333333333337        1.0480302498282170     
  0.71666666666666667        1.2650086651639647     
  0.72000000000000008       0.96609691571373413     
  0.72333333333333338       0.76608587789743265     
  0.72666666666666668       0.98779057326335085     
  0.73000000000000009        1.0576712065973375     
  0.73333333333333339        1.0803406127052233     
  0.73666666666666669        1.1504051465168592     
  0.74000000000000010       0.88103911270622526     
  0.74333333333333340       0.74011641699032393     
  0.74666666666666670        1.0840950669817564     
  0.75000000000000000        1.2018178835455600     
  0.75333333333333341        1.0111797172372545     
  0.75666666666666671       0.99010397441899856     
  0.76000000000000001       0.90255089193866456     
  0.76333333333333342       0.80437988065022181     
  0.76666666666666672        1.1056396764993786     
  0.77000000000000002        1.2767618976328259     
  0.77333333333333343       0.96762026551791569     
  0.77666666666666673       0.83190103804805293     
  0.78000000000000003       0.95101418620751033     
  0.78333333333333344       0.93347965104894060     
  0.78666666666666674        1.0532567208117070     
  0.79000000000000004        1.2625692799216286     
  0.79333333333333333        1.0267732277232036     
  0.79666666666666675       0.72926564637561941     
  0.80000000000000004       0.90371144293760486     
  0.80333333333333334        1.0837209135545622     
  0.80666666666666675        1.0454424158944515     
  0.81000000000000005        1.1414677335687813     
  0.81333333333333335        1.1199493015658673     
  0.81666666666666676       0.78512653868302817     
  0.82000000000000006       0.75360883090084352     
  0.82333333333333336        1.0987680879079700     
  0.82666666666666677        1.1720044737852739     
  0.83000000000000007        1.0448484552352004     
  0.83333333333333337        1.0796041968307701     
  0.83666666666666667       0.96976961512427873     
  0.84000000000000008       0.71989842952313188     
  0.84333333333333338       0.87965342964312609     
  0.84666666666666668        1.2312715631337534     
  0.85000000000000009        1.1769198123395497     
  0.85333333333333339       0.98727408684079032     
  0.85666666666666669        1.0075030950190289     
  0.86000000000000010       0.91148876444946181     
  0.86333333333333340       0.73482155700064866     
  0.86666666666666670       0.95649316831745135     
  0.87000000000000011        1.2823484194083166     
  0.87333333333333341        1.1797999257929277     
  0.87666666666666671       0.94256680120233538     
  0.88000000000000000       0.97301096327215730     
  0.88333333333333341       0.90230279034360550     
  0.88666666666666671       0.76204867753607364     
  0.89000000000000001       0.91722393709146000     
  0.89333333333333342        1.3079455992879154     
  0.89666666666666672        1.1931656744771713     
  0.90000000000000002        1.0062002513700175     
  0.90333333333333343       0.89817571283937714     
  0.90666666666666673        1.0083588829189332     
  0.91000000000000003       0.67536381744690122     
  0.91333333333333344       0.91129520627548810     
  0.91666666666666674        1.0864073488657935     
  0.92000000000000004        1.4181215849284967     
  0.92333333333333334       0.94489396946338811     
  0.92666666666666675        1.1054583229733996     
  0.93000000000000005       0.89591617220932906     
  0.93333333333333335       0.92677424116477158     
  0.93666666666666676       0.58801288617153680     
  0.94000000000000006       0.97845480508168847     
  0.94333333333333336        1.2385214198420509     
  0.94666666666666677        1.1770050344650009     
  0.95000000000000007        1.1345900854506714     
  0.95333333333333337        1.0510023925374115     
  0.95666666666666678        1.1722678392195025     
  0.96000000000000008       0.64490346044879110     
  0.96333333333333337       0.69848278642805728     
  0.96666666666666667       0.86133554160073544     
  0.97000000000000008        1.1000489784952423     
  0.97333333333333338        1.1112746437915695     
  0.97666666666666668        1.0490773659076180     
  0.98000000000000009        1.4366717477880022     
  0.98333333333333339        1.1779664994852788     
  0.98666666666666669       0.93435907337393054     
  0.99000000000000010       0.70771710888756922     
  0.99333333333333340       0.77923550215494741     
  0.99666666666666670       0.91539755531966660     
