   0.0000000000000000       0.93964420523264403     
   3.3333333333333335E-003  0.76192538101343987     
   6.6666666666666671E-003  0.91267479526568551     
   1.0000000000000000E-002   1.1060982713106724     
   1.3333333333333334E-002   1.3323745528560311     
   1.6666666666666666E-002   1.1268732941154087     
   2.0000000000000000E-002  0.69293050544526680     
   2.3333333333333334E-002  0.88481973300772088     
   2.6666666666666668E-002   1.0630791124766537     
   3.0000000000000002E-002  0.85958204114215131     
   3.3333333333333333E-002   1.0082685368100321     
   3.6666666666666667E-002   1.2357862884823418     
   4.0000000000000001E-002   1.1873930056941353     
   4.3333333333333335E-002   1.0357469315107724     
   4.6666666666666669E-002  0.69869931858922940     
   5.0000000000000003E-002  0.70479315265251874     
   5.3333333333333337E-002   1.1582860293915891     
   5.6666666666666671E-002   1.1324547098477167     
   6.0000000000000005E-002  0.93914865211471577     
   6.3333333333333339E-002   1.1821072235431735     
   6.6666666666666666E-002   1.1940618805005958     
   7.0000000000000007E-002  0.90920947806085395     
   7.3333333333333334E-002  0.76859132148481812     
   7.6666666666666675E-002  0.71312629969132479     
   8.0000000000000002E-002  0.98761251443036213     
   8.3333333333333343E-002   1.3388139218749797     
   8.6666666666666670E-002   1.1067196809094426     
   9.0000000000000011E-002  0.93020626496837089     
   9.3333333333333338E-002   1.1814774282871674     
   9.6666666666666679E-002   1.0541334907356255     
  0.10000000000000001       0.71059428394764246     
  0.10333333333333335       0.74033415831184912     
  0.10666666666666667       0.89423545944996141     
  0.11000000000000000        1.1472397133800025     
  0.11333333333333334        1.3536779613934402     
  0.11666666666666667        1.0767547570499265     
  0.12000000000000001       0.90178732074197321     
  0.12333333333333334        1.1532084682372663     
  0.12666666666666668        1.0110061981096217     
  0.13000000000000000       0.61748548553850691     
  0.13333333333333333       0.72740527343492056     
  0.13666666666666669        1.0026844877923282     
  0.14000000000000001        1.1615969530517545     
  0.14333333333333334        1.3058672928892328     
  0.14666666666666667        1.1431302757176012     
  0.15000000000000002       0.93314333340761180     
  0.15333333333333335        1.1445505642216307     
  0.15666666666666668        1.0935965702249324     
  0.16000000000000000       0.62192220662783926     
  0.16333333333333333       0.58040461978450919     
  0.16666666666666669       0.96075180622871947     
  0.17000000000000001        1.0699078578174384     
  0.17333333333333334        1.1904979243950666     
  0.17666666666666667        1.1967765059407536     
  0.18000000000000002        1.1134293146681413     
  0.18333333333333335        1.1390723452685734     
  0.18666666666666668        1.3744675902717369     
  0.19000000000000000       0.84365995732812271     
  0.19333333333333336       0.56888407909779148     
  0.19666666666666668       0.63310038917699130     
  0.20000000000000001        1.0142192438386552     
  0.20333333333333334       0.75854974507708950     
  0.20666666666666669        1.0649701473018485     
  0.21000000000000002       0.95576256560294470     
  0.21333333333333335        1.2511139982503523     
  0.21666666666666667        1.3477861376834563     
  0.22000000000000000        1.6240100427920543     
  0.22333333333333336       0.99194643470590660     
  0.22666666666666668       0.86908135315636059     
  0.23000000000000001        1.0139008847264450     
  0.23333333333333334       0.92456209648474907     
  0.23666666666666669       0.65463703146681762     
  0.24000000000000002       0.47551367253790949     
  0.24333333333333335       0.64913996224908277     
  0.24666666666666667       0.55197457874570055     
  0.25000000000000000        1.1075474830659535     
  0.25333333333333335        1.1752957672963897     
  0.25666666666666671        1.0634306559874187     
  0.26000000000000001        1.1383700191121053     
  0.26333333333333336        1.5942680864527783     
  0.26666666666666666        1.8138299707369356     
  0.27000000000000002        1.4127402550909103     
  0.27333333333333337        1.4925093412963140     
  0.27666666666666667        1.2596043260898742     
  0.28000000000000003        1.1542294292052866     
  0.28333333333333333        1.1410831019038912     
  0.28666666666666668       0.97897515269936430     
  0.29000000000000004       0.53688135940247472     
  0.29333333333333333       -1.6377879484769799E-002
  0.29666666666666669       0.26885822097952078     
  0.30000000000000004       0.15547030221557268     
  0.30333333333333334      -0.22718196225755724     
  0.30666666666666670      -0.41894676946284559     
  0.31000000000000000      -0.62078613855502784     
  0.31333333333333335      -0.63970071200415324     
  0.31666666666666671      -0.76517416438800379     
  0.32000000000000001      -0.51687597199177449     
  0.32333333333333336      -0.71122343170715652     
  0.32666666666666666       -1.2239570973889067     
  0.33000000000000002      -0.99408496917150280     
  0.33333333333333337      -0.80509425722503514     
  0.33666666666666667      -0.78045928890650185     
  0.34000000000000002      -0.98900216224129234     
  0.34333333333333338       -1.0731572394548166     
  0.34666666666666668      -0.96822677601323515     
  0.35000000000000003       -1.2011430889682622     
  0.35333333333333333      -0.90686035091893247     
  0.35666666666666669      -0.67065932548408302     
  0.36000000000000004       -1.0512956211997526     
  0.36333333333333334       -1.2199082235597629     
  0.36666666666666670       -1.1535466975727027     
  0.37000000000000005      -0.83004120459783926     
  0.37333333333333335      -0.84993874328437091     
  0.37666666666666671       -1.0795500163687137     
  0.38000000000000000      -0.89054250560715853     
  0.38333333333333336       -1.1082837373136116     
  0.38666666666666671       -1.2614606288683845     
  0.39000000000000001      -0.89240983741310798     
  0.39333333333333337      -0.75809259571553422     
  0.39666666666666667      -0.86924594783362030     
  0.40000000000000002       -1.2200133493792591     
  0.40333333333333338       -1.2184640970850213     
  0.40666666666666668      -0.85162307814835725     
  0.41000000000000003       -1.0017430590044789     
  0.41333333333333339      -0.97589621744835164     
  0.41666666666666669      -0.77315069820946458     
  0.42000000000000004       -1.0633163835597892     
  0.42333333333333334       -1.2368862152476707     
  0.42666666666666669       -1.1570013745342458     
  0.43000000000000005      -0.85302158801638406     
  0.43333333333333335      -0.67049134042506475     
  0.43666666666666670       -1.0869526387734181     
  0.44000000000000000       -1.1592017467901539     
  0.44333333333333336      -0.94909943343088787     
  0.44666666666666671       -1.1520571935720014     
  0.45000000000000001       -1.0717040149157471     
  0.45333333333333337      -0.80115070807496835     
  0.45666666666666672      -0.79751755980084249     
  0.46000000000000002      -0.96084041721295010     
  0.46333333333333337       -1.3177833098643772     
  0.46666666666666667       -1.2005101792475039     
  0.47000000000000003      -0.77310204656098402     
  0.47333333333333338      -0.93690194986754771     
  0.47666666666666668       -1.0113254305013097     
  0.48000000000000004      -0.81955343560562322     
  0.48333333333333334       -1.0219920641954623     
  0.48666666666666669       -1.2114232832371170     
  0.49000000000000005       -1.2010667715158754     
  0.49333333333333335      -0.99253549937189034     
  0.49666666666666670      -0.63538800552682284     
  0.50000000000000000      -0.86298472045559882     
  0.50333333333333341       -1.2185316046360901     
  0.50666666666666671       -1.0083199370126021     
  0.51000000000000001       -1.0234372938494856     
  0.51333333333333342       -1.2163796480944866     
  0.51666666666666672       -1.0061488243765586     
  0.52000000000000002      -0.80874120181880049     
  0.52333333333333332      -0.74490707119623523     
  0.52666666666666673      -0.91688909841133492     
  0.53000000000000003       -1.3312778426398837     
  0.53333333333333333       -1.2027516658470689     
  0.53666666666666674      -0.86072275961793632     
  0.54000000000000004       -1.0389565923769002     
  0.54333333333333333       -1.0265241649847965     
  0.54666666666666675      -0.73680996279831878     
  0.55000000000000004      -0.83339260989814890     
  0.55333333333333334       -1.0602794006488032     
  0.55666666666666675       -1.2552473775033433     
  0.56000000000000005       -1.2984566773834445     
  0.56333333333333335      -0.89449917114184829     
  0.56666666666666665      -0.74616257783217854     
  0.57000000000000006       -1.0420513704559771     
  0.57333333333333336      -0.92321536177830521     
  0.57666666666666666      -0.75137458175693661     
  0.58000000000000007       -1.0842680376143690     
  0.58333333333333337       -1.2936216999645109     
  0.58666666666666667       -1.2229594322630613     
  0.59000000000000008       -1.0561151433921840     
  0.59333333333333338      -0.73368937795560418     
  0.59666666666666668      -0.76338997279619125     
  0.60000000000000009       -1.0733921514436719     
  0.60333333333333339      -0.92222189641257724     
  0.60666666666666669      -0.82105163893809729     
  0.60999999999999999       -1.2413234853005526     
  0.61333333333333340       -1.3731110767199930     
  0.61666666666666670       -1.0954504709918678     
  0.62000000000000000      -0.91160724140959049     
  0.62333333333333341      -0.74708736750284910     
  0.62666666666666671      -0.78049010968897981     
  0.63000000000000000       -1.0409072516029745     
  0.63333333333333341      -0.93865697015932248     
  0.63666666666666671      -0.82701404906980513     
  0.64000000000000001       -1.2602877370186112     
  0.64333333333333342       -1.4607822749599380     
  0.64666666666666672       -1.0904644568411868     
  0.65000000000000002      -0.88024089446743992     
  0.65333333333333332      -0.84444656361796855     
  0.65666666666666673      -0.78869361509718183     
  0.66000000000000003      -0.89919449306534871     
  0.66333333333333333      -0.90792592725494592     
  0.66666666666666674      -0.74297836698700559     
  0.67000000000000004       -1.0960655734473597     
  0.67333333333333334       -1.5046450788286700     
  0.67666666666666675       -1.3111567225147887     
  0.68000000000000005      -0.94660159954885748     
  0.68333333333333335       -1.0570626300799004     
  0.68666666666666676      -0.93808671183098202     
  0.69000000000000006      -0.88021343686323328     
  0.69333333333333336      -0.73334289230910910     
  0.69666666666666666      -0.69610793283430561     
  0.70000000000000007      -0.56119289427245067     
  0.70333333333333337       -1.2389067051843698     
  0.70666666666666667       -1.2764038250157863     
  0.71000000000000008       -1.2136247955712802     
  0.71333333333333337       -1.0117814295970178     
  0.71666666666666667       -1.5120428314727721     
  0.72000000000000008       -1.2159805709862768     
  0.72333333333333338       -1.1827806388132802     
  0.72666666666666668      -0.84658660901025529     
  0.73000000000000009      -0.65639232389483881     
  0.73333333333333339      -0.52394315813153369     
  0.73666666666666669      -0.81820597603958556     
  0.74000000000000010      -0.84236784896594230     
  0.74333333333333340      -0.42034188842497561     
  0.74666666666666670      -0.78853702488781663     
  0.75000000000000000       -1.1075474830659542     
  0.75333333333333341       -1.4118582134385063     
  0.75666666666666671       -1.2922287298115251     
  0.76000000000000001       -1.5052241955401418     
  0.76333333333333342       -1.4306991418800117     
  0.76666666666666672       -1.4132110323837264     
  0.77000000000000002       -1.7702488159225176     
  0.77333333333333343       -1.4700145971502077     
  0.77666666666666673       -1.0687701219825019     
  0.78000000000000003      -0.74619995739951084     
  0.78333333333333344      -0.97682640811457855     
  0.78666666666666674      -0.73964258404603078     
  0.79000000000000004      -0.27901912943414042     
  0.79333333333333333      -0.19505579822916422     
  0.79666666666666675       0.21149873912775949     
  0.80000000000000004       0.29755604735063196     
  0.80333333333333334       0.29018950591486603     
  0.80666666666666675       0.25448795625153353     
  0.81000000000000005       0.65733961809014219     
  0.81333333333333335        1.0760815904449099     
  0.81666666666666676       0.68316444919932862     
  0.82000000000000006       0.68370368711106000     
  0.82333333333333336       0.82560364828119159     
  0.82666666666666677       0.90980994295529749     
  0.83000000000000007        1.0202426848014270     
  0.83333333333333337        1.0228676964667489     
  0.83666666666666667        1.1079805963769396     
  0.84000000000000008       0.71172987580378222     
  0.84333333333333338       0.76825428432707166     
  0.84666666666666668        1.2683307766168996     
  0.85000000000000009        1.1482406500280899     
  0.85333333333333339       0.95952616979535443     
  0.85666666666666669       0.82557430755479277     
  0.86000000000000010       0.95260483723290224     
  0.86333333333333340        1.0442377848372386     
  0.86666666666666670       0.94229500084830853     
  0.87000000000000011        1.2534629706623071     
  0.87333333333333341        1.0804548317050149     
  0.87666666666666671       0.67342891563429719     
  0.88000000000000000       0.88072258493954236     
  0.88333333333333341        1.1269794512555509     
  0.88666666666666671        1.2420275135418375     
  0.89000000000000001       0.98649360933365993     
  0.89333333333333342       0.83127641622739989     
  0.89666666666666672        1.0511336859343479     
  0.90000000000000002       0.85721548188322694     
  0.90333333333333343       0.92772057914559181     
  0.90666666666666673        1.2994111284799199     
  0.91000000000000003        1.1276519374282878     
  0.91333333333333344       0.85965646609473623     
  0.91666666666666674       0.72795847629899590     
  0.92000000000000004       0.96666086037578280     
  0.92333333333333334        1.2751344973132837     
  0.92666666666666675        1.0023773342407587     
  0.93000000000000005       0.98586348041150851     
  0.93333333333333335        1.1183906430934880     
  0.93666666666666676       0.79934458637209549     
  0.94000000000000006       0.79989372152142613     
  0.94333333333333336        1.0718921010865143     
  0.94666666666666677        1.2500638223147911     
  0.95000000000000007        1.2003034721613781     
  0.95333333333333337       0.76304006386587897     
  0.95666666666666678       0.78829479327486851     
  0.96000000000000008        1.1092768305301870     
  0.96333333333333337       0.94271978099997056     
  0.96666666666666667        1.0060270502104691     
  0.97000000000000008        1.2447978480587132     
  0.97333333333333338        1.0830919639328653     
  0.97666666666666668       0.87141276868982520     
  0.98000000000000009       0.70374273923208774     
  0.98333333333333339       0.90126759445661453     
  0.98666666666666669        1.3274181879986626     
  0.99000000000000010        1.1184057940546885     
  0.99333333333333340       0.89689035762497482     
  0.99666666666666670        1.0919942291494722     
