   0.0000000000000000       0.96135577839180386     
   3.3333333333333335E-003   1.2923776691209916     
   6.6666666666666671E-003   1.0474267062820943     
   1.0000000000000000E-002  0.92571767512987879     
   1.3333333333333334E-002   1.1568494637534383     
   1.6666666666666666E-002  0.92532626549350905     
   2.0000000000000000E-002  0.69259072341914119     
   2.3333333333333334E-002  0.94946059046703346     
   2.6666666666666668E-002   1.1803287077059434     
   3.0000000000000002E-002   1.2721477770142413     
   3.3333333333333333E-002   1.0853177668356837     
   3.6666666666666667E-002  0.71363677960499816     
   4.0000000000000001E-002  0.86883691164021715     
   4.3333333333333335E-002   1.1098499621070159     
   4.6666666666666669E-002  0.87662800610751179     
   5.0000000000000003E-002  0.96056300767242797     
   5.3333333333333337E-002   1.3120744378755678     
   5.6666666666666671E-002   1.1710609145863131     
   6.0000000000000005E-002  0.88320353102384441     
   6.3333333333333339E-002  0.75061438077727582     
   6.6666666666666666E-002  0.76922708953025531     
   7.0000000000000007E-002   1.1254925149849651     
   7.3333333333333334E-002   1.2546002100260429     
   7.6666666666666675E-002  0.94916750701535191     
   8.0000000000000002E-002   1.0314174272017385     
   8.3333333333333343E-002   1.2251285597367945     
   8.6666666666666670E-002  0.86643828252643595     
   9.0000000000000011E-002  0.64684540889299025     
   9.3333333333333338E-002  0.89418714716611347     
   9.6666666666666679E-002   1.1058751850977053     
  0.10000000000000001        1.2669928775219284     
  0.10333333333333335        1.2065324851433272     
  0.10666666666666667       0.86990980740249368     
  0.11000000000000000       0.89500720764773389     
  0.11333333333333334        1.1013480791579044     
  0.11666666666666667       0.79195165990345029     
  0.12000000000000001       0.68479695782843764     
  0.12333333333333334        1.1077620593041717     
  0.12666666666666668        1.3472729976720261     
  0.13000000000000000        1.1664681231750262     
  0.13333333333333333        1.0815360588121863     
  0.13666666666666669       0.79675708577920479     
  0.14000000000000001       0.84218930938595071     
  0.14333333333333334       0.97368655802192783     
  0.14666666666666667       0.96978587347912648     
  0.15000000000000002       0.65872649853662268     
  0.15333333333333335        1.2388844553724663     
  0.15666666666666668        1.3644979521391953     
  0.16000000000000000        1.2576327648879728     
  0.16333333333333333       0.79560986008462065     
  0.16666666666666669       0.98199599786711045     
  0.17000000000000001       0.69357362303028947     
  0.17333333333333334       0.99973083908635874     
  0.17666666666666667       0.89791271535833750     
  0.18000000000000002       0.87529979715629569     
  0.18333333333333335       0.96260901173126456     
  0.18666666666666668        1.4789369216669614     
  0.19000000000000000        1.3741984614353790     
  0.19333333333333336       0.83809179280283619     
  0.19666666666666668       0.92570763752161345     
  0.20000000000000001       0.83836871184453698     
  0.20333333333333334       0.90604358885816794     
  0.20666666666666669       0.76291897227791972     
  0.21000000000000002       0.91508544566326366     
  0.21333333333333335       0.80285628993229374     
  0.21666666666666667        1.1740795071273988     
  0.22000000000000000        1.5826601806385301     
  0.22333333333333336        1.1747937838559803     
  0.22666666666666668       0.96594584267058659     
  0.23000000000000001       0.94361668477277305     
  0.23333333333333334        1.1265918266135067     
  0.23666666666666669       0.76568547694825928     
  0.24000000000000002       0.67214764731372645     
  0.24333333333333335       0.73883631963536300     
  0.24666666666666667       0.63772483957233450     
  0.25000000000000000        1.1365003135565499     
  0.25333333333333335        1.3392617231845558     
  0.25666666666666671        1.2485189794544558     
  0.26000000000000001        1.0273508196196497     
  0.26333333333333336        1.2820022630041010     
  0.26666666666666666        1.5345849768827897     
  0.27000000000000002        1.0223837680547712     
  0.27333333333333337       0.87892817654070021     
  0.27666666666666667       0.70824364608524237     
  0.28000000000000003       0.56147824997290130     
  0.28333333333333333       0.69234654265381268     
  0.28666666666666668       0.77380075465723652     
  0.29000000000000004       0.79317234876183895     
  0.29333333333333333       0.50245870987011865     
  0.29666666666666669       0.91773174724146844     
  0.30000000000000004        1.5017819794926202     
  0.30333333333333334        1.3656920780491066     
  0.30666666666666670        1.3884744080259228     
  0.31000000000000000        1.4325892177200450     
  0.31333333333333335        1.5216077558828740     
  0.31666666666666671        1.5427254172321880     
  0.32000000000000001        1.4856639181893381     
  0.32333333333333336        1.4945585323840462     
  0.32666666666666666       0.87884592022975982     
  0.33000000000000002       0.59600226463666373     
  0.33333333333333337       0.87726541740108255     
  0.33666666666666667       0.63886072702489893     
  0.34000000000000002       0.23920821514801907     
  0.34333333333333338      -0.11997221007917810     
  0.34666666666666668      -0.22359962542112977     
  0.35000000000000003      -0.24814302349180914     
  0.35333333333333333      -0.50232888733332137     
  0.35666666666666669      -0.35856444872214810     
  0.36000000000000004      -0.52318662855875830     
  0.36333333333333334       -1.0729341364607325     
  0.36666666666666670      -0.93894330333827181     
  0.37000000000000005      -0.67809085488919563     
  0.37333333333333335      -0.68516118935635573     
  0.37666666666666671      -0.91936266142231460     
  0.38000000000000000       -1.1568943636377931     
  0.38333333333333336      -0.94506736079591758     
  0.38666666666666671      -0.98601024837725348     
  0.39000000000000001       -1.0640749099530800     
  0.39333333333333337      -0.70595158198897701     
  0.39666666666666667      -0.88211418130448171     
  0.40000000000000002       -1.2655235215038203     
  0.40333333333333338       -1.1760641301325985     
  0.40666666666666668      -0.93645307160294888     
  0.41000000000000003      -0.72279276267016468     
  0.41333333333333339      -0.95318952327634809     
  0.41666666666666669       -1.1896054379326391     
  0.42000000000000004      -0.95825261038693321     
  0.42333333333333334       -1.0800121446719939     
  0.42666666666666669       -1.1645610696440842     
  0.43000000000000005      -0.76396166783937303     
  0.43333333333333335      -0.77481713100678107     
  0.43666666666666670       -1.0831190742849557     
  0.44000000000000000       -1.2474571688365985     
  0.44333333333333336       -1.1653966775297349     
  0.44666666666666671      -0.77717911261552597     
  0.45000000000000001      -0.82786894483882723     
  0.45333333333333337       -1.1109179430564045     
  0.45666666666666672      -0.91888628569149022     
  0.46000000000000002       -1.0053772389985061     
  0.46333333333333337       -1.2910836147825091     
  0.46666666666666667       -1.0342516471725827     
  0.47000000000000003      -0.77020724693085252     
  0.47333333333333338      -0.78102496165789637     
  0.47666666666666668       -1.0069021517560903     
  0.48000000000000004       -1.3173202365645937     
  0.48333333333333334       -1.0901882392200326     
  0.48666666666666669      -0.82586119678424130     
  0.49000000000000005       -1.0560476685734075     
  0.49333333333333335      -0.95326296682589584     
  0.49666666666666670      -0.73633838763946857     
  0.50000000000000000       -1.0553860230514058     
  0.50333333333333341       -1.2723773496361301     
  0.50666666666666671       -1.1661176108448941     
  0.51000000000000001      -0.93565249824942642     
  0.51333333333333342      -0.67826521319921462     
  0.51666666666666672      -0.90612257104067928     
  0.52000000000000002       -1.2061684690568055     
  0.52333333333333332      -0.97873016291769832     
  0.52666666666666673       -1.0032744460550618     
  0.53000000000000003       -1.2702542947551978     
  0.53333333333333333      -0.99649849462551832     
  0.53666666666666674      -0.70580816754098841     
  0.54000000000000004      -0.81213565961751510     
  0.54333333333333333       -1.0119937642098338     
  0.54666666666666675       -1.2727468126809678     
  0.55000000000000004       -1.2105308049886796     
  0.55333333333333334      -0.84635826256061986     
  0.55666666666666675      -0.94456044764603508     
  0.56000000000000005       -1.0840369406110439     
  0.56333333333333335      -0.75423338591378353     
  0.56666666666666665      -0.78933020782573826     
  0.57000000000000006       -1.2176410822642063     
  0.57333333333333336       -1.2799041743885609     
  0.57666666666666666       -1.1244035139574069     
  0.58000000000000007      -0.91059185246068663     
  0.58333333333333337      -0.71504348376309179     
  0.58666666666666667      -0.93297740728983802     
  0.59000000000000008       -1.1023412496157607     
  0.59333333333333338      -0.86338492219691387     
  0.59666666666666668       -1.0055141787648063     
  0.60000000000000009       -1.3926382009057994     
  0.60333333333333339       -1.1720747129041305     
  0.60666666666666669      -0.78362688275572967     
  0.60999999999999999      -0.76753494851023252     
  0.61333333333333340      -0.82491854677834198     
  0.61666666666666670       -1.0194574637047764     
  0.62000000000000000       -1.1745362121324847     
  0.62333333333333341       -1.0177000928249966     
  0.62666666666666671       -1.0235495224402007     
  0.63000000000000000       -1.3483659197002289     
  0.63333333333333341       -1.0450434121404248     
  0.63666666666666671      -0.61999351358684829     
  0.64000000000000001      -0.69265915786788046     
  0.64333333333333342       -1.0601809006564313     
  0.64666666666666672       -1.0151816795056174     
  0.65000000000000002       -1.2191563973112165     
  0.65333333333333332       -1.0511542339735471     
  0.65666666666666673       -1.1204821051875948     
  0.66000000000000003       -1.1002899494367466     
  0.66333333333333333       -1.2004382921278911     
  0.66666666666666674      -0.48475781998715772     
  0.67000000000000004      -0.70881001429797963     
  0.67333333333333334      -0.96217764747490864     
  0.67666666666666675       -1.2498189312958277     
  0.68000000000000005      -0.96323892016358326     
  0.68333333333333335       -1.2162079396077159     
  0.68666666666666676       -1.1344532981765687     
  0.69000000000000006       -1.1360624930005438     
  0.69333333333333336       -1.1606192893371494     
  0.69666666666666666      -0.75879413661352701     
  0.70000000000000007      -0.55580554634255841     
  0.70333333333333337      -0.71625524462132462     
  0.70666666666666667       -1.2635578553922511     
  0.71000000000000008      -0.93793024760326471     
  0.71333333333333337       -1.0135411674459218     
  0.71666666666666667       -1.2174652756241564     
  0.72000000000000008       -1.3132534898883133     
  0.72333333333333338       -1.2623434444829984     
  0.72666666666666668       -1.0455907648436815     
  0.73000000000000009      -0.86189602598507353     
  0.73333333333333339      -0.47225911950715860     
  0.73666666666666669      -0.90040410171649599     
  0.74000000000000010      -0.99017069990144058     
  0.74333333333333340      -0.72014895149538460     
  0.74666666666666670      -0.79091623991690396     
  0.75000000000000000       -1.1365003135565515     
  0.75333333333333341       -1.4924531235291236     
  0.75666666666666671       -1.2672063475944377     
  0.76000000000000001       -1.3453738722073627     
  0.76333333333333342       -1.1472836382358664     
  0.76666666666666672      -0.88025226977644278     
  0.77000000000000002       -1.1041044268424722     
  0.77333333333333343      -0.95857309871379082     
  0.77666666666666673      -0.62069398545822141     
  0.78000000000000003      -0.29207155922268574     
  0.78333333333333344      -0.64896077415705322     
  0.78666666666666674      -0.98448563217086449     
  0.79000000000000004      -0.77032754682183424     
  0.79333333333333333       -1.0030975929844528     
  0.79666666666666675       -1.1075200914783097     
  0.80000000000000004       -1.2192188139906437     
  0.80333333333333334       -1.5326055789572002     
  0.80666666666666675       -1.7110019045602367     
  0.81000000000000005       -1.6707251861548782     
  0.81333333333333335       -1.1771241323924795     
  0.81666666666666676       -1.2891264893557466     
  0.82000000000000006       -1.5736030411966238     
  0.82333333333333336       -1.1426523164465583     
  0.82666666666666677      -0.84129272861830784     
  0.83000000000000007      -0.58076587336897612     
  0.83333333333333337      -0.38002723952112660     
  0.83666666666666667      -0.23403229498163064     
  0.84000000000000008       -8.1865399696795460E-002
  0.84333333333333338      -0.12404363687242147     
  0.84666666666666668       0.41132984682005402     
  0.85000000000000009       0.80857292226640154     
  0.85333333333333339       0.45693308130683197     
  0.85666666666666669       0.44505879135665627     
  0.86000000000000010       0.67271678007682612     
  0.86333333333333340       0.89617056426837582     
  0.86666666666666670       0.97543595001003169     
  0.87000000000000011       0.85998865141439618     
  0.87333333333333341        1.0088846645881848     
  0.87666666666666671       0.82930069494313741     
  0.88000000000000000       0.66715510933374667     
  0.88333333333333341        1.1725731645972453     
  0.88666666666666671        1.2624397807568153     
  0.89000000000000001       0.93660265081558314     
  0.89333333333333342       0.79223450663574813     
  0.89666666666666672       0.84765640906528372     
  0.90000000000000002        1.1398781981199535     
  0.90333333333333343        1.0757031237997066     
  0.90666666666666673       0.96725529657215392     
  0.91000000000000003        1.1782886033929363     
  0.91333333333333344       0.88665039851294636     
  0.91666666666666674       0.67952036195893672     
  0.92000000000000004        1.0790781851279871     
  0.92333333333333334        1.2552481516140508     
  0.92666666666666675        1.1392571052815688     
  0.93000000000000005       0.85611023511861450     
  0.93333333333333335       0.75471401271130190     
  0.93666666666666676        1.0867380794214678     
  0.94000000000000006        1.0466237592493952     
  0.94333333333333336       0.93889621058945705     
  0.94666666666666677        1.2428952879304751     
  0.95000000000000007        1.0778367421550796     
  0.95333333333333337       0.71479913648295068     
  0.95666666666666678       0.82103008779430475     
  0.96000000000000008        1.0620784910212073     
  0.96333333333333337        1.2832550027185010     
  0.96666666666666667        1.1230709193827482     
  0.97000000000000008       0.76831376467181112     
  0.97333333333333338       0.95807922330877959     
  0.97666666666666668        1.0361717242067587     
  0.98000000000000009       0.80374249092693240     
  0.98333333333333339        1.0709845447672044     
  0.98666666666666669        1.3044454473384677     
  0.99000000000000010        1.0659824916929550     
  0.99333333333333340       0.83457206226309766     
  0.99666666666666670       0.71633806815460999     
