   0.0000000000000000       0.95707746472132527     
   3.3333333333333335E-003   1.1743558931652474     
   6.6666666666666671E-003   1.2409639363354830     
   1.0000000000000000E-002   1.2877669936118123     
   1.3333333333333334E-002  0.89117498741921164     
   1.6666666666666666E-002  0.62943367512270243     
   2.0000000000000000E-002  0.93293025620858838     
   2.3333333333333334E-002  0.87237642728457399     
   2.6666666666666668E-002  0.83074701418701624     
   3.0000000000000002E-002   1.0206473274868268     
   3.3333333333333333E-002   1.2003344846967199     
   3.6666666666666667E-002   1.4592555379219669     
   4.0000000000000001E-002   1.1669554491290108     
   4.3333333333333335E-002  0.84502388897775127     
   4.6666666666666669E-002   1.0240598838904227     
   5.0000000000000003E-002  0.88140034119507793     
   5.3333333333333337E-002  0.67425659237198365     
   5.6666666666666671E-002  0.67369515837931193     
   6.0000000000000005E-002  0.77384362159251296     
   6.3333333333333339E-002   1.2201307978278610     
   6.6666666666666666E-002   1.2932468564920738     
   7.0000000000000007E-002   1.0661645865211733     
   7.3333333333333334E-002   1.3140498842857073     
   7.6666666666666675E-002   1.3930877717919707     
   8.0000000000000002E-002   1.1549809956012405     
   8.3333333333333343E-002  0.93086057979895875     
   8.6666666666666670E-002  0.60734269791056572     
   9.0000000000000011E-002  0.68116693746744594     
   9.3333333333333338E-002  0.84921292891714673     
   9.6666666666666679E-002  0.53904824129022311     
  0.10000000000000001       0.56665024629904381     
  0.10333333333333335       0.96096415469609697     
  0.10666666666666667        1.1590540110756766     
  0.11000000000000000        1.3653602944258934     
  0.11333333333333334        1.3586803297880012     
  0.11666666666666667        1.3144848942454448     
  0.12000000000000001        1.6935466036205200     
  0.12333333333333334        1.7128422578600924     
  0.12666666666666668        1.2784126925599688     
  0.13000000000000000        1.1493701992939747     
  0.13333333333333333        1.0516228375668255     
  0.13666666666666669       0.87942642742427268     
  0.14000000000000001       0.74260429584869603     
  0.14333333333333334       0.24109817364301628     
  0.14666666666666667      -0.11295158244250969     
  0.15000000000000002        4.9813631676630624E-002
  0.15333333333333335       -9.8655066852335174E-002
  0.15666666666666668      -0.49828364728100688     
  0.16000000000000000      -0.62712439071167725     
  0.16333333333333333      -0.75098372681215175     
  0.16666666666666669      -0.72745176703943037     
  0.17000000000000001      -0.58072710420521656     
  0.17333333333333334      -0.89594146213883508     
  0.17666666666666667       -1.1639828940282091     
  0.18000000000000002      -0.89836882501239468     
  0.18333333333333335      -0.79941008005441050     
  0.18666666666666668      -0.93977688444499330     
  0.19000000000000000      -0.96892250270980418     
  0.19333333333333336       -1.1241524155235980     
  0.19666666666666668       -1.1205257531215678     
  0.20000000000000001      -0.77551376967247798     
  0.20333333333333334      -0.83541781601450060     
  0.20666666666666669       -1.1867204519968140     
  0.21000000000000002       -1.1141289590398145     
  0.21333333333333335      -0.95435012965981958     
  0.21666666666666667      -0.95534689449118737     
  0.22000000000000000      -0.85670619686953176     
  0.22333333333333336      -0.98410816325353656     
  0.22666666666666668       -1.2652709807171554     
  0.23000000000000001       -1.0502097069154794     
  0.23333333333333334      -0.75223881276560101     
  0.23666666666666669      -0.93721828279404218     
  0.24000000000000002       -1.0934182429251360     
  0.24333333333333335       -1.0549634196447035     
  0.24666666666666667       -1.1156037261806988     
  0.25000000000000000      -0.97513568062031708     
  0.25333333333333335      -0.73601977912285166     
  0.25666666666666671      -0.97846779761409053     
  0.26000000000000001       -1.2666218461080467     
  0.26333333333333336       -1.0595969497626432     
  0.26666666666666666      -0.88119558836792167     
  0.27000000000000002      -0.94461648310133750     
  0.27333333333333337      -0.90337517476928009     
  0.27666666666666667      -0.99495395983142620     
  0.28000000000000003       -1.2529416192643932     
  0.28333333333333333       -1.0905632153808560     
  0.28666666666666668      -0.74288002215625593     
  0.29000000000000004      -0.86950659594954749     
  0.29333333333333333       -1.1105106629823105     
  0.29666666666666669       -1.0688239436084772     
  0.30000000000000004       -1.0794924472830576     
  0.30333333333333334       -1.0877143519323840     
  0.30666666666666670      -0.81147821351677685     
  0.31000000000000000      -0.77380255973261103     
  0.31333333333333335       -1.1365418416308932     
  0.31666666666666671       -1.2510742359206670     
  0.32000000000000001      -0.96991777914299193     
  0.32333333333333336      -0.93611746514525607     
  0.32666666666666666      -0.92730085736467061     
  0.33000000000000002      -0.87408998435217944     
  0.33333333333333337      -0.94857491929910465     
  0.33666666666666667       -1.3318623089590274     
  0.34000000000000002       -1.0805555745472115     
  0.34333333333333338      -0.86171426080017477     
  0.34666666666666668      -0.75436083365358109     
  0.35000000000000003       -1.1173189462188722     
  0.35333333333333333      -0.88925274170526414     
  0.35666666666666669       -1.2005847856227130     
  0.36000000000000004       -1.1103779124671900     
  0.36333333333333334       -1.1163228952652704     
  0.36666666666666670      -0.58482980838147602     
  0.37000000000000005      -0.95881168507281200     
  0.37333333333333335       -1.0822002052035404     
  0.37666666666666671       -1.1424362800700267     
  0.38000000000000000       -1.0478251052104592     
  0.38333333333333336       -1.0859680938236478     
  0.38666666666666671       -1.0086936160838982     
  0.39000000000000001      -0.60781549011449176     
  0.39333333333333337      -0.98335492621852638     
  0.39666666666666667       -1.1395982872049888     
  0.40000000000000002       -1.2527637989256535     
  0.40333333333333338      -0.95505039243758660     
  0.40666666666666668       -1.0065398755674064     
  0.41000000000000003       -1.0066447302214971     
  0.41333333333333339      -0.67142697688118003     
  0.41666666666666669      -0.93457630522760349     
  0.42000000000000004       -1.1361579796946801     
  0.42333333333333334       -1.3304520093083894     
  0.42666666666666669      -0.99287806878534346     
  0.43000000000000005      -0.88286850809943318     
  0.43333333333333335       -1.0437592843955084     
  0.43666666666666670      -0.75255958509914211     
  0.44000000000000000      -0.85269297144305267     
  0.44333333333333336       -1.0355795597489899     
  0.44666666666666671       -1.3319964198400298     
  0.45000000000000001       -1.2060594628493944     
  0.45333333333333337      -0.81806372022402729     
  0.45666666666666672       -1.0087607198459241     
  0.46000000000000002      -0.88187374856295664     
  0.46333333333333337      -0.77902676755401767     
  0.46666666666666667      -0.88906214792232563     
  0.47000000000000003       -1.1210844538044067     
  0.47333333333333338       -1.4197336541534347     
  0.47666666666666668       -1.0396233854594352     
  0.48000000000000004      -0.90324937858740284     
  0.48333333333333334       -1.0270446628205148     
  0.48666666666666669      -0.81608072585925562     
  0.49000000000000005      -0.78263779160085889     
  0.49333333333333335      -0.79547581449940474     
  0.49666666666666670       -1.1600557337490991     
  0.50000000000000000       -1.4028675125564485     
  0.50333333333333341       -1.0381366303072352     
  0.50666666666666671       -1.0551904952129592     
  0.51000000000000001       -1.0892099404558186     
  0.51333333333333342      -0.86983983301582135     
  0.51666666666666672      -0.74467301121671092     
  0.52000000000000002      -0.62082040565106567     
  0.52333333333333332       -1.0037067661087868     
  0.52666666666666673       -1.2858916119072141     
  0.53000000000000003       -1.0488541966753400     
  0.53333333333333333       -1.1789579699475101     
  0.53666666666666674       -1.2900861476014851     
  0.54000000000000004       -1.1401197183128458     
  0.54333333333333333      -0.93671568105728553     
  0.54666666666666675      -0.57386574396278023     
  0.55000000000000004      -0.71812884531383758     
  0.55333333333333334      -0.98872465832803302     
  0.55666666666666675      -0.78081524287479920     
  0.56000000000000005      -0.90553637712257440     
  0.56333333333333335       -1.2292117818624371     
  0.56666666666666665       -1.3691929299707406     
  0.57000000000000006       -1.4390985388798831     
  0.57333333333333336       -1.1158439892380065     
  0.57666666666666666      -0.96858145487509373     
  0.58000000000000007       -1.1656179982221466     
  0.58333333333333337      -0.85037801981623073     
  0.58666666666666667      -0.50683021778983162     
  0.59000000000000008      -0.56061650941664876     
  0.59333333333333338      -0.63579990361669725     
  0.59666666666666668      -0.88253303241703807     
  0.60000000000000009      -0.95544565709752549     
  0.60333333333333339      -0.84131320405446031     
  0.60666666666666669       -1.2728102621197805     
  0.60999999999999999       -1.6470759514685596     
  0.61333333333333340       -1.5017244184505021     
  0.61666666666666670       -1.4684047335277932     
  0.62000000000000000       -1.4472864943163919     
  0.62333333333333341       -1.4085560232272161     
  0.62666666666666671       -1.4626824512091521     
  0.63000000000000000       -1.0397210867830931     
  0.63333333333333341      -0.56166083157156010     
  0.63666666666666671      -0.62839453186682359     
  0.64000000000000001      -0.51218637255683941     
  0.64333333333333342      -0.11405689816660702     
  0.64666666666666672       0.12424322155570558     
  0.65000000000000002       0.40131548318687144     
  0.65333333333333332       0.45939077765813152     
  0.65666666666666673       0.30714578548178673     
  0.66000000000000003       0.64086639737897044     
  0.66333333333333333       0.99458514091142070     
  0.66666666666666674       0.82025664286518640     
  0.67000000000000004       0.74784871060942737     
  0.67333333333333334       0.85015786650076186     
  0.67666666666666675       0.88466329046704228     
  0.68000000000000005        1.1053745584312824     
  0.68333333333333335        1.1169172802624205     
  0.68666666666666676       0.76006284757785625     
  0.69000000000000006       0.83175718214307215     
  0.69333333333333336        1.1640043702314051     
  0.69666666666666666        1.0920621141305080     
  0.70000000000000007       0.97674848505541190     
  0.70333333333333337       0.95493949931044431     
  0.70666666666666667       0.83342799432386505     
  0.71000000000000008        1.0133465442085807     
  0.71333333333333337        1.2718928102744465     
  0.71666666666666667       0.99818055793520866     
  0.72000000000000008       0.75954449721411021     
  0.72333333333333338       0.97778415160793508     
  0.72666666666666668        1.0835689817816161     
  0.73000000000000009        1.0610859982741145     
  0.73333333333333339        1.1146251229188309     
  0.73666666666666669       0.90851676037002660     
  0.74000000000000010       0.74850137879969192     
  0.74333333333333340        1.0816579695515565     
  0.74666666666666670        1.2558315101268609     
  0.75000000000000000       0.97513568062031819     
  0.75333333333333341       0.87624756306901308     
  0.75666666666666671       0.95177324770723715     
  0.76000000000000001       0.92170498198260387     
  0.76333333333333342        1.0882984721866571     
  0.76666666666666672        1.2435818985211520     
  0.77000000000000002       0.93374019174270184     
  0.77333333333333343       0.72167317583373636     
  0.77666666666666673        1.0012779714770321     
  0.78000000000000003        1.1557799196089729     
  0.78333333333333344        1.0477295519368368     
  0.78666666666666674        1.0604227027708819     
  0.79000000000000004       0.97028901078078678     
  0.79333333333333333       0.75721820530935935     
  0.79666666666666675       0.94930226031253784     
  0.80000000000000004        1.2807271626659895     
  0.80333333333333334        1.1161779909234468     
  0.80666666666666675       0.85133016822458618     
  0.81000000000000005       0.91096788029934306     
  0.81333333333333335       0.95682780476375262     
  0.81666666666666676       0.93356703571265820     
  0.82000000000000006        1.1769235125618804     
  0.82333333333333336        1.2154370687064242     
  0.82666666666666677       0.88151726172659639     
  0.83000000000000007       0.70696837794797007     
  0.83333333333333337        1.0413797951248580     
  0.83666666666666667        1.0882608948597572     
  0.84000000000000008        1.0942975812145053     
  0.84333333333333338        1.0528521225993985     
  0.84666666666666668        1.1150965444593763     
  0.85000000000000009       0.66618983135536891     
  0.85333333333333339       0.90054438081846311     
  0.85666666666666669        1.0735435101463067     
  0.86000000000000010        1.3407958357590422     
  0.86333333333333340       0.86529099970781986     
  0.86666666666666670        1.0747918143767434     
  0.87000000000000011       0.84916257256193095     
  0.87333333333333341       0.89793044655435716     
  0.87666666666666671       0.83815004543715077     
  0.88000000000000000        1.2940852145145891     
  0.88333333333333341        1.2398879331059935     
  0.88666666666666671       0.86564952742139989     
  0.89000000000000001       0.88953114715715709     
  0.89333333333333342       0.86959867517441902     
  0.89666666666666672        1.0199473365633518     
  0.90000000000000002       0.86396838812717291     
  0.90333333333333343        1.2985351835644028     
  0.90666666666666673        1.2199529008678527     
  0.91000000000000003       0.88609430217070140     
  0.91333333333333344       0.77193945700191702     
  0.91666666666666674       0.85409374524487791     
  0.92000000000000004        1.1255209770737729     
  0.92333333333333334       0.90594569239150990     
  0.92666666666666675        1.1910839638330442     
  0.93000000000000005        1.2558024604581426     
  0.93333333333333335       0.96781321091684402     
  0.93666666666666676       0.76164056913371636     
  0.94000000000000006       0.72100021591299246     
  0.94333333333333336        1.1426996442444757     
  0.94666666666666677        1.0175283538839814     
  0.95000000000000007        1.0427879669681499     
  0.95333333333333337        1.2682578601516701     
  0.95666666666666678        1.1004525119254565     
  0.96000000000000008       0.90870947937912483     
  0.96333333333333337       0.60985737723353661     
  0.96666666666666667       0.91043866267153439     
  0.97000000000000008        1.1492913229929187     
  0.97333333333333338       0.96458905643323456     
  0.97666666666666668        1.1709537242836434     
  0.98000000000000009        1.2153592291449189     
  0.98333333333333339        1.1422839989145244     
  0.98666666666666669       0.83741588026264036     
  0.99000000000000010       0.58408073844486563     
  0.99333333333333340       0.98124925562193166     
  0.99666666666666670        1.0238364708910830     
