   0.0000000000000000       -1.1118130691146668     
   3.3333333333333335E-003  -1.1381976019775797     
   6.6666666666666671E-003 -0.89306921077832646     
   1.0000000000000000E-002 -0.85097396914575618     
   1.3333333333333334E-002  -1.0917926098636832     
   1.6666666666666666E-002  -1.1647273473126936     
   2.0000000000000000E-002 -0.93602657590287042     
   2.3333333333333334E-002 -0.81923475386952649     
   2.6666666666666668E-002  -1.0211597036750448     
   3.0000000000000002E-002  -1.1894355670343855     
   3.3333333333333333E-002  -1.0367076700528288     
   3.6666666666666667E-002 -0.82002422674574726     
   4.0000000000000001E-002 -0.89573036264484129     
   4.3333333333333335E-002  -1.1406764114071830     
   4.6666666666666669E-002  -1.1674554847538814     
   5.0000000000000003E-002 -0.93567954705162570     
   5.3333333333333337E-002 -0.79746579216579361     
   5.6666666666666671E-002 -0.95705089536557886     
   6.0000000000000005E-002  -1.1816000804858562     
   6.3333333333333339E-002  -1.1527247018665021     
   6.6666666666666666E-002 -0.91190214209787857     
   7.0000000000000007E-002 -0.78584516105610525     
   7.3333333333333334E-002 -0.94002785158830626     
   7.6666666666666675E-002  -1.1743034375691419     
   8.0000000000000002E-002  -1.1944948907624708     
   8.3333333333333343E-002 -0.97746615638669598     
   8.6666666666666670E-002 -0.78275154085289278     
   9.0000000000000011E-002 -0.83512219637678820     
   9.3333333333333338E-002  -1.0739417578071266     
   9.6666666666666679E-002  -1.2375769263862648     
  0.10000000000000001       -1.1536960573448878     
  0.10333333333333335      -0.91010071547750648     
  0.10666666666666667      -0.74938762264765246     
  0.11000000000000000      -0.82481936149726942     
  0.11333333333333334       -1.0647906871753023     
  0.11666666666666667       -1.2540955418600186     
  0.12000000000000001       -1.2306787529511891     
  0.12333333333333334       -1.0155058769860290     
  0.12666666666666668      -0.78033747666605746     
  0.13000000000000000      -0.70356383244390719     
  0.13333333333333333      -0.83962580552760391     
  0.13666666666666669       -1.0930173067513311     
  0.14000000000000001       -1.2964660772269003     
  0.14333333333333334       -1.3235527317679814     
  0.14666666666666667       -1.1594550874368914     
  0.15000000000000002      -0.89640481778515935     
  0.15333333333333335      -0.67194833238832463     
  0.15666666666666668      -0.59505544726421278     
  0.16000000000000000      -0.69976064054481835     
  0.16333333333333333      -0.94158297465351148     
  0.16666666666666669       -1.2274991843987939     
  0.17000000000000001       -1.4579821408327431     
  0.17333333333333334       -1.5611397370718265     
  0.17666666666666667       -1.5085975621281720     
  0.18000000000000002       -1.3132167881424937     
  0.18333333333333335       -1.0153018887341785     
  0.18666666666666668      -0.66551898114015351     
  0.19000000000000000      -0.31074338422788628     
  0.19333333333333336        1.4276495373948581E-002
  0.19666666666666668       0.28944878293757470     
  0.20000000000000001       0.50772639702681144     
  0.20333333333333334       0.67144266679434939     
  0.20666666666666669       0.78830673228017845     
  0.21000000000000002       0.86808746724823460     
  0.21333333333333335       0.92037484665191793     
  0.21666666666666667       0.95337426692391847     
  0.22000000000000000       0.97348003266267702     
  0.22333333333333336       0.98533105787368702     
  0.22666666666666668       0.99210130350885539     
  0.23000000000000001       0.99585538688259800     
  0.23333333333333334       0.99787945585302773     
  0.23666666666666669       0.99893988872789430     
  0.24000000000000002       0.99948493896663515     
  0.24333333333333335       0.99974944075984118     
  0.24666666666666667       0.99989413956763262     
  0.25000000000000000       0.99992760416432480     
  0.25333333333333335        1.0000191151359539     
  0.25666666666666671       0.99990078799439075     
  0.26000000000000001        1.0001770165744848     
  0.26333333333333336       0.99963707310426753     
  0.26666666666666666        1.0006996850337300     
  0.27000000000000002       0.99867652756678083     
  0.27333333333333337        1.0024309848929158     
  0.27666666666666667       0.99566088978979306     
  0.28000000000000003        1.0075119744809162     
  0.28333333333333333       0.98740623182079024     
  0.28666666666666668        1.0204056608890801     
  0.29000000000000004       0.96811828477988382     
  0.29333333333333333        1.0478990209608070     
  0.29666666666666669       0.93103495591402508     
  0.30000000000000004        1.0947512258378782     
  0.30333333333333334       0.87647361180339589     
  0.30666666666666670        1.1516458993858931     
  0.31000000000000000       0.82662601979046257     
  0.31333333333333335        1.1814016167048702     
  0.31666666666666671       0.83161870911154812     
  0.32000000000000001        1.1295336085200913     
  0.32333333333333336       0.93415283453448550     
  0.32666666666666666       0.98669500947816435     
  0.33000000000000002        1.0898526057172535     
  0.33333333333333337       0.85936964928330817     
  0.33666666666666667        1.1452858590285897     
  0.34000000000000002       0.90346352491989623     
  0.34333333333333338        1.0081687182005012     
  0.34666666666666668        1.0850616033246123     
  0.35000000000000003       0.86060511792777716     
  0.35333333333333333        1.1236553875795083     
  0.35666666666666669       0.95955774324841747     
  0.36000000000000004       0.93247108870733642     
  0.36333333333333334        1.1359198591829058     
  0.36666666666666670       0.88252835795917972     
  0.37000000000000005        1.0185903310428777     
  0.37333333333333335        1.0953639752650270     
  0.37666666666666671       0.86019557494505761     
  0.38000000000000000        1.0753684509102184     
  0.38333333333333336        1.0519516620013887     
  0.38666666666666671       0.86264680731667509     
  0.39000000000000001        1.1026181329947049     
  0.39333333333333337        1.0271863941450894     
  0.39666666666666667       0.86647330131523426     
  0.40000000000000002        1.1100686431826152     
  0.40333333333333338        1.0261877741412384     
  0.40666666666666668       0.86255260556209878     
  0.41000000000000003        1.1013721669924359     
  0.41333333333333339        1.0490015114685405     
  0.41666666666666669       0.85428689593473750     
  0.42000000000000004        1.0713156303105114     
  0.42333333333333334        1.0915070835038390     
  0.42666666666666669       0.85723149752300543     
  0.43000000000000005        1.0114141880552077     
  0.43333333333333335        1.1374711690969819     
  0.43666666666666670       0.89664860932835855     
  0.44000000000000000       0.92552398794771318     
  0.44333333333333336        1.1500731730679932     
  0.44666666666666671       0.99048806986820725     
  0.45000000000000001       0.85227431498237449     
  0.45333333333333337        1.0840502526846318     
  0.45666666666666672        1.1108293260313289     
  0.46000000000000002       0.86588327726898495     
  0.46333333333333337       0.94158941316808031     
  0.46666666666666667        1.1582728564751610     
  0.47000000000000003        1.0055449594936019     
  0.47333333333333338       0.83726909613426326     
  0.47666666666666668        1.0391940459397815     
  0.48000000000000004        1.1559858679731252     
  0.48333333333333334       0.92728509656330171     
  0.48666666666666669       0.85435035911429191     
  0.49000000000000005        1.0951689998322196     
  0.49333333333333335        1.1372642414647913     
  0.49666666666666670       0.89213585026553610     
  0.50000000000000000       0.86575131740262479     
  0.50333333333333341        1.1118130691146668     
  0.50666666666666671        1.1381976019775797     
  0.51000000000000001       0.89306921077832646     
  0.51333333333333342       0.85097396914575618     
  0.51666666666666672        1.0917926098636832     
  0.52000000000000002        1.1647273473126936     
  0.52333333333333332       0.93602657590287042     
  0.52666666666666673       0.81923475386952649     
  0.53000000000000003        1.0211597036750448     
  0.53333333333333333        1.1894355670343855     
  0.53666666666666674        1.0367076700528288     
  0.54000000000000004       0.82002422674574726     
  0.54333333333333333       0.89573036264484129     
  0.54666666666666675        1.1406764114071830     
  0.55000000000000004        1.1674554847538814     
  0.55333333333333334       0.93567954705162570     
  0.55666666666666675       0.79746579216579361     
  0.56000000000000005       0.95705089536557886     
  0.56333333333333335        1.1816000804858562     
  0.56666666666666665        1.1527247018665021     
  0.57000000000000006       0.91190214209787857     
  0.57333333333333336       0.78584516105610525     
  0.57666666666666666       0.94002785158830626     
  0.58000000000000007        1.1743034375691419     
  0.58333333333333337        1.1944948907624708     
  0.58666666666666667       0.97746615638669598     
  0.59000000000000008       0.78275154085289278     
  0.59333333333333338       0.83512219637678820     
  0.59666666666666668        1.0739417578071266     
  0.60000000000000009        1.2375769263862648     
  0.60333333333333339        1.1536960573448878     
  0.60666666666666669       0.91010071547750648     
  0.60999999999999999       0.74938762264765246     
  0.61333333333333340       0.82481936149726942     
  0.61666666666666670        1.0647906871753023     
  0.62000000000000000        1.2540955418600186     
  0.62333333333333341        1.2306787529511891     
  0.62666666666666671        1.0155058769860290     
  0.63000000000000000       0.78033747666605746     
  0.63333333333333341       0.70356383244390719     
  0.63666666666666671       0.83962580552760391     
  0.64000000000000001        1.0930173067513311     
  0.64333333333333342        1.2964660772269003     
  0.64666666666666672        1.3235527317679814     
  0.65000000000000002        1.1594550874368914     
  0.65333333333333332       0.89640481778515935     
  0.65666666666666673       0.67194833238832463     
  0.66000000000000003       0.59505544726421278     
  0.66333333333333333       0.69976064054481835     
  0.66666666666666674       0.94158297465351171     
  0.67000000000000004        1.2274991843987917     
  0.67333333333333334        1.4579821408327507     
  0.67666666666666675        1.5611397370718014     
  0.68000000000000005        1.5085975621282497     
  0.68333333333333335        1.3132167881422558     
  0.68666666666666676        1.0153018887348959     
  0.69000000000000006       0.66551898113802155     
  0.69333333333333336       0.31074338423412134     
  0.69666666666666666       -1.4276495391888924E-002
  0.70000000000000007      -0.28944878288679354     
  0.70333333333333337      -0.50772639716817647     
  0.70666666666666667      -0.67144266640743833     
  0.71000000000000008      -0.78830673332098711     
  0.71333333333333337      -0.86808746449733243     
  0.71666666666666667      -0.92037485379308837     
  0.72000000000000008      -0.95337424872317666     
  0.72333333333333338      -0.97348007818864246     
  0.72666666666666668      -0.98533094616351324     
  0.73000000000000009      -0.99210157228439988     
  0.73333333333333339      -0.99585475310703986     
  0.73666666666666669      -0.99788091970999071     
  0.74000000000000010      -0.99893657871871044     
  0.74333333333333340      -0.99949226140630321     
  0.74666666666666670      -0.99973360340548567     
  0.75000000000000000      -0.99992760416432380     
  0.75333333333333341      -0.99985857897380803     
  0.75666666666666671       -1.0001579673479268     
  0.76000000000000001      -0.99962865632656106     
  0.76333333333333342       -1.0006960421221696     
  0.76666666666666672      -0.99867498228774065     
  0.77000000000000002       -1.0024303421649785     
  0.77333333333333343      -0.99566062754757301     
  0.77666666666666673       -1.0075118694748362     
  0.78000000000000003      -0.98740619054141698     
  0.78333333333333344       -1.0204056449516190     
  0.78666666666666674      -0.96811827873449530     
  0.79000000000000004       -1.0478990187071295     
  0.79333333333333333      -0.93103495508806755     
  0.79666666666666675       -1.0947512255401968     
  0.80000000000000004      -0.87647361169786109     
  0.80333333333333334       -1.1516458993490799     
  0.80666666666666675      -0.82662601977782457     
  0.81000000000000005       -1.1814016167005985     
  0.81333333333333335      -0.83161870911012714     
  0.81666666666666676       -1.1295336085196253     
  0.82000000000000006      -0.93415283453433484     
  0.82333333333333336      -0.98669500947811650     
  0.82666666666666677       -1.0898526057172389     
  0.83000000000000007      -0.85936964928330362     
  0.83333333333333337       -1.1452858590285881     
  0.83666666666666667      -0.90346352491989557     
  0.84000000000000008       -1.0081687182005012     
  0.84333333333333338       -1.0850616033246123     
  0.84666666666666668      -0.86060511792777716     
  0.85000000000000009       -1.1236553875795083     
  0.85333333333333339      -0.95955774324841747     
  0.85666666666666669      -0.93247108870733642     
  0.86000000000000010       -1.1359198591829058     
  0.86333333333333340      -0.88252835795917972     
  0.86666666666666670       -1.0185903310428777     
  0.87000000000000011       -1.0953639752650270     
  0.87333333333333341      -0.86019557494505761     
  0.87666666666666671       -1.0753684509102184     
  0.88000000000000000       -1.0519516620013887     
  0.88333333333333341      -0.86264680731667509     
  0.88666666666666671       -1.1026181329947049     
  0.89000000000000001       -1.0271863941450894     
  0.89333333333333342      -0.86647330131523426     
  0.89666666666666672       -1.1100686431826152     
  0.90000000000000002       -1.0261877741412384     
  0.90333333333333343      -0.86255260556209878     
  0.90666666666666673       -1.1013721669924359     
  0.91000000000000003       -1.0490015114685405     
  0.91333333333333344      -0.85428689593473750     
  0.91666666666666674       -1.0713156303105114     
  0.92000000000000004       -1.0915070835038390     
  0.92333333333333334      -0.85723149752300543     
  0.92666666666666675       -1.0114141880552077     
  0.93000000000000005       -1.1374711690969819     
  0.93333333333333335      -0.89664860932835855     
  0.93666666666666676      -0.92552398794771318     
  0.94000000000000006       -1.1500731730679932     
  0.94333333333333336      -0.99048806986820725     
  0.94666666666666677      -0.85227431498237449     
  0.95000000000000007       -1.0840502526846318     
  0.95333333333333337       -1.1108293260313289     
  0.95666666666666678      -0.86588327726898495     
  0.96000000000000008      -0.94158941316808031     
  0.96333333333333337       -1.1582728564751610     
  0.96666666666666667       -1.0055449594936019     
  0.97000000000000008      -0.83726909613426326     
  0.97333333333333338       -1.0391940459397815     
  0.97666666666666668       -1.1559858679731252     
  0.98000000000000009      -0.92728509656330171     
  0.98333333333333339      -0.85435035911429191     
  0.98666666666666669       -1.0951689998322196     
  0.99000000000000010       -1.1372642414647913     
  0.99333333333333340      -0.89213585026553610     
  0.99666666666666670      -0.86575131740262479     
