   0.0000000000000000      -0.90901321719691142     
   3.3333333333333335E-003 -0.87474313588855135     
   6.6666666666666671E-003  -1.0883896607675048     
   1.0000000000000000E-002  -1.1303550390254782     
   1.3333333333333334E-002 -0.91911674992179648     
   1.6666666666666666E-002 -0.86194377288250079     
   2.0000000000000000E-002  -1.0678001794346610     
   2.3333333333333334E-002  -1.1471794003545337     
   2.6666666666666668E-002 -0.95165170186908565     
   3.0000000000000002E-002 -0.84419548587047166     
   3.3333333333333333E-002  -1.0219082744056758     
   3.6666666666666667E-002  -1.1611858105280632     
   4.0000000000000001E-002  -1.0115145426063523     
   4.3333333333333335E-002 -0.84020147678049206     
   4.6666666666666669E-002 -0.94930314308280150     
   5.0000000000000003E-002  -1.1476553689156179     
   5.3333333333333337E-002  -1.0925477523387028     
   5.6666666666666671E-002 -0.87895966867624076     
   6.0000000000000005E-002 -0.86839593436927109     
   6.3333333333333339E-002  -1.0777564124465311     
   6.6666666666666666E-002  -1.1600108057696419     
   7.0000000000000007E-002 -0.98118459751750120     
   7.3333333333333334E-002 -0.83155556458382907     
   7.6666666666666675E-002 -0.95021421663286076     
   8.0000000000000002E-002  -1.1483463820065483     
   8.3333333333333343E-002  -1.1160727750723538     
   8.6666666666666670E-002 -0.90432480216038702     
   9.0000000000000011E-002 -0.83723304518143182     
   9.3333333333333338E-002  -1.0149206250834795     
   9.6666666666666679E-002  -1.1718282926273043     
  0.10000000000000001       -1.0765212853637212     
  0.10333333333333335      -0.87028454879424377     
  0.10666666666666667      -0.84727832323053143     
  0.11000000000000000       -1.0429245290589682     
  0.11333333333333334       -1.1756483437402625     
  0.11666666666666667       -1.0738104401086468     
  0.12000000000000001      -0.85978555434724813     
  0.12333333333333334      -0.84994385188662813     
  0.12666666666666668       -1.0122326732556641     
  0.13000000000000000       -1.1995308725065923     
  0.13333333333333333       -1.0727139076619925     
  0.13666666666666669      -0.93605888755223721     
  0.14000000000000001      -0.76263577077067601     
  0.14333333333333334       -1.0368583166806273     
  0.14666666666666667       -1.0641397117274407     
  0.15000000000000002       -1.2726787519842930     
  0.15333333333333335      -0.84844776422286561     
  0.15666666666666668      -0.96094890902345942     
  0.16000000000000000      -0.71592507232965996     
  0.16333333333333333       -1.2073382434408941     
  0.16666666666666669       -1.0695579530716042     
  0.17000000000000001       -1.2053187573930897     
  0.17333333333333334      -0.86812855304846526     
  0.17666666666666667      -0.79052351171099089     
  0.18000000000000002      -0.95463463874616750     
  0.18333333333333335      -0.99245974777394519     
  0.18666666666666668       -1.3256400492233218     
  0.19000000000000000       -1.0056310499064356     
  0.19333333333333336      -0.98725765657861420     
  0.19666666666666668      -0.77949009367389321     
  0.20000000000000001      -0.80676146007725402     
  0.20333333333333334       -1.1518298153707431     
  0.20666666666666669       -1.0896106314736171     
  0.21000000000000002       -1.2684584930196683     
  0.21333333333333335      -0.97637115970502752     
  0.21666666666666667      -0.77959718843653292     
  0.22000000000000000      -0.87834325393015977     
  0.22333333333333336      -0.80158553777582719     
  0.22666666666666668       -1.1839157052548168     
  0.23000000000000001       -1.2326044008577737     
  0.23333333333333334       -1.1104427504961207     
  0.23666666666666669       -1.1140559808573807     
  0.24000000000000002      -0.73046640541407193     
  0.24333333333333335      -0.76680263975890950     
  0.24666666666666667      -0.91123478437869099     
  0.25000000000000000      -0.93227662972870873     
  0.25333333333333335       -1.3023526502976768     
  0.25666666666666671       -1.2565207883381322     
  0.26000000000000001       -1.0859132977867110     
  0.26333333333333336       -1.0751640971067813     
  0.26666666666666666      -0.71155742062659932     
  0.27000000000000002      -0.68481370550489151     
  0.27333333333333337      -0.87609969527669584     
  0.27666666666666667      -0.85703849012118860     
  0.28000000000000003       -1.1944570935877206     
  0.28333333333333333       -1.3766238478998101     
  0.28666666666666668       -1.2090932399417817     
  0.29000000000000004       -1.2684028121232731     
  0.29333333333333333       -1.0436502054668544     
  0.29666666666666669      -0.68001941197501170     
  0.30000000000000004      -0.72454333715566244     
  0.30333333333333334      -0.61958842714353302     
  0.30666666666666670      -0.57986195716856292     
  0.31000000000000000      -0.96278214670653084     
  0.31333333333333335       -1.1057020754020883     
  0.31666666666666671       -1.2190229657088936     
  0.32000000000000001       -1.5854453726897406     
  0.32333333333333336       -1.5641678722812977     
  0.32666666666666666       -1.4172358137236190     
  0.33000000000000002       -1.4848294452165245     
  0.33333333333333337       -1.1905267943347599     
  0.33666666666666667      -0.79232117361727072     
  0.34000000000000002      -0.69880581218452065     
  0.34333333333333338      -0.36018216268212200     
  0.34666666666666668        7.1491317671628821E-002
  0.35000000000000003       0.12747036567908432     
  0.35333333333333333       0.32338086900973323     
  0.35666666666666669       0.67769267796461496     
  0.36000000000000004       0.65844018399535664     
  0.36333333333333334       0.67733518329294651     
  0.36666666666666670       0.95470372120313318     
  0.37000000000000005       0.92797365567900902     
  0.37333333333333335       0.81000649627852128     
  0.37666666666666671        1.0191389336443224     
  0.38000000000000000        1.0598917719774097     
  0.38333333333333336       0.86581109125632794     
  0.38666666666666671       0.98024378875180196     
  0.39000000000000001        1.1207591578352010     
  0.39333333333333337       0.92983859725280982     
  0.39666666666666667       0.90964435655030806     
  0.40000000000000002        1.1175238049958593     
  0.40333333333333338        1.0231594750582906     
  0.40666666666666668       0.86678349084440598     
  0.41000000000000003        1.0447659522939197     
  0.41333333333333339        1.1120186057273520     
  0.41666666666666669       0.90035703702011127     
  0.42000000000000004       0.93267633016104812     
  0.42333333333333334        1.1308322890127347     
  0.42666666666666669        1.0121858466312099     
  0.43000000000000005       0.86256298908227891     
  0.43333333333333335        1.0413922767711812     
  0.43666666666666670        1.1236481845300410     
  0.44000000000000000       0.91428844117131658     
  0.44333333333333336       0.90372505858161545     
  0.44666666666666671        1.1173133084226796     
  0.45000000000000001        1.0622057693572555     
  0.45333333333333337       0.86385357922398121     
  0.45666666666666672       0.97295526176517289     
  0.46000000000000002        1.1442683348878584     
  0.46333333333333337       0.99459707020565724     
  0.46666666666666667       0.85531953550452622     
  0.47000000000000003        1.0330323246560238     
  0.47333333333333338        1.1404885409188172     
  0.47666666666666668       0.94496084254533375     
  0.48000000000000004       0.86558162167238872     
  0.48333333333333334        1.0714380282439973     
  0.48666666666666669        1.1286110052912719     
  0.49000000000000005       0.91737271619081395     
  0.49333333333333335       0.87540733793416836     
  0.49666666666666670        1.0890538628135591     
  0.50000000000000000        1.1233239441223228     
  0.50333333333333341       0.90901321719689465     
  0.50666666666666671       0.87474313588899599     
  0.51000000000000001        1.0883896607665589     
  0.51333333333333342        1.1303550390278549     
  0.51666666666666672       0.91911674991606329     
  0.52000000000000002       0.86194377289623858     
  0.52333333333333332        1.0678001794021419     
  0.52666666666666673        1.1471794004306410     
  0.53000000000000003       0.95165170169302937     
  0.53333333333333333       0.84419548627295216     
  0.53666666666666674        1.0219082734965481     
  0.54000000000000004        1.1611858125567207     
  0.54333333333333333        1.0115145381353234     
  0.54666666666666675       0.84020148651082049     
  0.55000000000000004       0.94930312217682589     
  0.55333333333333334        1.1476554132491732     
  0.55666666666666675        1.0925476595693706     
  0.56000000000000005       0.87895986017687555     
  0.56333333333333335       0.86839554451066492     
  0.56666666666666665        1.0777571949470353     
  0.57000000000000006        1.1600092577956511     
  0.57333333333333336       0.98118761465888549     
  0.57666666666666666       0.83154977267858421     
  0.58000000000000007       0.95022516299723059     
  0.58333333333333337        1.1483260230075545     
  0.58666666666666667        1.1161100211972304     
  0.59000000000000008       0.90425780961389102     
  0.59333333333333338       0.83735144607266643     
  0.59666666666666668        1.0147151280854427     
  0.60000000000000009        1.1721783099023337     
  0.60333333333333339        1.0759366488711533     
  0.60666666666666669       0.87124137898666199     
  0.60999999999999999       0.84574536865250283     
  0.61333333333333340        1.0453261487898442     
  0.61666666666666670        1.1719736381520329     
  0.62000000000000000        1.0792939055247224     
  0.62333333333333341       0.85181931428509960     
  0.62666666666666671       0.86118756381346684     
  0.63000000000000000       0.99685474352064707     
  0.63333333333333341        1.2198441817465686     
  0.63666666666666671        1.0469116085226331     
  0.64000000000000001       0.96738485548300934     
  0.64333333333333342       0.72660558978698830     
  0.64666666666666672        1.0755678815203433     
  0.65000000000000002        1.0262594656367505     
  0.65333333333333332        1.3046610466770217     
  0.65666666666666673       0.82871133370193839     
  0.66000000000000003       0.96158943219735082     
  0.66333333333333333       0.74039638305826194     
  0.66666666666666674        1.1543770154991289     
  0.67000000000000004        1.1497913942473688     
  0.67333333333333334        1.1051839795773315     
  0.67666666666666675       0.97420887497193154     
  0.68000000000000005       0.69764167604782146     
  0.68333333333333335        1.0135865856477222     
  0.68666666666666676       0.98424587964581212     
  0.69000000000000006        1.2764489833221719     
  0.69333333333333336        1.1038839015466335     
  0.69666666666666666       0.86439533830935378     
  0.70000000000000007       0.89092053692592599     
  0.70333333333333337       0.74410868643918981     
  0.70666666666666667        1.1407050607774933     
  0.71000000000000008        1.1750219850082777     
  0.71333333333333337        1.1374479307978613     
  0.71666666666666667        1.1022058879526520     
  0.72000000000000008       0.71296543852895877     
  0.72333333333333338       0.85288957528146936     
  0.72666666666666668       0.91192137185314359     
  0.73000000000000009        1.0381643754287122     
  0.73333333333333339        1.3417616715368141     
  0.73666666666666669        1.0968833158552218     
  0.74000000000000010        1.0203584552438898     
  0.74333333333333340       0.88323840919232144     
  0.74666666666666670       0.64158569347955063     
  0.75000000000000000       0.93227662972870617     
  0.75333333333333341        1.0327035593985328     
  0.75666666666666671        1.1400850189047187     
  0.76000000000000001        1.3758053476165262     
  0.76333333333333342        1.0923367621089373     
  0.76666666666666672       0.94287634166729140     
  0.77000000000000002       0.87925373093395209     
  0.77333333333333343       0.60410536187502428     
  0.77666666666666673       0.80573445261554644     
  0.78000000000000003        1.0290792781865179     
  0.78333333333333344        1.0540151483836904     
  0.78666666666666674        1.3701700110346138     
  0.79000000000000004        1.3618393201346650     
  0.79333333333333333        1.0947446347707315     
  0.79666666666666675        1.0877405409065644     
  0.80000000000000004       0.80870241400433651     
  0.80333333333333334       0.53468318250807245     
  0.80666666666666675       0.69648820213658313     
  0.81000000000000005       0.69196421329079272     
  0.81333333333333335       0.76430790582458064     
  0.81666666666666676        1.1978961278351139     
  0.82000000000000006        1.3284524099913955     
  0.82333333333333336        1.3804825090203552     
  0.82666666666666677        1.6542912402524859     
  0.83000000000000007        1.5403568083622441     
  0.83333333333333337        1.2753458567622840     
  0.83666666666666667        1.2592630339999018     
  0.84000000000000008       0.94447017205221340     
  0.84333333333333338       0.49241973800364203     
  0.84666666666666668       0.38472196478252774     
  0.85000000000000009       0.11894892066846152     
  0.85333333333333339      -0.31195269921682806     
  0.85666666666666669      -0.36743995107097555     
  0.86000000000000010      -0.45369109928302293     
  0.86333333333333340      -0.78818790426334062     
  0.86666666666666670      -0.80757344711855528     
  0.87000000000000011      -0.72529752669306202     
  0.87333333333333341      -0.96105160572071913     
  0.87666666666666671       -1.0210143960427933     
  0.88000000000000000      -0.84038342079993333     
  0.88333333333333341      -0.96397428929971318     
  0.88666666666666671       -1.1105659837022190     
  0.89000000000000001      -0.92357999742873276     
  0.89333333333333342      -0.90587554149667959     
  0.89666666666666672       -1.1152964566272170     
  0.90000000000000002       -1.0218667804572468     
  0.90333333333333343      -0.86604631051642911     
  0.90666666666666673       -1.0443526698552155     
  0.91000000000000003       -1.1117907167263767     
  0.91333333333333344      -0.90023338669050734     
  0.91666666666666674      -0.93261028495531229     
  0.92000000000000004       -1.1307975491703626     
  0.92333333333333334       -1.0121678450584528     
  0.92666666666666675      -0.86255379655615216     
  0.93000000000000005       -1.0413876493604288     
  0.93333333333333335       -1.1236458875937847     
  0.93666666666666676      -0.91428731659417295     
  0.94000000000000006      -0.90372451536371412     
  0.94333333333333336       -1.1173130494747450     
  0.94666666666666677       -1.0622056475122086     
  0.95000000000000007      -0.86385352261846438     
  0.95333333333333337      -0.97295523579596044     
  0.95666666666666678       -1.1442683231200039     
  0.96000000000000008      -0.99459706493749056     
  0.96333333333333337      -0.85531953317414366     
  0.96666666666666667       -1.0330323236372492     
  0.97000000000000008       -1.1404885404785796     
  0.97333333333333338      -0.94496084235726219     
  0.97666666666666668      -0.86558162159294405     
  0.98000000000000009       -1.0714380282108111     
  0.98333333333333339       -1.1286110052775593     
  0.98666666666666669      -0.91737271618521332     
  0.99000000000000010      -0.87540733793189318     
  0.99333333333333340       -1.0890538628126765     
  0.99666666666666670       -1.1233239441219016     
