   0.0000000000000000      -0.88037535763094588     
   3.3333333333333335E-003  -1.0987547021261386     
   6.6666666666666671E-003  -1.1236673371706754     
   1.0000000000000000E-002 -0.90635816754581389     
   1.3333333333333334E-002 -0.86876880745661411     
   1.6666666666666666E-002  -1.0829519852558538     
   2.0000000000000000E-002  -1.1413469932651195     
   2.3333333333333334E-002 -0.93427734112216920     
   2.6666666666666668E-002 -0.84776064312495980     
   3.0000000000000002E-002  -1.0409817560385481     
   3.3333333333333333E-002  -1.1611682867694457     
   3.6666666666666667E-002 -0.99177639146824992     
   4.0000000000000001E-002 -0.83562500231735315     
   4.3333333333333335E-002 -0.96809086500818053     
   4.6666666666666669E-002  -1.1572989129988629     
   5.0000000000000003E-002  -1.0768004365828012     
   5.3333333333333337E-002 -0.86472853821817919     
   5.6666666666666671E-002 -0.87890360204057205     
   6.0000000000000005E-002  -1.0948634696199315     
   6.3333333333333339E-002  -1.1564013840570977     
   6.6666666666666666E-002 -0.96410468447441688     
   7.0000000000000007E-002 -0.82797920054195262     
   7.3333333333333334E-002 -0.96374655278418886     
   7.6666666666666675E-002  -1.1573634243852409     
   8.0000000000000002E-002  -1.1089698195563900     
   8.3333333333333343E-002 -0.89374433024902189     
   8.6666666666666670E-002 -0.83710720546347173     
   9.0000000000000011E-002  -1.0224592334719400     
   9.3333333333333338E-002  -1.1762378650212664     
   9.6666666666666679E-002  -1.0758562108966205     
  0.10000000000000001      -0.86630135063980451     
  0.10333333333333335      -0.84357259835544773     
  0.10666666666666667       -1.0380324721504322     
  0.11000000000000000       -1.1819230538636905     
  0.11333333333333334       -1.0812817300025899     
  0.11666666666666667      -0.87178518122389126     
  0.12000000000000001      -0.82850898917572902     
  0.12333333333333334       -1.0065127468106054     
  0.12666666666666668       -1.1772179588351495     
  0.13000000000000000       -1.1284712650690463     
  0.13333333333333333      -0.91958205016727290     
  0.13666666666666669      -0.80895237693699762     
  0.14000000000000001      -0.92057912748766368     
  0.14333333333333334       -1.1336791225451865     
  0.14666666666666667       -1.1827353725012357     
  0.15000000000000002       -1.0444299583273149     
  0.15333333333333335      -0.82575489784079203     
  0.15666666666666668      -0.84011450769925000     
  0.16000000000000000      -0.95981513505174032     
  0.16333333333333333       -1.2183868226089203     
  0.16666666666666669       -1.1211306375331802     
  0.17000000000000001       -1.0804240727542318     
  0.17333333333333334      -0.72331224178186582     
  0.17666666666666667      -0.92892366458954334     
  0.18000000000000002      -0.84411509310100763     
  0.18333333333333335       -1.3202166566039484     
  0.18666666666666668       -1.0551675495129287     
  0.19000000000000000       -1.2023135539718990     
  0.19333333333333336      -0.74019815749615536     
  0.19666666666666668      -0.84995861975493592     
  0.20000000000000001      -0.85321103751459693     
  0.20333333333333334       -1.0481024886565724     
  0.20666666666666669       -1.3102590222869730     
  0.21000000000000002       -1.0801656706197058     
  0.21333333333333335       -1.1439079471272513     
  0.21666666666666667      -0.72962209365906650     
  0.22000000000000000      -0.79095634470390253     
  0.22333333333333336      -0.87135004106382563     
  0.22666666666666668      -0.96053270748084563     
  0.23000000000000001       -1.3389523857030268     
  0.23333333333333334       -1.1589625722262693     
  0.23666666666666669       -1.1955279986267746     
  0.24000000000000002      -0.96136730010159166     
  0.24333333333333335      -0.67079904568449278     
  0.24666666666666667      -0.82284344111742180     
  0.25000000000000000      -0.72224654992542536     
  0.25333333333333335       -1.0232628857722588     
  0.25666666666666671       -1.2790157321247293     
  0.26000000000000001       -1.2142691724098600     
  0.26333333333333336       -1.3939638257016220     
  0.26666666666666666       -1.1202835136452169     
  0.27000000000000002      -0.85927442098460394     
  0.27333333333333337      -0.83300064978011434     
  0.27666666666666667      -0.51935243703724854     
  0.28000000000000003      -0.62983630159124837     
  0.28333333333333333      -0.84262091379494575     
  0.28666666666666668      -0.86541719158561181     
  0.29000000000000004       -1.2827622102971292     
  0.29333333333333333       -1.4576434776082907     
  0.29666666666666669       -1.4322657458362995     
  0.30000000000000004       -1.6472575509354472     
  0.30333333333333334       -1.4440675707997273     
  0.30666666666666670       -1.1666507813863087     
  0.31000000000000000       -1.1090467986047818     
  0.31333333333333335      -0.66582600059117092     
  0.31666666666666671      -0.32714592091103445     
  0.32000000000000001      -0.23143766927029411     
  0.32333333333333336       0.19335387985619229     
  0.32666666666666666       0.41937273378407708     
  0.33000000000000002       0.41209844735883427     
  0.33333333333333337       0.72548207070049364     
  0.33666666666666667       0.83338727543060132     
  0.34000000000000002       0.72426521284002809     
  0.34333333333333338       0.94962001845654931     
  0.34666666666666668        1.0078929339399989     
  0.35000000000000003       0.83785324247729787     
  0.35333333333333333        1.0079251186931679     
  0.35666666666666669        1.0772449945424849     
  0.36000000000000004       0.87678266106488867     
  0.36333333333333334       0.99612258004765453     
  0.36666666666666670        1.1113631543487490     
  0.37000000000000005       0.90517577208721045     
  0.37333333333333335       0.95547539506100088     
  0.37666666666666671        1.1270566778169475     
  0.38000000000000000       0.94953828831965792     
  0.38333333333333336       0.90652632367170716     
  0.38666666666666671        1.1161642794936826     
  0.39000000000000001        1.0155973855021028     
  0.39333333333333337       0.87174535065181047     
  0.39666666666666667        1.0662248746283771     
  0.40000000000000002        1.0889634905924812     
  0.40333333333333338       0.87941350736547319     
  0.40666666666666668       0.97979753754312171     
  0.41000000000000003        1.1335773100597475     
  0.41333333333333339       0.94822582222236607     
  0.41666666666666669       0.89158894963880242     
  0.42000000000000004        1.1068145551007880     
  0.42333333333333334        1.0584210030558290     
  0.42666666666666669       0.86480415512728293     
  0.43000000000000005        1.0005715178495140     
  0.43333333333333335        1.1366970063628012     
  0.43666666666666670       0.94440030875744774     
  0.44000000000000000       0.88286239516333098     
  0.44333333333333336        1.0988222630977840     
  0.44666666666666671        1.0846471994231737     
  0.45000000000000001       0.87257530111933324     
  0.45333333333333337       0.95307377756010492     
  0.45666666666666672        1.1422818255607168     
  0.46000000000000002        1.0098159628738361     
  0.46333333333333337       0.85366457372449311     
  0.46666666666666667        1.0230564690262902     
  0.47000000000000003        1.1432429997574185     
  0.47333333333333338       0.95002188684391742     
  0.47666666666666668       0.86350518884674143     
  0.48000000000000004        1.0705748409897045     
  0.48333333333333334        1.1289698489989730     
  0.48666666666666669       0.91478667119973511     
  0.49000000000000005       0.87719731111053600     
  0.49333333333333335        1.0945064807353977     
  0.49666666666666670        1.1194191157799347     
  0.50000000000000000       0.90103977128474233     
  0.50333333333333341       0.88037535763094588     
  0.50666666666666671        1.0987547021261386     
  0.51000000000000001        1.1236673371706751     
  0.51333333333333342       0.90635816754581433     
  0.51666666666666672       0.86876880745661289     
  0.52000000000000002        1.0829519852558580     
  0.52333333333333332        1.1413469932651084     
  0.52666666666666673       0.93427734112219640     
  0.53000000000000003       0.84776064312488841     
  0.53333333333333333        1.0409817560387327     
  0.53666666666666674        1.1611682867689721     
  0.54000000000000004       0.99177639146944652     
  0.54333333333333333       0.83562500231436199     
  0.54666666666666675       0.96809086501556874     
  0.55000000000000004        1.1572989129808275     
  0.55333333333333334        1.0768004366263020     
  0.55666666666666675       0.86472853811452433     
  0.56000000000000005       0.87890360228454911     
  0.56333333333333335        1.0948634690527903     
  0.56666666666666665        1.1564013853588437     
  0.57000000000000006       0.96410468152483098     
  0.57333333333333336       0.82797920713820838     
  0.57666666666666666       0.96374653822849476     
  0.58000000000000007        1.1573634560706034     
  0.58333333333333337        1.1089697515327075     
  0.58666666666666667       0.89374447423357362     
  0.59000000000000008       0.83710690506536478     
  0.59333333333333338        1.0224598510147909     
  0.59666666666666668        1.1762366145328644     
  0.60000000000000009        1.0758587042215895     
  0.60333333333333339       0.86629645738888617     
  0.60666666666666669       0.84358204669614167     
  0.60999999999999999        1.0380145306471542     
  0.61333333333333340        1.1819565424505680     
  0.61666666666666670        1.0812203198241230     
  0.62000000000000000       0.87189575159257948     
  0.62333333333333341       0.82831363787882184     
  0.62666666666666671        1.0068511760487477     
  0.63000000000000000        1.1766435071188748     
  0.63333333333333341        1.1294257992843373     
  0.63666666666666671       0.91803091648663238     
  0.64000000000000001       0.81141462351091020     
  0.64333333333333342       0.91676614533099121     
  0.64666666666666672        1.1394305406195264     
  0.65000000000000002        1.1743009190102986     
  0.65333333333333332        1.0564285364863550     
  0.65666666666666673       0.80924407137972865     
  0.66000000000000003       0.86201223105053548     
  0.66333333333333333       0.93195925263211743     
  0.66666666666666674        1.2521446569873502     
  0.67000000000000004        1.0825503945409736     
  0.67333333333333334        1.1213204388484501     
  0.67666666666666675       0.68432731984213691     
  0.68000000000000005       0.96002851185387195     
  0.68333333333333335       0.82815540728727088     
  0.68666666666666676        1.3135354644546602     
  0.69000000000000006        1.0904912611205848     
  0.69333333333333336        1.1360424901793647     
  0.69666666666666666       0.83381800214422397     
  0.70000000000000007       0.73993966158832014     
  0.70333333333333337       0.96155026146521549     
  0.70666666666666667       0.96400458009656198     
  0.71000000000000008        1.3483153604072891     
  0.71333333333333337        1.1021682525998124     
  0.71666666666666667        1.0624263131220926     
  0.72000000000000008       0.85163644118629411     
  0.72333333333333338       0.66367848744394065     
  0.72666666666666668       0.96146399261423410     
  0.73000000000000009       0.94237997912549210     
  0.73333333333333339        1.2735758018627921     
  0.73666666666666669        1.2868524188380104     
  0.74000000000000010        1.0553841286589480     
  0.74333333333333340        1.0523550736431773     
  0.74666666666666670       0.67389105305777663     
  0.75000000000000000       0.72224654992542481     
  0.75333333333333341       0.87431049771261449     
  0.75666666666666671       0.89745970416604426     
  0.76000000000000001        1.3082860009672157     
  0.76333333333333342        1.3026394054903820     
  0.76666666666666672        1.2348967432817437     
  0.77000000000000002        1.2558468275621366     
  0.77333333333333343       0.83393193491350670     
  0.77666666666666673       0.72702399065713363     
  0.78000000000000003       0.69051639807363985     
  0.78333333333333344       0.50981669433192078     
  0.78666666666666674       0.82367749705817217     
  0.79000000000000004        1.0146125205095444     
  0.79333333333333333        1.1113890354178799     
  0.79666666666666675        1.5188179730276548     
  0.80000000000000004        1.5339861750091708     
  0.80333333333333334        1.4602081884104401     
  0.80666666666666675        1.5624951140695162     
  0.81000000000000005        1.2208690914560967     
  0.81333333333333335       0.92419391553290209     
  0.81666666666666676       0.81920717022771128     
  0.82000000000000006       0.34735108802316006     
  0.82333333333333336        5.1242464891215228E-002
  0.82666666666666677       -2.1364536717490959E-002
  0.83000000000000007      -0.41422476914557554     
  0.83333333333333337      -0.59446805124631930     
  0.83666666666666667      -0.54695970545379902     
  0.84000000000000008      -0.82206811684122938     
  0.84333333333333338      -0.91874958213702962     
  0.84666666666666668      -0.77721929529443279     
  0.85000000000000009      -0.96772420316028052     
  0.85333333333333339       -1.0512299505748766     
  0.85666666666666669      -0.86033201732829090     
  0.86000000000000010      -0.98594716504163915     
  0.86333333333333340       -1.1052011195972884     
  0.86666666666666670      -0.90151940523168383     
  0.87000000000000011      -0.95334801413703851     
  0.87333333333333341       -1.1258421778474026     
  0.87666666666666671      -0.94885756888516248     
  0.88000000000000000      -0.90615152590280668     
  0.88333333333333341       -1.1159614622719378     
  0.88666666666666671       -1.0154894670457015     
  0.89000000000000001      -0.87168886228556319     
  0.89333333333333342       -1.0661957761061007     
  0.89666666666666672       -1.0889487336618151     
  0.90000000000000002      -0.87940613701069326     
  0.90333333333333343      -0.97979391100171431     
  0.90666666666666673       -1.1335755515495940     
  0.91000000000000003      -0.94822498165317148     
  0.91333333333333344      -0.89158855345226662     
  0.91666666666666674       -1.1068143709224867     
  0.92000000000000004       -1.0584209185865745     
  0.92333333333333334      -0.86480411689908421     
  0.92666666666666675       -1.0005715007732650     
  0.93000000000000005       -1.1366969988323925     
  0.93333333333333335      -0.94440030547837150     
  0.93666666666666676      -0.88286239375314202     
  0.94000000000000006       -1.0988222624987141     
  0.94333333333333336       -1.0846471991717355     
  0.94666666666666677      -0.87257530101505121     
  0.95000000000000007      -0.95307377751735933     
  0.95333333333333337       -1.1422818255433971     
  0.95666666666666678       -1.0098159628668992     
  0.96000000000000008      -0.85366457372174553     
  0.96333333333333337       -1.0230564690252135     
  0.96666666666666667       -1.1432429997570013     
  0.97000000000000008      -0.95002188684375810     
  0.97333333333333338      -0.86350518884668137     
  0.97666666666666668       -1.0705748409896818     
  0.98000000000000009       -1.1289698489989650     
  0.98333333333333339      -0.91478667119973189     
  0.98666666666666669      -0.87719731111053456     
  0.99000000000000010       -1.0945064807353968     
  0.99333333333333340       -1.1194191157799345     
  0.99666666666666670      -0.90103977128474233     
