   0.0000000000000000        1.1302445547181315     
   3.3333333333333335E-003   1.0044612920719924     
   6.6666666666666671E-003  0.87657467064992789     
   1.0000000000000000E-002  0.77018589174825491     
   1.3333333333333334E-002  0.87212948031825666     
   1.6666666666666666E-002   1.3410779838097717     
   2.0000000000000000E-002   1.2709464728375495     
   2.3333333333333334E-002  0.82633055631447105     
   2.6666666666666668E-002  0.91420084682701330     
   3.0000000000000002E-002  0.99368868812349187     
   3.3333333333333333E-002  0.84152032186466297     
   3.6666666666666667E-002  0.92907563324130327     
   4.0000000000000001E-002   1.0592820416245106     
   4.3333333333333335E-002   1.2382092155485740     
   4.6666666666666669E-002   1.2843995736264795     
   5.0000000000000003E-002  0.80994628914667632     
   5.3333333333333337E-002  0.63920019134473205     
   5.6666666666666671E-002   1.0291839216207992     
   6.0000000000000005E-002   1.0488224937447557     
   6.3333333333333339E-002  0.93229529878426409     
   6.6666666666666666E-002   1.1351855611366664     
   7.0000000000000007E-002   1.1983820885303926     
   7.3333333333333334E-002   1.1256288171752182     
   7.6666666666666675E-002  0.94235705067180120     
   8.0000000000000002E-002  0.60817828419079745     
   8.3333333333333343E-002  0.78945743862929041     
   8.6666666666666670E-002   1.2431833362120941     
   9.0000000000000011E-002   1.1156422688278653     
   9.3333333333333338E-002  0.96825022987003029     
   9.6666666666666679E-002   1.1965379247576517     
  0.10000000000000001        1.1502331323623702     
  0.10333333333333335       0.91006870328995459     
  0.10666666666666667       0.77617534165291735     
  0.11000000000000000       0.67310495472493803     
  0.11333333333333334       0.94765668778140855     
  0.11666666666666667        1.3401840990611480     
  0.12000000000000001        1.1421481631113719     
  0.12333333333333334       0.94100915056725953     
  0.12666666666666668        1.1934589860973659     
  0.13000000000000000        1.1399465604023498     
  0.13333333333333333       0.78678132348003549     
  0.13666666666666669       0.70734537188509294     
  0.14000000000000001       0.76299949148402901     
  0.14333333333333334       0.96267326573186573     
  0.14666666666666667        1.3115184412524579     
  0.15000000000000002        1.2027521703118629     
  0.15333333333333335       0.95268749387622875     
  0.15666666666666668        1.1661844162125126     
  0.16000000000000000        1.2670831034708356     
  0.16333333333333333       0.80509478714038818     
  0.16666666666666669       0.63883210048834205     
  0.17000000000000001       0.72991955784509732     
  0.17333333333333334       0.90477778274866938     
  0.17666666666666667        1.0701607496213641     
  0.18000000000000002        1.2803103128705580     
  0.18333333333333335       0.96774162421380561     
  0.18666666666666668        1.1971945509820801     
  0.19000000000000000        1.3591880993191914     
  0.19333333333333336        1.2673291899051367     
  0.19666666666666668       0.58804122520549429     
  0.20000000000000001       0.79843263859717484     
  0.20333333333333334       0.68188949559994572     
  0.20666666666666669       0.90092325664745976     
  0.21000000000000002       0.82108900426814058     
  0.21333333333333335        1.0373451843429262     
  0.21666666666666667       0.84196985379874811     
  0.22000000000000000        1.3347411222726417     
  0.22333333333333336        1.6017490116793558     
  0.22666666666666668        1.2707457700252336     
  0.23000000000000001        1.0105583412910915     
  0.23333333333333334        1.0012501525973887     
  0.23666666666666669        1.1272773111687664     
  0.24000000000000002       0.71051517552776255     
  0.24333333333333335       0.77636251352118624     
  0.24666666666666667       0.47612108987638829     
  0.25000000000000000       0.45874018217569262     
  0.25333333333333335       0.79984976647045392     
  0.25666666666666671        1.1070815632180162     
  0.26000000000000001        1.0501665152565072     
  0.26333333333333336       0.85328937909417790     
  0.26666666666666666        1.4524748588569252     
  0.27000000000000002        1.5790378157689882     
  0.27333333333333337        1.6075491440178193     
  0.27666666666666667        1.5802939032343806     
  0.28000000000000003        1.4023027610696779     
  0.28333333333333333        1.2659083194015679     
  0.28666666666666668        1.1542738205014897     
  0.29000000000000004        1.3903974124823442     
  0.29333333333333333       0.83045990013276560     
  0.29666666666666669       0.30435173386141479     
  0.30000000000000004       0.33885219890797041     
  0.30333333333333334       0.25163968095760719     
  0.30666666666666670       0.11493433059159935     
  0.31000000000000000      -0.25886314297258395     
  0.31333333333333335      -0.33598881767599703     
  0.31666666666666671      -0.61891468342624945     
  0.32000000000000001      -0.81246780148622932     
  0.32333333333333336      -0.40931172568070351     
  0.32666666666666666      -0.59345698478564368     
  0.33000000000000002      -0.96304138781063675     
  0.33333333333333337       -1.0948165782786532     
  0.33666666666666667      -0.91826070772391200     
  0.34000000000000002      -0.72004225197452054     
  0.34333333333333338      -0.98891219524272067     
  0.34666666666666668      -0.89197150703695083     
  0.35000000000000003      -0.95563108283363696     
  0.35333333333333333       -1.2768868067241110     
  0.35666666666666669      -0.99829309531510002     
  0.36000000000000004      -0.76714414459913050     
  0.36333333333333334      -0.80514032344454634     
  0.36666666666666670       -1.1394135494083921     
  0.37000000000000005       -1.2728492499488180     
  0.37333333333333335      -0.87912093095117827     
  0.37666666666666671      -0.95582299797647030     
  0.38000000000000000      -0.99979956507065482     
  0.38333333333333336      -0.79747925556339427     
  0.38666666666666671       -1.0589420039927608     
  0.39000000000000001       -1.2230055029441016     
  0.39333333333333337       -1.1340727784970421     
  0.39666666666666667      -0.82453345084782037     
  0.40000000000000002      -0.68240766026341604     
  0.40333333333333338       -1.1495831542218358     
  0.40666666666666668       -1.1799220167616669     
  0.41000000000000003      -0.95061614336444789     
  0.41333333333333339       -1.1048482742688164     
  0.41666666666666669      -0.96877100364407021     
  0.42000000000000004      -0.80238690809909663     
  0.42333333333333334      -0.88674369388738983     
  0.42666666666666669       -1.0992663242410743     
  0.43000000000000005       -1.3505702862506215     
  0.43333333333333335      -0.98612988152502834     
  0.43666666666666670      -0.67517609939107204     
  0.44000000000000000       -1.0041718938723760     
  0.44333333333333336       -1.0260214280569993     
  0.44666666666666671      -0.96380773714804657     
  0.45000000000000001       -1.1536304057470339     
  0.45333333333333337       -1.1296751040851585     
  0.45666666666666672       -1.0110883140357783     
  0.46000000000000002      -0.74689274487688473     
  0.46333333333333337      -0.73459909699719816     
  0.46666666666666667       -1.2546414196446736     
  0.47000000000000003       -1.2512614163021425     
  0.47333333333333338      -0.91010152758021567     
  0.47666666666666668       -1.0077618707184226     
  0.48000000000000004      -0.97242351363451951     
  0.48333333333333334      -0.83431433921176901     
  0.48666666666666669      -0.90359251952543451     
  0.49000000000000005       -1.0257418214302467     
  0.49333333333333335       -1.3121157938823351     
  0.49666666666666670       -1.2065578586017258     
  0.50000000000000000      -0.69161399518802757     
  0.50333333333333341      -0.79871664861748404     
  0.50666666666666671       -1.0832895457764753     
  0.51000000000000001      -0.95646441075773636     
  0.51333333333333342       -1.0291963769834398     
  0.51666666666666672       -1.1752316539461116     
  0.52000000000000002       -1.1350896787315450     
  0.52333333333333332       -1.0260743097212268     
  0.52666666666666673      -0.69059950628891353     
  0.53000000000000003      -0.70897064165613988     
  0.53333333333333333       -1.2230933236773995     
  0.53666666666666674       -1.2165691670081646     
  0.54000000000000004      -0.95769146375533787     
  0.54333333333333333       -1.0990364180707415     
  0.54666666666666675       -1.0713934965413769     
  0.55000000000000004      -0.85491089735517378     
  0.55333333333333334      -0.79354692562976759     
  0.55666666666666675      -0.80197972999795886     
  0.56000000000000005       -1.1343127403508735     
  0.56333333333333335       -1.4119788157483406     
  0.56666666666666665       -1.0385953823615102     
  0.57000000000000006      -0.82253500578837535     
  0.57333333333333336       -1.0509789037731632     
  0.57666666666666666      -0.93098647296570469     
  0.58000000000000007      -0.74053680398391075     
  0.58333333333333337      -0.91052739774132718     
  0.58666666666666667       -1.0977045544931332     
  0.59000000000000008       -1.2974857851918611     
  0.59333333333333338       -1.2859124647612867     
  0.59666666666666668      -0.84082336540690894     
  0.60000000000000009      -0.74865267175239192     
  0.60333333333333339       -1.0469110055400488     
  0.60666666666666669      -0.90189013060852630     
  0.60999999999999999      -0.73541790301796173     
  0.61333333333333340       -1.0553441516320556     
  0.61666666666666670       -1.2767939544147080     
  0.62000000000000000       -1.2637450631149265     
  0.62333333333333341       -1.1514408246388179     
  0.62666666666666671      -0.80526266247333644     
  0.63000000000000000      -0.72653814501966729     
  0.63333333333333341       -1.0240647288554334     
  0.63666666666666671      -0.92302893104125050     
  0.64000000000000001      -0.70043675402779160     
  0.64333333333333342       -1.0609813467147653     
  0.64666666666666672       -1.3826374356716074     
  0.65000000000000002       -1.2609010416112412     
  0.65333333333333332       -1.1041681612609604     
  0.65666666666666673      -0.92697998293655426     
  0.66000000000000003      -0.75209540216765192     
  0.66333333333333333      -0.94212630938226205     
  0.66666666666666674      -0.92167270300412174     
  0.67000000000000004      -0.65290033534001946     
  0.67333333333333334      -0.80732058177320243     
  0.67666666666666675       -1.3861947152648453     
  0.68000000000000005       -1.3173057838503346     
  0.68333333333333335       -1.1940660580811835     
  0.68666666666666676       -1.0605647662430797     
  0.69000000000000006       -1.0839259710132230     
  0.69333333333333336      -0.85506860066325163     
  0.69666666666666666       -1.0576273304589752     
  0.70000000000000007      -0.57410886890426271     
  0.70333333333333337      -0.56937363196336555     
  0.70666666666666667      -0.76840392297315496     
  0.71000000000000008       -1.3671647726604126     
  0.71333333333333337       -1.0054084744739111     
  0.71666666666666667       -1.1736631819237684     
  0.72000000000000008       -1.2426577829873506     
  0.72333333333333338       -1.3781113968395695     
  0.72666666666666668       -1.2782703919690874     
  0.73000000000000009       -1.1850237756429305     
  0.73333333333333339      -0.83260656480458606     
  0.73666666666666669      -0.45785135610003325     
  0.74000000000000010      -0.88183886824456392     
  0.74333333333333340      -0.77539155505660762     
  0.74666666666666670      -0.60061245407483987     
  0.75000000000000000      -0.45874018217569168     
  0.75333333333333341      -0.92434113066890755     
  0.75666666666666671       -1.1080525216825929     
  0.76000000000000001       -1.2214902079733103     
  0.76333333333333342       -1.5227153341629105     
  0.76666666666666672       -1.2838312710641244     
  0.77000000000000002       -1.4045723814171551     
  0.77333333333333343       -1.6150737659616758     
  0.77666666666666673       -1.8039315180741677     
  0.78000000000000003       -1.3102194217843861     
  0.78333333333333344      -0.93421499127654961     
  0.78666666666666674       -1.1223371106324744     
  0.79000000000000004      -0.84432164409007671     
  0.79333333333333333      -0.69794056645846092     
  0.79666666666666675      -0.41686759749799635     
  0.80000000000000004      -0.11452842921505223     
  0.80333333333333334       0.21794642429587149     
  0.80666666666666675       0.29732625865028284     
  0.81000000000000005       -1.6398985333385269E-002
  0.81333333333333335       0.47261860241500286     
  0.81666666666666676       0.84523911729363044     
  0.82000000000000006       0.77547233050645004     
  0.82333333333333336       0.72534569132418969     
  0.82666666666666677       0.69091418576110819     
  0.83000000000000007       0.88602216530555700     
  0.83333333333333337       0.81197597576287117     
  0.83666666666666667        1.0552922299657885     
  0.84000000000000008        1.2350299532777034     
  0.84333333333333338       0.74970776196676059     
  0.84666666666666668       0.74049083965222517     
  0.85000000000000009        1.0137799541330152     
  0.85333333333333339        1.2057678123049642     
  0.85666666666666669        1.0966011762979992     
  0.86000000000000010       0.82970688205537801     
  0.86333333333333340        1.0208238826007052     
  0.86666666666666670       0.90213014403299796     
  0.87000000000000011       0.85944083456613918     
  0.87333333333333341        1.2673172545752118     
  0.87666666666666671        1.1662546720480289     
  0.88000000000000000       0.87820266506710465     
  0.88333333333333341       0.73408911091695228     
  0.88666666666666671       0.95125454014211375     
  0.89000000000000001        1.2853184512371276     
  0.89333333333333342        1.0083579895414347     
  0.89666666666666672       0.96137575309792000     
  0.90000000000000002        1.0839881208733926     
  0.90333333333333343       0.79386859487109018     
  0.90666666666666673       0.86225978187041519     
  0.91000000000000003        1.1324596597284422     
  0.91333333333333344        1.2503270559877755     
  0.91666666666666674        1.0898409627561076     
  0.92000000000000004       0.67002838830598366     
  0.92333333333333334       0.87537311618129388     
  0.92666666666666675        1.1739162376431316     
  0.93000000000000005       0.97472320350860198     
  0.93333333333333335        1.0827200603001854     
  0.93666666666666676        1.1548596163551517     
  0.94000000000000006       0.91868164726626411     
  0.94333333333333336       0.79881723643415936     
  0.94666666666666677       0.80946100286301181     
  0.95000000000000007        1.1985950139555344     
  0.95333333333333337        1.3426811811702630     
  0.95666666666666678       0.87191551655794441     
  0.96000000000000008       0.84848332274606075     
  0.96333333333333337        1.0220926307640590     
  0.96666666666666667       0.87306841783193911     
  0.97000000000000008       0.96654336983479228     
  0.97333333333333338        1.1337028681183123     
  0.97666666666666668        1.2075056241251787     
  0.98000000000000009        1.1082803077405228     
  0.98333333333333339       0.66846800934810724     
  0.98666666666666669       0.74652562286025270     
  0.99000000000000010        1.2120203404397287     
  0.99333333333333340        1.1054009187557892     
  0.99666666666666670        1.0008132151472178     
