   0.0000000000000000       0.88498119305419043     
   3.3333333333333335E-003  0.78851291780340338     
   6.6666666666666671E-003  0.99657500818284650     
   1.0000000000000000E-002  0.79051661655242356     
   1.3333333333333334E-002  0.78148991426248104     
   1.6666666666666666E-002   1.2534994346774233     
   2.0000000000000000E-002   1.3085239596542413     
   2.3333333333333334E-002   1.1973612435450955     
   2.6666666666666668E-002  0.98412558326566768     
   3.0000000000000002E-002  0.84805757450833463     
   3.3333333333333333E-002   1.0213712162980668     
   3.6666666666666667E-002  0.75935204332802697     
   4.0000000000000001E-002  0.60067778201752364     
   4.3333333333333335E-002   1.0235623914162761     
   4.6666666666666669E-002   1.2194931211162146     
   5.0000000000000003E-002   1.2678052535978228     
   5.3333333333333337E-002   1.1882859759930950     
   5.6666666666666671E-002   1.0279718725535403     
   6.0000000000000005E-002   1.2084220925385358     
   6.3333333333333339E-002   1.0143160208598938     
   6.6666666666666666E-002  0.54551171462071446     
   7.0000000000000007E-002  0.66272623205200998     
   7.3333333333333334E-002  0.86119066603881389     
   7.6666666666666675E-002  0.96121309979653913     
   8.0000000000000002E-002   1.0868665824974550     
   8.3333333333333343E-002   1.0241709907782164     
   8.6666666666666670E-002   1.2896014690106217     
   9.0000000000000011E-002   1.5759910741986758     
   9.3333333333333338E-002   1.1992167962952425     
   9.6666666666666679E-002  0.93056669579502593     
  0.10000000000000001       0.95622645595502309     
  0.10333333333333335       0.82514577267046119     
  0.10666666666666667       0.76266651035752886     
  0.11000000000000000       0.56736414268279778     
  0.11333333333333334       0.40656695499498224     
  0.11666666666666667       0.83982301516702673     
  0.12000000000000001        1.1249354093582364     
  0.12333333333333334       0.98977690463971568     
  0.12666666666666668        1.1623334776528249     
  0.13000000000000000        1.4214199048585989     
  0.13333333333333333        1.5699957921710899     
  0.13666666666666669        1.7235282899289692     
  0.14000000000000001        1.4556271169509267     
  0.14333333333333334        1.1687761314850620     
  0.14666666666666667        1.3619363347821876     
  0.15000000000000002        1.2559924051459130     
  0.15333333333333335       0.76647146446553482     
  0.15666666666666668       0.51214840870214173     
  0.16000000000000000       0.28968524198667595     
  0.16333333333333333       0.13726246976451575     
  0.16666666666666669       0.14598919700480928     
  0.17000000000000001      -0.24727288444693465     
  0.17333333333333334      -0.68067603831882284     
  0.17666666666666667      -0.53489883477877587     
  0.18000000000000002      -0.46446829732032180     
  0.18333333333333335      -0.71857788565469394     
  0.18666666666666668      -0.82952141141774083     
  0.19000000000000000      -0.96200098884131802     
  0.19333333333333336       -1.0222219148941543     
  0.19666666666666668      -0.74063004916614017     
  0.20000000000000001      -0.76541807317491251     
  0.20333333333333334       -1.1607230656176386     
  0.20666666666666669       -1.1288863902655204     
  0.21000000000000002      -0.89110193256942505     
  0.21333333333333335      -0.91953745542438747     
  0.21666666666666667      -0.91401335675131457     
  0.22000000000000000      -0.98277443676118015     
  0.22333333333333336       -1.2258125371432218     
  0.22666666666666668       -1.0634581719753460     
  0.23000000000000001      -0.73022837338028512     
  0.23333333333333334      -0.91749980333790049     
  0.23666666666666669       -1.1689465194401998     
  0.24000000000000002       -1.0674644819691992     
  0.24333333333333335       -1.0218113285856998     
  0.24666666666666667      -0.96997845156730600     
  0.25000000000000000      -0.79401432885151246     
  0.25333333333333335      -0.97818791385603465     
  0.25666666666666671       -1.2835244637232877     
  0.26000000000000001       -1.0666484045008102     
  0.26333333333333336      -0.78969545229310500     
  0.26666666666666666      -0.92433136116881476     
  0.27000000000000002       -1.0247634749764720     
  0.27333333333333337       -1.0275070328952065     
  0.27666666666666667       -1.1718817182237684     
  0.28000000000000003       -1.0612302441620540     
  0.28333333333333333      -0.73581060039421509     
  0.28666666666666668      -0.85801579895303381     
  0.29000000000000004       -1.2105237931929209     
  0.29333333333333333       -1.1315739503549009     
  0.29666666666666669      -0.96511170098046428     
  0.30000000000000004      -0.96883440594826242     
  0.30333333333333334      -0.89542633467800192     
  0.30666666666666670      -0.83193594265946968     
  0.31000000000000000       -1.1864201825968606     
  0.31333333333333335       -1.2374214894691324     
  0.31666666666666671      -0.95189508148704560     
  0.32000000000000001      -0.72618880703997546     
  0.32333333333333336       -1.0396572190959823     
  0.32666666666666666      -0.95802195048932337     
  0.33000000000000002       -1.1208510382875396     
  0.33333333333333337       -1.0912329755155596     
  0.33666666666666667       -1.1768166714289159     
  0.34000000000000002      -0.61350991463427396     
  0.34333333333333338      -0.93411477460813586     
  0.34666666666666668       -1.0477493963597642     
  0.35000000000000003       -1.2728976574426660     
  0.35333333333333333      -0.91359618433940015     
  0.35666666666666669       -1.0953703787582307     
  0.36000000000000004      -0.90512995263198681     
  0.36333333333333334      -0.75648080944263973     
  0.36666666666666670      -0.98046684059846057     
  0.37000000000000005       -1.2227316739456275     
  0.37333333333333335       -1.2613801720738698     
  0.37666666666666671      -0.77853006684580428     
  0.38000000000000000      -0.97761893337452843     
  0.38333333333333336      -0.88576918926150006     
  0.38666666666666671      -0.91682365069806315     
  0.39000000000000001       -1.0182584844165012     
  0.39333333333333337       -1.2460409398445487     
  0.39666666666666667       -1.2345639514086837     
  0.40000000000000002      -0.70146815395539019     
  0.40333333333333338      -0.86920624235928368     
  0.40666666666666668      -0.94849147265242506     
  0.41000000000000003       -1.0347488115156886     
  0.41333333333333339       -1.0498349753663112     
  0.41666666666666669       -1.1458520355170858     
  0.42000000000000004       -1.2654612433376520     
  0.42333333333333334      -0.73375224289464858     
  0.42666666666666669      -0.74408322829543616     
  0.43000000000000005      -0.97247449411362352     
  0.43333333333333335       -1.0898928504358114     
  0.43666666666666670       -1.1307528848823136     
  0.44000000000000000       -1.0181966960575823     
  0.44333333333333336       -1.2518436291026902     
  0.44666666666666671      -0.93862287668855615     
  0.45000000000000001      -0.62804253529549559     
  0.45333333333333337      -0.88914615464812718     
  0.45666666666666672       -1.0535267788975575     
  0.46000000000000002       -1.2151122493921362     
  0.46333333333333337       -1.0453518606341630     
  0.46666666666666667       -1.0826204645263857     
  0.47000000000000003       -1.2067440301439805     
  0.47333333333333338      -0.74264938370314726     
  0.47666666666666668      -0.68630632893594501     
  0.48000000000000004      -0.92405847520786255     
  0.48333333333333334       -1.1155301722244939     
  0.48666666666666669       -1.2242673880869741     
  0.49000000000000005       -1.0039814505897240     
  0.49333333333333335       -1.1701168196308698     
  0.49666666666666670       -1.1807972331026864     
  0.50000000000000000      -0.70787456557376871     
  0.50333333333333341      -0.69897656011815346     
  0.50666666666666671      -0.86724224496257885     
  0.51000000000000001       -1.0822431144918605     
  0.51333333333333342       -1.1865196022947906     
  0.51666666666666672       -1.0036396963812899     
  0.52000000000000002       -1.2485705637389093     
  0.52333333333333332       -1.2933723719795134     
  0.52666666666666673      -0.81883361318989700     
  0.53000000000000003      -0.70863929375265133     
  0.53333333333333333      -0.76027732805549153     
  0.53666666666666674      -0.91453899548289364     
  0.54000000000000004       -1.0571301469984282     
  0.54333333333333333      -0.90868787468944168     
  0.54666666666666675       -1.1940453200586485     
  0.55000000000000004       -1.4897315289275015     
  0.55333333333333334       -1.1465683575651440     
  0.55666666666666675      -0.92492019153619198     
  0.56000000000000005      -0.84804238577179969     
  0.56333333333333335      -0.80025879194400629     
  0.56666666666666665      -0.87680028739379201     
  0.57000000000000006      -0.64786473558176483     
  0.57333333333333336      -0.70293952571557583     
  0.57666666666666666       -1.2450486171900312     
  0.58000000000000007       -1.3183511494191671     
  0.58333333333333337       -1.2000300995889377     
  0.58666666666666667       -1.2596155843383696     
  0.59000000000000008       -1.2088235451466107     
  0.59333333333333338       -1.2497928307117911     
  0.59666666666666668       -1.0334951970697561     
  0.60000000000000009      -0.52743929130415024     
  0.60333333333333339      -0.59863707864755789     
  0.60666666666666669      -0.81588467960858413     
  0.60999999999999999      -0.64779054353106047     
  0.61333333333333340      -0.66840339278397343     
  0.61666666666666670      -0.82720328495140361     
  0.62000000000000000       -1.0602692652242454     
  0.62333333333333341       -1.4846039293839266     
  0.62666666666666671       -1.4663477064273129     
  0.63000000000000000       -1.2643564673024996     
  0.63333333333333341       -1.5633346962981118     
  0.63666666666666671       -1.6991290417335900     
  0.64000000000000001       -1.4253565692385664     
  0.64333333333333342       -1.2227744155940214     
  0.64666666666666672      -0.94184643455443995     
  0.65000000000000002      -0.77197903253077915     
  0.65333333333333332      -0.82831358725838733     
  0.65666666666666673      -0.42459323411498806     
  0.66000000000000003       0.11725036915092149     
  0.66333333333333333       0.10660800685825739     
  0.66666666666666674       0.11260608668388006     
  0.67000000000000004       0.36356699594210495     
  0.67333333333333334       0.51331803781529328     
  0.67666666666666675       0.77012400815090598     
  0.68000000000000005       0.89632570346827356     
  0.68333333333333335       0.61708478760152596     
  0.68666666666666676       0.67202557982082867     
  0.69000000000000006        1.0776131296885076     
  0.69333333333333336        1.0603028349816950     
  0.69666666666666666       0.88886115440867253     
  0.70000000000000007       0.91211116927286251     
  0.70333333333333337       0.86205975454910055     
  0.70666666666666667       0.98215629582532249     
  0.71000000000000008        1.2399408413839073     
  0.71333333333333337        1.0177090425009110     
  0.71666666666666667       0.72734352492945742     
  0.72000000000000008       0.96252886209421185     
  0.72333333333333338        1.1506293840634045     
  0.72666666666666668        1.0488360189666677     
  0.73000000000000009        1.0393232656010840     
  0.73333333333333339       0.93248554887621615     
  0.73666666666666669       0.78668771211184674     
  0.74000000000000010        1.0653404775203370     
  0.74333333333333340        1.2798277713131219     
  0.74666666666666670       0.96849431114997375     
  0.75000000000000000       0.79401432885151069     
  0.75333333333333341       0.97670377343870041     
  0.75666666666666671        1.0255080209958674     
  0.76000000000000001        1.0645244000519452     
  0.76333333333333342        1.1719542596214616     
  0.76666666666666672       0.93931710670712909     
  0.77000000000000002       0.71566858275567324     
  0.77333333333333343        1.0128848798865266     
  0.77666666666666673        1.2470648713035908     
  0.78000000000000003        1.0409846694950797     
  0.78333333333333344       0.92248043221607279     
  0.78666666666666674       0.95618738602955622     
  0.79000000000000004       0.86168488437844037     
  0.79333333333333333       0.98484385591470436     
  0.79666666666666675        1.2637750120490037     
  0.80000000000000004        1.1155275020462128     
  0.80333333333333334       0.74719522943547467     
  0.80666666666666675       0.87001686274701073     
  0.81000000000000005        1.0708080417496710     
  0.81333333333333335        1.0799256578722212     
  0.81666666666666676        1.0533881795402180     
  0.82000000000000006        1.1580462131879281     
  0.82333333333333336       0.80443204572385218     
  0.82666666666666677       0.79066394998579248     
  0.83000000000000007        1.0045569267923697     
  0.83333333333333337        1.3498282592042481     
  0.83666666666666667       0.93294619480614394     
  0.84000000000000008        1.0204455257718741     
  0.84333333333333338       0.84655960002098185     
  0.84666666666666668       0.98590727356690722     
  0.85000000000000009       0.78888428482753337     
  0.85333333333333339        1.3336860845671517     
  0.85666666666666669        1.1493686628671871     
  0.86000000000000010       0.93540050034434641     
  0.86333333333333340       0.73208156124726231     
  0.86666666666666670       0.98712793647144237     
  0.87000000000000011        1.0656682363895256     
  0.87333333333333341       0.95736594329938218     
  0.87666666666666671        1.2733570915900143     
  0.88000000000000000        1.0422850775085168     
  0.88333333333333341       0.87314945904587937     
  0.88666666666666671       0.65498721290907302     
  0.89000000000000001        1.0986848852647642     
  0.89333333333333342        1.1928227705934915     
  0.89666666666666672        1.0080552573857837     
  0.90000000000000002        1.1302553186062638     
  0.90333333333333343       0.97213474363401109     
  0.90666666666666673       0.89791543823587494     
  0.91000000000000003       0.66758128246362369     
  0.91333333333333344        1.0798208600385650     
  0.91666666666666674        1.3217111443278033     
  0.92000000000000004        1.0339766764159397     
  0.92333333333333334        1.0175877602881394     
  0.92666666666666675       0.90233436861867844     
  0.93000000000000005       0.95761299764337882     
  0.93333333333333335       0.75860427766273475     
  0.93666666666666676       0.91669565596642244     
  0.94000000000000006        1.3785764028243195     
  0.94333333333333336        1.1487919480853408     
  0.94666666666666677       0.98034049511650811     
  0.95000000000000007       0.84996881062517460     
  0.95333333333333337       0.91459395570569368     
  0.95666666666666678       0.93865226217072417     
  0.96000000000000008       0.75865988441123000     
  0.96333333333333337        1.2005388127890289     
  0.96666666666666667        1.3437143527689570     
  0.97000000000000008        1.0673257493883010     
  0.97333333333333338       0.90794135377891538     
  0.97666666666666668       0.78231745737036262     
  0.98000000000000009       0.98401187112320032     
  0.98333333333333339       0.86567043392835663     
  0.98666666666666669       0.81923770005466445     
  0.99000000000000010        1.2957079485291583     
  0.99333333333333340        1.2994495828511332     
  0.99666666666666670        1.0912608754174309     
