   0.0000000000000000        1.0957239971431816     
   3.3333333333333335E-003  0.38753399551869627     
   6.6666666666666671E-003  0.28075287414401789     
   1.0000000000000000E-002   1.2566558742327524E-002
   1.3333333333333334E-002   6.3327413691603315E-002
   1.6666666666666666E-002 -0.39821642048538225     
   2.0000000000000000E-002 -0.65655406197411592     
   2.3333333333333334E-002 -0.54245863851091025     
   2.6666666666666668E-002 -0.65430613276201066     
   3.0000000000000002E-002 -0.70086677359123339     
   3.3333333333333333E-002  -1.1139740334964698     
   3.6666666666666667E-002 -0.83262928209508802     
   4.0000000000000001E-002 -0.82091450889600226     
   4.3333333333333335E-002 -0.92283914583357474     
   4.6666666666666669E-002  -1.0632209092671558     
   5.0000000000000003E-002  -1.1321145182462720     
   5.3333333333333337E-002 -0.75203376032243063     
   5.6666666666666671E-002 -0.98217621368096553     
   6.0000000000000005E-002  -1.0694561628954402     
   6.3333333333333339E-002  -1.1039508366722213     
   6.6666666666666666E-002 -0.97316961664233681     
   7.0000000000000007E-002 -0.76344526501927412     
   7.3333333333333334E-002  -1.1403643333529041     
   7.6666666666666675E-002  -1.1006678663895886     
   8.0000000000000002E-002 -0.99482824862554708     
   8.3333333333333343E-002 -0.89822533731085008     
   8.6666666666666670E-002 -0.86242215052602911     
   9.0000000000000011E-002  -1.2323114691191748     
   9.3333333333333338E-002  -1.0488333256637894     
   9.6666666666666679E-002 -0.87315650300856440     
  0.10000000000000001      -0.93532601548969763     
  0.10333333333333335      -0.96481062943048068     
  0.10666666666666667       -1.2321253163586554     
  0.11000000000000000      -0.99216896539247157     
  0.11333333333333334      -0.78825999755518383     
  0.11666666666666667       -1.0188862445803326     
  0.12000000000000001       -1.0445102120395930     
  0.12333333333333334       -1.1577459836759971     
  0.12666666666666668      -0.97876258799088700     
  0.13000000000000000      -0.74612230162488435     
  0.13333333333333333       -1.0698377906378900     
  0.13666666666666669       -1.1299684071457043     
  0.14000000000000001       -1.0465419050370062     
  0.14333333333333334      -0.98721769220675071     
  0.14666666666666667      -0.76822774304478747     
  0.15000000000000002       -1.0339829899443993     
  0.15333333333333335       -1.2292330800505837     
  0.15666666666666668      -0.97725021898647757     
  0.16000000000000000      -0.94081115977712149     
  0.16333333333333333      -0.86806198961292180     
  0.16666666666666669      -0.94639338839207199     
  0.17000000000000001       -1.2595297962242704     
  0.17333333333333334       -1.0468720870867896     
  0.17666666666666667      -0.82659170403330384     
  0.18000000000000002      -0.94310169866267080     
  0.18333333333333335      -0.94753378879828853     
  0.18666666666666668       -1.1429469031959751     
  0.19000000000000000       -1.1954184248240054     
  0.19333333333333336      -0.82283144159180743     
  0.19666666666666668      -0.83845603739315200     
  0.20000000000000001       -1.0422453513742986     
  0.20333333333333334       -1.0456256208826398     
  0.20666666666666669       -1.1779337307248359     
  0.21000000000000002       -1.0336923505195592     
  0.21333333333333335      -0.72736864501147491     
  0.21666666666666667      -0.94064919066685626     
  0.22000000000000000       -1.1348923065998830     
  0.22333333333333336       -1.0718211684081556     
  0.22666666666666668       -1.1230369998471432     
  0.23000000000000001      -0.92625641675907577     
  0.23333333333333334      -0.72390564668117552     
  0.23666666666666669       -1.0300448142271528     
  0.24000000000000002       -1.1905240295526207     
  0.24333333333333335       -1.0539838367721699     
  0.24666666666666667       -1.0614582601397156     
  0.25000000000000000      -0.89512261167331353     
  0.25333333333333335      -0.73781037014720041     
  0.25666666666666671       -1.0596271629513678     
  0.26000000000000001       -1.2302829727105933     
  0.26333333333333336       -1.0423241173980187     
  0.26666666666666666       -1.0169863264638583     
  0.27000000000000002      -0.91569388201302093     
  0.27333333333333337      -0.74039175666439760     
  0.27666666666666667       -1.0120060875315173     
  0.28000000000000003       -1.2622344920627535     
  0.28333333333333333       -1.0768564070353328     
  0.28666666666666668      -0.98916439974361725     
  0.29000000000000004      -0.96324247709354915     
  0.29333333333333333      -0.75583769539015544     
  0.29666666666666669      -0.88316868750840249     
  0.30000000000000004       -1.2381458295907479     
  0.30333333333333334       -1.1730530555727268     
  0.30666666666666670      -0.99833065876928251     
  0.31000000000000000       -1.0142861922724982     
  0.31333333333333335      -0.83997666991379472     
  0.31666666666666671      -0.73081849211400329     
  0.32000000000000001       -1.0625997449184776     
  0.32333333333333336       -1.2545694909254652     
  0.32666666666666666       -1.0851993819448289     
  0.33000000000000002       -1.0548188768480891     
  0.33333333333333337       -1.0155880735478371     
  0.33666666666666667      -0.73573263364732788     
  0.34000000000000002      -0.75652748720638108     
  0.34333333333333338       -1.1125180835552608     
  0.34666666666666668       -1.1814708053425111     
  0.35000000000000003       -1.0891670008509917     
  0.35333333333333333       -1.1728078322391815     
  0.35666666666666669       -1.0468818952879362     
  0.36000000000000004      -0.70352532918870592     
  0.36333333333333334      -0.74257428358429456     
  0.36666666666666670       -1.0233384019860441     
  0.37000000000000005       -1.0494925217502784     
  0.37333333333333335       -1.0877545341074686     
  0.37666666666666671       -1.3025360662936067     
  0.38000000000000000       -1.1981682624824812     
  0.38333333333333336      -0.82383712029588829     
  0.38666666666666671      -0.76376289090448835     
  0.39000000000000001      -0.88744681066192366     
  0.39333333333333337      -0.81722790695806613     
  0.39666666666666667      -0.88289115847524891     
  0.40000000000000002       -1.2454052883142117     
  0.40333333333333338       -1.3588043856295626     
  0.40666666666666668       -1.1216216791755136     
  0.41000000000000003       -1.0357540475130220     
  0.41333333333333339       -1.0464054135933023     
  0.41666666666666669      -0.78472821615746635     
  0.42000000000000004      -0.57240750643038929     
  0.42333333333333334      -0.78936821146713299     
  0.42666666666666669       -1.0427114830083954     
  0.43000000000000005       -1.0346070239911211     
  0.43333333333333335       -1.1353295747136920     
  0.43666666666666670       -1.4192403286897695     
  0.44000000000000000       -1.3909540674923153     
  0.44333333333333336       -1.0608985533006372     
  0.44666666666666671      -0.91790475114599901     
  0.45000000000000001      -0.93780905189837671     
  0.45333333333333337      -0.70202949506382428     
  0.45666666666666672      -0.47262976077652774     
  0.46000000000000002      -0.60225913540014964     
  0.46333333333333337      -0.92365491428250801     
  0.46666666666666667      -0.92337707166640559     
  0.47000000000000003       -1.0412958952412130     
  0.47333333333333338       -1.3134393598416563     
  0.47666666666666668       -1.6852599278720044     
  0.48000000000000004       -1.4544447105810625     
  0.48333333333333334       -1.4825077507844866     
  0.48666666666666669       -1.3833377601049039     
  0.49000000000000005       -1.5405362630954116     
  0.49333333333333335      -0.89943319711775926     
  0.49666666666666670      -0.81204431936811783     
  0.50000000000000000      -0.48170264100500726     
  0.50333333333333341      -0.56676203533686187     
  0.50666666666666671        7.6806816983493786E-002
  0.51000000000000001       0.22711064056627070     
  0.51333333333333342       0.32100917770657439     
  0.51666666666666672       0.36022983958276006     
  0.52000000000000002       0.59977665824532955     
  0.52333333333333332       0.95674799002871103     
  0.52666666666666673       0.67150125776602620     
  0.53000000000000003       0.80702776261642140     
  0.53333333333333333       0.82584636093861752     
  0.53666666666666674        1.1282810819454689     
  0.54000000000000004       0.97361741609369934     
  0.54333333333333333       0.76255315462612328     
  0.54666666666666675        1.0306667433135515     
  0.55000000000000004        1.0354692635882603     
  0.55333333333333334        1.1385944174171292     
  0.55666666666666675       0.81721410559041852     
  0.56000000000000005       0.89217889867948119     
  0.56333333333333335        1.1774113973556546     
  0.56666666666666665        1.0252921524725047     
  0.57000000000000006        1.0023534701277006     
  0.57333333333333336       0.80133270042516558     
  0.57666666666666666        1.0494050077369683     
  0.58000000000000007        1.2140873092321305     
  0.58333333333333337       0.90394695572141348     
  0.58666666666666667       0.92910412145695531     
  0.59000000000000008       0.90736823922352616     
  0.59333333333333338        1.1283915234596456     
  0.59666666666666668        1.1673705724614463     
  0.60000000000000009       0.79442604995771815     
  0.60333333333333339       0.93530022676328861     
  0.60666666666666669        1.0464308750219962     
  0.60999999999999999        1.1071440686875678     
  0.61333333333333340        1.0974066795608184     
  0.61666666666666670       0.75925664839978824     
  0.62000000000000000       0.95333444494043218     
  0.62333333333333341        1.1712110680138694     
  0.62666666666666671        1.0401939025649156     
  0.63000000000000000        1.0182462430179142     
  0.63333333333333341       0.81074035506653941     
  0.63666666666666671       0.93733226583436746     
  0.64000000000000001        1.2497958099236384     
  0.64333333333333342        1.0161001386148896     
  0.64666666666666672       0.90581695690585928     
  0.65000000000000002       0.91075809360783289     
  0.65333333333333332       0.92498834132605512     
  0.65666666666666673        1.2285410571946676     
  0.66000000000000003        1.0902539756946137     
  0.66333333333333333       0.79327712735481737     
  0.66666666666666674       0.94348357461846633     
  0.67000000000000004        1.0010578868411883     
  0.67333333333333334        1.1125555520707338     
  0.67666666666666675        1.1756568203685427     
  0.68000000000000005       0.81715699301705402     
  0.68333333333333335       0.82255458562718942     
  0.68666666666666676        1.1040517790906013     
  0.69000000000000006        1.0780217003248513     
  0.69333333333333336        1.1122761962619092     
  0.69666666666666666       0.98735320787576608     
  0.70000000000000007       0.73200587108771364     
  0.70333333333333337       0.99626646606751779     
  0.70666666666666667        1.2070268726119195     
  0.71000000000000008        1.0433926173948183     
  0.71333333333333337        1.0180558129140309     
  0.71666666666666667       0.88228743693782696     
  0.72000000000000008       0.78843193475817852     
  0.72333333333333338        1.1396576163914549     
  0.72666666666666668        1.2224970206914862     
  0.73000000000000009       0.96047616371305267     
  0.73333333333333339       0.94017328873477601     
  0.73666666666666669       0.87590430592768920     
  0.74000000000000010       0.86270699296376141     
  0.74333333333333340        1.2015716363686377     
  0.74666666666666670        1.2141177413878792     
  0.75000000000000000       0.89512261167331442     
  0.75333333333333341       0.89046985139536483     
  0.75666666666666671       0.91203936335489943     
  0.76000000000000001       0.90246593612173431     
  0.76333333333333342        1.1964646256974782     
  0.76666666666666672        1.2332539685174579     
  0.77000000000000002       0.88147413505904482     
  0.77333333333333343       0.83985177750873929     
  0.77666666666666673       0.94416963954821809     
  0.78000000000000003       0.91577412022105020     
  0.78333333333333344        1.1352181607643630     
  0.78666666666666674        1.2798515676461748     
  0.79000000000000004       0.95354221021828944     
  0.79333333333333333       0.78493083727723678     
  0.79666666666666675       0.93252784232352515     
  0.80000000000000004       0.92790634930416327     
  0.80333333333333334        1.0241558850901118     
  0.80666666666666675        1.2877754134393824     
  0.81000000000000005        1.1316829167716524     
  0.81333333333333335       0.80108154580842095     
  0.81666666666666676       0.85579769528510208     
  0.82000000000000006       0.93665503927286020     
  0.82333333333333336       0.90550437459022637     
  0.82666666666666677        1.1508828469287709     
  0.83000000000000007        1.3132907862311693     
  0.83333333333333337        1.0126782597742305     
  0.83666666666666667       0.81051749590543265     
  0.84000000000000008       0.90597030312387261     
  0.84333333333333338       0.86122724534707129     
  0.84666666666666668       0.87722606661797942     
  0.85000000000000009        1.2123918971875571     
  0.85333333333333339        1.3103970461002483     
  0.85666666666666669        1.0179994488797934     
  0.86000000000000010       0.90677923407534033     
  0.86333333333333340       0.93521042489563255     
  0.86666666666666670       0.76424096641469219     
  0.87000000000000011       0.77736858035724954     
  0.87333333333333341        1.1491858486814972     
  0.87666666666666671        1.2890709819557316     
  0.88000000000000000        1.1069924953833195     
  0.88333333333333341        1.0834667164764309     
  0.88666666666666671        1.0729095729101237     
  0.89000000000000001       0.77247170736682935     
  0.89333333333333342       0.63153346562140944     
  0.89666666666666672       0.91240156114244342     
  0.90000000000000002        1.1045053227822306     
  0.90333333333333343        1.0645903161766803     
  0.90666666666666673        1.2011798769713680     
  0.91000000000000003        1.3606972774086683     
  0.91333333333333344        1.1130873845242215     
  0.91666666666666674       0.77900659774690506     
  0.92000000000000004       0.79166656703697258     
  0.92333333333333334       0.84063107011975313     
  0.92666666666666675       0.70367985008065126     
  0.93000000000000005       0.79569881888269656     
  0.93333333333333335        1.1874521105438554     
  0.93666666666666676        1.3457797680063357     
  0.94000000000000006        1.2136768032763563     
  0.94333333333333336        1.2258606613911851     
  0.94666666666666677        1.3044654082406975     
  0.95000000000000007        1.0344543065563894     
  0.95333333333333337       0.66947532911022023     
  0.95666666666666678       0.63291575198398087     
  0.96000000000000008       0.75496204259784627     
  0.96333333333333337       0.62800311443212986     
  0.96666666666666667       0.63524939910855349     
  0.97000000000000008       0.93513490621602380     
  0.97333333333333338        1.3306344848456708     
  0.97666666666666668        1.2709705763542072     
  0.98000000000000009        1.3976673068522758     
  0.98333333333333339        1.5204943316871076     
  0.98666666666666669        1.7676743515030777     
  0.99000000000000010        1.3008590637868120     
  0.99333333333333340        1.2569928882452701     
  0.99666666666666670       0.99127235918628587     
