   0.0000000000000000      -0.91338483776353196     
   3.3333333333333335E-003 -0.87527341501109146     
   6.6666666666666671E-003  -1.0843762164514699     
   1.0000000000000000E-002  -1.1289037218615914     
   1.3333333333333334E-002 -0.92195594010181625     
   1.6666666666666666E-002 -0.86477575730815981     
   2.0000000000000000E-002  -1.0671002893310726     
   2.3333333333333334E-002  -1.1429337051781361     
   2.6666666666666668E-002 -0.94887217097241550     
   3.0000000000000002E-002 -0.84958031849474047     
   3.3333333333333333E-002  -1.0291474849703648     
   3.6666666666666667E-002  -1.1566118417766649     
   4.0000000000000001E-002 -0.99756861098716110     
   4.3333333333333335E-002 -0.84337334206051306     
   4.6666666666666669E-002 -0.96750676143353187     
   5.0000000000000003E-002  -1.1541102230275380     
   5.3333333333333337E-002  -1.0634669245637776     
   5.6666666666666671E-002 -0.87054028718763854     
   6.0000000000000005E-002 -0.88685528899923594     
   6.3333333333333339E-002  -1.1195169151434166     
   6.6666666666666666E-002  -1.1179771739925910     
   7.0000000000000007E-002 -0.96271355275387815     
   7.3333333333333334E-002 -0.80495670784599405     
   7.6666666666666675E-002  -1.0576925505275048     
   8.0000000000000002E-002  -1.0995546995047183     
   8.3333333333333343E-002  -1.1322001769325227     
   8.6666666666666670E-002 -0.75953948184152309     
   9.0000000000000011E-002  -1.0035207668103681     
   9.3333333333333338E-002 -0.96732478147363887     
   9.6666666666666679E-002  -1.2929474705629833     
  0.10000000000000001      -0.83263053828980860     
  0.10333333333333335      -0.96395880322461258     
  0.10666666666666667      -0.83528701768688407     
  0.11000000000000000       -1.2180459527229062     
  0.11333333333333334       -1.0938983859370564     
  0.11666666666666667      -0.91139229466722571     
  0.12000000000000001      -0.89262249536128868     
  0.12333333333333334      -0.88222519629114271     
  0.12666666666666668       -1.2710435195933520     
  0.13000000000000000       -1.0079707077971545     
  0.13333333333333333      -0.98648155099652712     
  0.13666666666666669      -0.80600685536674399     
  0.14000000000000001      -0.94576276880523058     
  0.14333333333333334       -1.2394434779174948     
  0.14666666666666667       -1.0201000181254316     
  0.15000000000000002       -1.0263960627512534     
  0.15333333333333335      -0.76716766252323221     
  0.15666666666666668      -0.93805327648008019     
  0.16000000000000000       -1.2025901850948555     
  0.16333333333333333       -1.0576908111923173     
  0.16666666666666669       -1.0809842740116149     
  0.17000000000000001      -0.77686325555353253     
  0.17333333333333334      -0.86169277225578922     
  0.17666666666666667       -1.1517698183387128     
  0.18000000000000002       -1.0800211209337642     
  0.18333333333333335       -1.1598523625972557     
  0.18666666666666668      -0.87043364279078572     
  0.19000000000000000      -0.76005857598711346     
  0.19333333333333336       -1.0537231910763891     
  0.19666666666666668       -1.0520665077450568     
  0.20000000000000001       -1.2025998234061768     
  0.20333333333333334       -1.0778870164664227     
  0.20666666666666669      -0.74542351164420839     
  0.21000000000000002      -0.91187243069964885     
  0.21333333333333335      -0.96427386859830033     
  0.21666666666666667       -1.0946870664377844     
  0.22000000000000000       -1.2832164770519090     
  0.22333333333333336      -0.95272999503919320     
  0.22666666666666668      -0.83853021978361653     
  0.23000000000000001      -0.89565338341254885     
  0.23333333333333334      -0.84702919071654559     
  0.23666666666666669       -1.1758735970648602     
  0.24000000000000002       -1.2537365369060014     
  0.24333333333333335      -0.98870379441671830     
  0.24666666666666667      -0.97874560594605753     
  0.25000000000000000      -0.80791329660877820     
  0.25333333333333335      -0.75767466806562855     
  0.25666666666666671       -1.1288425841839480     
  0.26000000000000001       -1.1758707436611193     
  0.26333333333333336       -1.1179070116034413     
  0.26666666666666666       -1.1619167798939789     
  0.27000000000000002      -0.83679378596223919     
  0.27333333333333337      -0.70565315065162426     
  0.27666666666666667      -0.95022013846413145     
  0.28000000000000003      -0.97468499054870184     
  0.28333333333333333       -1.1210271965228786     
  0.28666666666666668       -1.3428385456621834     
  0.29000000000000004       -1.0809067982433929     
  0.29333333333333333      -0.87255801659582199     
  0.29666666666666669      -0.89836556885090579     
  0.30000000000000004      -0.71943709717052684     
  0.30333333333333334      -0.79687147125459457     
  0.30666666666666670       -1.1730921022451386     
  0.31000000000000000       -1.1966934551973079     
  0.31333333333333335       -1.1728659666661179     
  0.31666666666666671       -1.2747518448375494     
  0.32000000000000001      -0.98969307236743198     
  0.32333333333333336      -0.69872280249458074     
  0.32666666666666666      -0.79944829188949462     
  0.33000000000000002      -0.78369606914568968     
  0.33333333333333337      -0.77502201587115660     
  0.33666666666666667       -1.1472518076347822     
  0.34000000000000002       -1.3367747410924062     
  0.34333333333333338       -1.2157345359884244     
  0.34666666666666668       -1.2868216457002655     
  0.35000000000000003       -1.2398325536198775     
  0.35333333333333333      -0.83847471022599385     
  0.35666666666666669      -0.68071541539618718     
  0.36000000000000004      -0.74299666740414749     
  0.36333333333333334      -0.58375702991381784     
  0.36666666666666670      -0.60014684103506022     
  0.37000000000000005      -0.98380424673080324     
  0.37333333333333335       -1.1613689034895092     
  0.37666666666666671       -1.1939433800153085     
  0.38000000000000000       -1.4997084442994901     
  0.38333333333333336       -1.6705015663434966     
  0.38666666666666671       -1.4503556197689815     
  0.39000000000000001       -1.3532376531468320     
  0.39333333333333337       -1.3613026287580050     
  0.39666666666666667       -1.0062790648796029     
  0.40000000000000002      -0.59377677438834431     
  0.40333333333333338      -0.49558150011480373     
  0.40666666666666668      -0.28496462419788765     
  0.41000000000000003       0.16666006468035266     
  0.41333333333333339       0.34678850301360714     
  0.41666666666666669       0.32862010596602859     
  0.42000000000000004       0.58209317013061723     
  0.42333333333333334       0.84769720742836774     
  0.42666666666666669       0.76492519661563840     
  0.43000000000000005       0.73285881159712740     
  0.43333333333333335       0.97876949477703556     
  0.43666666666666670        1.0410794820656133     
  0.44000000000000000       0.85239966035670645     
  0.44333333333333336       0.89837502878419595     
  0.44666666666666671        1.1109032330394570     
  0.45000000000000001        1.0329653411777937     
  0.45333333333333337       0.85444543298699061     
  0.45666666666666672       0.98363047274192195     
  0.46000000000000002        1.1409284719189181     
  0.46333333333333337       0.98375931872346301     
  0.46666666666666667       0.85740871154047882     
  0.47000000000000003        1.0376274234889871     
  0.47333333333333338        1.1372946555325132     
  0.47666666666666668       0.94344616192424557     
  0.48000000000000004       0.86773197485445153     
  0.48333333333333334        1.0701221606302249     
  0.48666666666666669        1.1273382740737761     
  0.49000000000000005       0.92040933173223693     
  0.49333333333333335       0.87589269271380377     
  0.49666666666666670        1.0849994089003898     
  0.50000000000000000        1.1231163158346515     
  0.50333333333333341       0.91338562248133937     
  0.50666666666666671       0.87527689083383098     
  0.51000000000000001        1.0843722299381970     
  0.51333333333333342        1.1289122674774210     
  0.51666666666666672       0.92194107855033425     
  0.52000000000000002       0.86480254482036401     
  0.52333333333333332        1.0670533834209797     
  0.52666666666666673        1.1430148746623345     
  0.53000000000000003       0.94873408801889814     
  0.53333333333333333       0.84981142056995540     
  0.53666666666666674        1.0287673209849988     
  0.54000000000000004        1.1572261681048166     
  0.54333333333333333       0.99659416592138206     
  0.54666666666666675       0.84488930857115851     
  0.55000000000000004       0.96519583483408578     
  0.55333333333333334        1.1575583031660508     
  0.55666666666666675        1.0584375246953934     
  0.56000000000000005       0.87770100609733093     
  0.56333333333333335       0.87692132699717362     
  0.56666666666666665        1.1329155818943111     
  0.57000000000000006        1.1004554750185023     
  0.57333333333333336       0.98485023874358446     
  0.57666666666666666       0.77806767962011603     
  0.58000000000000007        1.0888808771634295     
  0.58333333333333337        1.0653678212792062     
  0.58666666666666667        1.1670088895618627     
  0.59000000000000008       0.72768400638508890     
  0.59333333333333338        1.0277302122060126     
  0.59666666666666668       0.95618846070341068     
  0.60000000000000009        1.2856066450026540     
  0.60333333333333339       0.86269814129477573     
  0.60666666666666669       0.90945810822897144     
  0.60999999999999999       0.91200123069530814     
  0.61333333333333340        1.1262331136712489     
  0.61666666666666670        1.1887299749584321     
  0.62000000000000000       0.82932277435909585     
  0.62333333333333341       0.94523771359812903     
  0.62666666666666671       0.87260286192769576     
  0.63000000000000000        1.2318089097634575     
  0.63333333333333341        1.0906225788691992     
  0.63666666666666671       0.87830743559509517     
  0.64000000000000001       0.91196472189297373     
  0.64333333333333342       0.87291112004644555     
  0.64666666666666672        1.2547190446164107     
  0.65000000000000002        1.0708182159810797     
  0.65333333333333332       0.92318656871955151     
  0.65666666666666673       0.88881526640113218     
  0.66000000000000003       0.84259047455539626     
  0.66333333333333333        1.2331406587062346     
  0.66666666666666674        1.1077289558920038     
  0.67000000000000004       0.96779943839906823     
  0.67333333333333334       0.90607768087676177     
  0.67666666666666675       0.77500906696089433     
  0.68000000000000005        1.1528553417666174     
  0.68333333333333335        1.1686997071830496     
  0.68666666666666676        1.0228121526434937     
  0.69000000000000006       0.98579283767526960     
  0.69333333333333336       0.72975290284689653     
  0.69666666666666666       0.97876837878804646     
  0.70000000000000007        1.1931581849879629     
  0.70333333333333337        1.0763796794929228     
  0.70666666666666667        1.1119578905343630     
  0.71000000000000008       0.82805720723564424     
  0.71333333333333337       0.76140820028966805     
  0.71666666666666667        1.0860106012425397     
  0.72000000000000008        1.0846472076832929     
  0.72333333333333338        1.1709244162817298     
  0.72666666666666668        1.1120455007874299     
  0.73000000000000009       0.74578852593951683     
  0.73333333333333339       0.85119710912756363     
  0.73666666666666669       0.99939611363716352     
  0.74000000000000010        1.0297927499733641     
  0.74333333333333340        1.2783109497466019     
  0.74666666666666670        1.1090118178434829     
  0.75000000000000000       0.80791329660877609     
  0.75333333333333341       0.88794087996305127     
  0.75666666666666671       0.83923542885406355     
  0.76000000000000001       0.95192695672848282     
  0.76333333333333342        1.2943844950311343     
  0.76666666666666672        1.1660846983049957     
  0.77000000000000002       0.98665864343526932     
  0.77333333333333343       0.97916843165543987     
  0.77666666666666673       0.73202571722159526     
  0.78000000000000003       0.77611572118008587     
  0.78333333333333344        1.1297036617181229     
  0.78666666666666674        1.1399728773535525     
  0.79000000000000004        1.1647220217073975     
  0.79333333333333333        1.2390923954859767     
  0.79666666666666675       0.89987290582440560     
  0.80000000000000004       0.70999545875231451     
  0.80333333333333334       0.87016960021160650     
  0.80666666666666675       0.84912181401564579     
  0.81000000000000005       0.97095919350914983     
  0.81333333333333335        1.3252444765188220     
  0.81666666666666676        1.2659045002517528     
  0.82000000000000006        1.0625272932002818     
  0.82333333333333336        1.0754835538723961     
  0.82666666666666677       0.84383320051046851     
  0.83000000000000007       0.59275988630015330     
  0.83333333333333337       0.80176669775154397     
  0.83666666666666667       0.97180196012086606     
  0.84000000000000008       0.97677503055294757     
  0.84333333333333338        1.2649725460673713     
  0.84666666666666668        1.4428405518965852     
  0.85000000000000009        1.1954104003900519     
  0.85333333333333339        1.0730937367169755     
  0.85666666666666669        1.0472477732672361     
  0.86000000000000010       0.70919862049189064     
  0.86333333333333340       0.51145644968546877     
  0.86666666666666670       0.70428786890773276     
  0.87000000000000011       0.75996604476449836     
  0.87333333333333341       0.76292824582385099     
  0.87666666666666671        1.1309308627083225     
  0.88000000000000000        1.4364087232972982     
  0.88333333333333341        1.3931638860522892     
  0.88666666666666671        1.4826903475031732     
  0.89000000000000001        1.6592823751744283     
  0.89333333333333342        1.4354737193000908     
  0.89666666666666672        1.1075397268094396     
  0.90000000000000002        1.0467528811011919     
  0.90333333333333343       0.83234050997437481     
  0.90666666666666673       0.34537005493026179     
  0.91000000000000003       0.10917669574493055     
  0.91333333333333344        6.0680904706731965E-002
  0.91666666666666674      -0.26178775031271123     
  0.92000000000000004      -0.59276699247190157     
  0.92333333333333334      -0.56807233652097733     
  0.92666666666666675      -0.58503166571805088     
  0.93000000000000005      -0.87060073386175252     
  0.93333333333333335      -0.96383108687531327     
  0.93666666666666676      -0.79848389391936614     
  0.94000000000000006      -0.86155394325861101     
  0.94333333333333336       -1.0862722662919495     
  0.94666666666666677       -1.0168118544371834     
  0.95000000000000007      -0.84405095298434052     
  0.95333333333333337      -0.97706288584936263     
  0.95666666666666678       -1.1368512966027877     
  0.96000000000000008      -0.98127091480126194     
  0.96333333333333337      -0.85591479793179703     
  0.96666666666666667       -1.0367447759408850     
  0.97000000000000008       -1.1367811930131433     
  0.97333333333333338      -0.94315195184259237     
  0.97666666666666668      -0.86756584016708782     
  0.98000000000000009       -1.0700297193651573     
  0.98333333333333339       -1.1272874818723961     
  0.98666666666666669      -0.92038194669816953     
  0.99000000000000010      -0.87587783980884237     
  0.99333333333333340       -1.0849920183314417     
  0.99666666666666670       -1.1231116163706363     
