   0.0000000000000000      -0.85914911727135879     
   3.3333333333333335E-003 -0.86205860490130037     
   6.6666666666666671E-003  -1.1349358601145301     
   1.0000000000000000E-002  -1.1557251905585948     
   1.3333333333333334E-002 -0.88591937923254827     
   1.6666666666666666E-002 -0.81831755431266207     
   2.0000000000000000E-002  -1.0728569424841297     
   2.3333333333333334E-002  -1.2065763357447239     
   2.6666666666666668E-002 -0.99344436884237375     
   3.0000000000000002E-002 -0.78616147854256024     
   3.3333333333333333E-002 -0.91747353243401353     
   3.6666666666666667E-002  -1.1809096206329157     
   4.0000000000000001E-002  -1.1760736092489070     
   4.3333333333333335E-002 -0.91141245270263183     
   4.6666666666666669E-002 -0.76667850403440763     
   5.0000000000000003E-002 -0.94176435854754081     
   5.3333333333333337E-002  -1.1998973648551745     
   5.6666666666666671E-002  -1.2056289276589918     
   6.0000000000000005E-002 -0.95337371608566812     
   6.3333333333333339E-002 -0.74983905324318834     
   6.6666666666666666E-002 -0.83179058749837065     
   7.0000000000000007E-002  -1.1054431017496225     
   7.3333333333333334E-002  -1.2749994747262550     
   7.6666666666666675E-002  -1.1662980188713286     
   8.0000000000000002E-002 -0.88857648107319498     
   8.3333333333333343E-002 -0.70465737677288010     
   8.6666666666666670E-002 -0.77888787905148349     
   9.0000000000000011E-002  -1.0462298546985298     
   9.3333333333333338E-002  -1.2896414680096910     
   9.6666666666666679E-002  -1.3238843807365082     
  0.10000000000000001       -1.1257492821571753     
  0.10333333333333335      -0.82947247426638626     
  0.10666666666666667      -0.62067351128157755     
  0.11000000000000000      -0.61971979560859380     
  0.11333333333333334      -0.82617061916250401     
  0.11666666666666667       -1.1389063776157593     
  0.12000000000000001       -1.4202665401892030     
  0.12333333333333334       -1.5600195950809204     
  0.12666666666666668       -1.5102069029689433     
  0.13000000000000000       -1.2857316821848188     
  0.13333333333333333      -0.94242018949155770     
  0.13666666666666669      -0.54899869382897548     
  0.14000000000000001      -0.16514526965871118     
  0.14333333333333334       0.16957476467327567     
  0.14666666666666667       0.43698647290666975     
  0.15000000000000002       0.63566047108138135     
  0.15333333333333335       0.77429852844480429     
  0.15666666666666668       0.86581390286301285     
  0.16000000000000000       0.92326542923158028     
  0.16333333333333333       0.95771030477802277     
  0.16666666666666669       0.97749958647551549     
  0.17000000000000001       0.98842476803120138     
  0.17333333333333334       0.99423427837072587     
  0.17666666666666667       0.99721577233253533     
  0.18000000000000002       0.99869510846478238     
  0.18333333333333335       0.99940583075115219     
  0.18666666666666668       0.99973689977902669     
  0.19000000000000000       0.99988660779462035     
  0.19333333333333336       0.99995239612802700     
  0.19666666666666668       0.99998051867669557     
  0.20000000000000001       0.99999222306439239     
  0.20333333333333334       0.99999696968034468     
  0.20666666666666669       0.99999884677070838     
  0.21000000000000002       0.99999957112494842     
  0.21333333333333335       0.99999984405938502     
  0.21666666666666667       0.99999994453580421     
  0.22000000000000000       0.99999998069408635     
  0.22333333333333336       0.99999999342069756     
  0.22666666666666668       0.99999999780386850     
  0.23000000000000001       0.99999999928172023     
  0.23333333333333334       0.99999999976972709     
  0.23666666666666669       0.99999999992761113     
  0.24000000000000002       0.99999999997768796     
  0.24333333333333335       0.99999999999322120     
  0.24666666666666667       0.99999999999808864     
  0.25000000000000000       0.99999999999909228     
  0.25333333333333335        1.0000000000009297     
  0.25666666666666671       0.99999999999630262     
  0.26000000000000001        1.0000000000119040     
  0.26333333333333336       0.99999999996184619     
  0.26666666666666666        1.0000000001197347     
  0.27000000000000002       0.99999999963172970     
  0.27333333333333337        1.0000000011095818     
  0.27666666666666667       0.99999999672641149     
  0.28000000000000003        1.0000000094530224     
  0.28333333333333333       0.99999997329474111     
  0.28666666666666668        1.0000000737711592     
  0.29000000000000004       0.99999980083672291     
  0.29333333333333333        1.0000005251909629     
  0.29666666666666669       0.99999864810059957     
  0.30000000000000004        1.0000033947165505     
  0.30333333333333334       0.99999169032885515     
  0.30666666666666670        1.0000198128775224     
  0.31000000000000000       0.99995402454411630     
  0.31333333333333335        1.0001037325597089     
  0.31666666666666671       0.99977266353183503     
  0.32000000000000001        1.0004833858182054     
  0.32333333333333336       0.99900404968595902     
  0.32666666666666666        1.0019855436477678     
  0.33000000000000002       0.99617603330824367     
  0.33333333333333337        1.0071012148639289     
  0.33666666666666667       0.98731193316643584     
  0.34000000000000002        1.0217568087128783     
  0.34333333333333338       0.96430528234431145     
  0.34666666666666668        1.0558206567625190     
  0.35000000000000003       0.91718259939909696     
  0.35333333333333333        1.1158565975738075     
  0.35666666666666669       0.84844488934041418     
  0.36000000000000004        1.1831649236724000     
  0.36333333333333334       0.79931149950213687     
  0.36666666666666670        1.1927329951647188     
  0.37000000000000005       0.84942150247145598     
  0.37333333333333335        1.0738967232555816     
  0.37666666666666671        1.0240840311436037     
  0.38000000000000000       0.88433097625188806     
  0.38333333333333336        1.1656911388253315     
  0.38666666666666671       0.85295538037207630     
  0.39000000000000001        1.0594062039259857     
  0.39333333333333337        1.0603599195989710     
  0.39666666666666667       0.85156095661416131     
  0.40000000000000002        1.1478377645049498     
  0.40333333333333338       0.94970266592561603     
  0.40666666666666668       0.91545975319880013     
  0.41000000000000003        1.1588713665099606     
  0.41333333333333339       0.89152939086291261     
  0.41666666666666669       0.96575989314151578     
  0.42000000000000004        1.1496789974418289     
  0.42333333333333334       0.87195745964369620     
  0.42666666666666669       0.98065891549862128     
  0.43000000000000005        1.1502152884752526     
  0.43333333333333335       0.87656277422400286     
  0.43666666666666670       0.95851430847918473     
  0.44000000000000000        1.1620489713216655     
  0.44333333333333336       0.90979375974834087     
  0.44666666666666671       0.90406219694452383     
  0.45000000000000001        1.1621952032521583     
  0.45333333333333337       0.98710934873902556     
  0.45666666666666672       0.84237540007080236     
  0.46000000000000002        1.1070365566170779     
  0.46333333333333337        1.1022005452330690     
  0.46666666666666667       0.83876445703416669     
  0.47000000000000003       0.97007651092562142     
  0.47333333333333338        1.1773594012254351     
  0.47666666666666668       0.96422743432308333     
  0.48000000000000004       0.83050804106248899     
  0.48333333333333334        1.0850474292339585     
  0.48666666666666669        1.1526492541538436     
  0.49000000000000005       0.88284344282779759     
  0.49333333333333335       0.86205411238373220     
  0.49666666666666670        1.1349313675969610     
  0.50000000000000000        1.1320218799670190     
  0.50333333333333341       0.85914911727135879     
  0.50666666666666671       0.86205860490130037     
  0.51000000000000001        1.1349358601145301     
  0.51333333333333342        1.1557251905585948     
  0.51666666666666672       0.88591937923254827     
  0.52000000000000002       0.81831755431266207     
  0.52333333333333332        1.0728569424841297     
  0.52666666666666673        1.2065763357447239     
  0.53000000000000003       0.99344436884237375     
  0.53333333333333333       0.78616147854256024     
  0.53666666666666674       0.91747353243401353     
  0.54000000000000004        1.1809096206329157     
  0.54333333333333333        1.1760736092489070     
  0.54666666666666675       0.91141245270263183     
  0.55000000000000004       0.76667850403440763     
  0.55333333333333334       0.94176435854754081     
  0.55666666666666675        1.1998973648551745     
  0.56000000000000005        1.2056289276589918     
  0.56333333333333335       0.95337371608566812     
  0.56666666666666665       0.74983905324318834     
  0.57000000000000006       0.83179058749837065     
  0.57333333333333336        1.1054431017496225     
  0.57666666666666666        1.2749994747262550     
  0.58000000000000007        1.1662980188713286     
  0.58333333333333337       0.88857648107319498     
  0.58666666666666667       0.70465737677288010     
  0.59000000000000008       0.77888787905148349     
  0.59333333333333338        1.0462298546985298     
  0.59666666666666668        1.2896414680096910     
  0.60000000000000009        1.3238843807365082     
  0.60333333333333339        1.1257492821571753     
  0.60666666666666669       0.82947247426638626     
  0.60999999999999999       0.62067351128157755     
  0.61333333333333340       0.61971979560859380     
  0.61666666666666670       0.82617061916250401     
  0.62000000000000000        1.1389063776157593     
  0.62333333333333341        1.4202665401892030     
  0.62666666666666671        1.5600195950809204     
  0.63000000000000000        1.5102069029689433     
  0.63333333333333341        1.2857316821848188     
  0.63666666666666671       0.94242018949155770     
  0.64000000000000001       0.54899869382897548     
  0.64333333333333342       0.16514526965871118     
  0.64666666666666672      -0.16957476467327567     
  0.65000000000000002      -0.43698647290666975     
  0.65333333333333332      -0.63566047108138135     
  0.65666666666666673      -0.77429852844480429     
  0.66000000000000003      -0.86581390286301285     
  0.66333333333333333      -0.92326542923158028     
  0.66666666666666674      -0.95771030477802277     
  0.67000000000000004      -0.97749958647551549     
  0.67333333333333334      -0.98842476803120138     
  0.67666666666666675      -0.99423427837072587     
  0.68000000000000005      -0.99721577233253533     
  0.68333333333333335      -0.99869510846478238     
  0.68666666666666676      -0.99940583075115219     
  0.69000000000000006      -0.99973689977902669     
  0.69333333333333336      -0.99988660779462035     
  0.69666666666666666      -0.99995239612802700     
  0.70000000000000007      -0.99998051867669557     
  0.70333333333333337      -0.99999222306439239     
  0.70666666666666667      -0.99999696968034468     
  0.71000000000000008      -0.99999884677070838     
  0.71333333333333337      -0.99999957112494842     
  0.71666666666666667      -0.99999984405938502     
  0.72000000000000008      -0.99999994453580421     
  0.72333333333333338      -0.99999998069408635     
  0.72666666666666668      -0.99999999342069745     
  0.73000000000000009      -0.99999999780386872     
  0.73333333333333339      -0.99999999928171857     
  0.73666666666666669      -0.99999999976973386     
  0.74000000000000010      -0.99999999992758670     
  0.74333333333333340      -0.99999999997777422     
  0.74666666666666670      -0.99999999999292433     
  0.75000000000000000      -0.99999999999909217     
  0.75333333333333341      -0.99999999999576539     
  0.75666666666666671       -1.0000000000117495     
  0.76000000000000001      -0.99999999996180289     
  0.76333333333333342       -1.0000000001197227     
  0.76666666666666672      -0.99999999963172648     
  0.77000000000000002       -1.0000000011095809     
  0.77333333333333343      -0.99999999672641116     
  0.77666666666666673       -1.0000000094530224     
  0.78000000000000003      -0.99999997329474111     
  0.78333333333333344       -1.0000000737711592     
  0.78666666666666674      -0.99999980083672291     
  0.79000000000000004       -1.0000005251909629     
  0.79333333333333333      -0.99999864810059957     
  0.79666666666666675       -1.0000033947165505     
  0.80000000000000004      -0.99999169032885515     
  0.80333333333333334       -1.0000198128775224     
  0.80666666666666675      -0.99995402454411630     
  0.81000000000000005       -1.0001037325597089     
  0.81333333333333335      -0.99977266353183503     
  0.81666666666666676       -1.0004833858182054     
  0.82000000000000006      -0.99900404968595902     
  0.82333333333333336       -1.0019855436477678     
  0.82666666666666677      -0.99617603330824367     
  0.83000000000000007       -1.0071012148639289     
  0.83333333333333337      -0.98731193316643584     
  0.83666666666666667       -1.0217568087128783     
  0.84000000000000008      -0.96430528234431145     
  0.84333333333333338       -1.0558206567625190     
  0.84666666666666668      -0.91718259939909696     
  0.85000000000000009       -1.1158565975738075     
  0.85333333333333339      -0.84844488934041418     
  0.85666666666666669       -1.1831649236724000     
  0.86000000000000010      -0.79931149950213687     
  0.86333333333333340       -1.1927329951647188     
  0.86666666666666670      -0.84942150247145598     
  0.87000000000000011       -1.0738967232555816     
  0.87333333333333341       -1.0240840311436037     
  0.87666666666666671      -0.88433097625188806     
  0.88000000000000000       -1.1656911388253315     
  0.88333333333333341      -0.85295538037207630     
  0.88666666666666671       -1.0594062039259857     
  0.89000000000000001       -1.0603599195989710     
  0.89333333333333342      -0.85156095661416131     
  0.89666666666666672       -1.1478377645049498     
  0.90000000000000002      -0.94970266592561603     
  0.90333333333333343      -0.91545975319880013     
  0.90666666666666673       -1.1588713665099606     
  0.91000000000000003      -0.89152939086291261     
  0.91333333333333344      -0.96575989314151578     
  0.91666666666666674       -1.1496789974418289     
  0.92000000000000004      -0.87195745964369620     
  0.92333333333333334      -0.98065891549862128     
  0.92666666666666675       -1.1502152884752526     
  0.93000000000000005      -0.87656277422400286     
  0.93333333333333335      -0.95851430847918473     
  0.93666666666666676       -1.1620489713216655     
  0.94000000000000006      -0.90979375974834087     
  0.94333333333333336      -0.90406219694452383     
  0.94666666666666677       -1.1621952032521583     
  0.95000000000000007      -0.98710934873902556     
  0.95333333333333337      -0.84237540007080236     
  0.95666666666666678       -1.1070365566170779     
  0.96000000000000008       -1.1022005452330690     
  0.96333333333333337      -0.83876445703416669     
  0.96666666666666667      -0.97007651092562142     
  0.97000000000000008       -1.1773594012254351     
  0.97333333333333338      -0.96422743432308333     
  0.97666666666666668      -0.83050804106248899     
  0.98000000000000009       -1.0850474292339585     
  0.98333333333333339       -1.1526492541538436     
  0.98666666666666669      -0.88284344282779759     
  0.99000000000000010      -0.86205411238373220     
  0.99333333333333340       -1.1349313675969610     
  0.99666666666666670       -1.1320218799670190     
