   0.0000000000000000        1.3200018633145607     
   3.3333333333333335E-003   1.1452028742342106     
   6.6666666666666671E-003  0.83533029419015270     
   1.0000000000000000E-002  0.69179471613551247     
   1.3333333333333334E-002  0.71845631318532577     
   1.6666666666666666E-002   1.0705046461305683     
   2.0000000000000000E-002  0.96423343096865766     
   2.3333333333333334E-002  0.96140020927151193     
   2.6666666666666668E-002   1.3634126140798717     
   3.0000000000000002E-002   1.3260674052939962     
   3.3333333333333333E-002   1.1494290318840521     
   3.6666666666666667E-002  0.86888061783326209     
   4.0000000000000001E-002  0.72669352453756719     
   4.3333333333333335E-002  0.95535112474318573     
   4.6666666666666669E-002  0.73577624410283327     
   5.0000000000000003E-002  0.60726632410724535     
   5.3333333333333337E-002  0.99955670507582473     
   5.6666666666666671E-002   1.2098636407608239     
   6.0000000000000005E-002   1.3499592184371108     
   6.3333333333333339E-002   1.2620662967531688     
   6.6666666666666666E-002   1.1015943936025172     
   7.0000000000000007E-002   1.3453188672266689     
   7.3333333333333334E-002   1.1665133580686224     
   7.6666666666666675E-002  0.68043895201471094     
   8.0000000000000002E-002  0.63320881038651855     
   8.3333333333333343E-002  0.63298003789405821     
   8.6666666666666670E-002  0.71943149014476016     
   9.0000000000000011E-002  0.78048262882493114     
   9.3333333333333338E-002  0.61301050264956680     
   9.6666666666666679E-002  0.96133047127369520     
  0.10000000000000001        1.4402703413490494     
  0.10333333333333335        1.3798227266845757     
  0.10666666666666667        1.3962441323309600     
  0.11000000000000000        1.4900167432025371     
  0.11333333333333334        1.5239777920749107     
  0.11666666666666667        1.6572076730210086     
  0.12000000000000001        1.3254732828450906     
  0.12333333333333334       0.86159558525550572     
  0.12666666666666668       0.92894828188604150     
  0.13000000000000000       0.82544728197380079     
  0.13333333333333333       0.42255175466110673     
  0.13666666666666669       0.15579978984664977     
  0.14000000000000001      -0.16871090044948164     
  0.14333333333333334      -0.24821860432959422     
  0.14666666666666667      -0.12825134477444525     
  0.15000000000000002      -0.51357831869584047     
  0.15333333333333335      -0.86700841080084468     
  0.15666666666666668      -0.72303704577949501     
  0.16000000000000000      -0.70648976398914431     
  0.16333333333333333      -0.78141932567715633     
  0.16666666666666669      -0.83709103508867688     
  0.17000000000000001       -1.1148487052279585     
  0.17333333333333334       -1.0686887228068547     
  0.17666666666666667      -0.72331326446613198     
  0.18000000000000002      -0.87492028704215752     
  0.18333333333333335       -1.1406224644600247     
  0.18666666666666668       -1.0557310542756455     
  0.19000000000000000       -1.0200627009174954     
  0.19333333333333336      -0.92761131917154005     
  0.19666666666666668      -0.79801075774936459     
  0.20000000000000001       -1.0886114000172422     
  0.20333333333333334       -1.2572198360065892     
  0.20666666666666669      -0.92060923778495640     
  0.21000000000000002      -0.81937381667285547     
  0.21333333333333335      -0.99943970951042438     
  0.21666666666666667       -1.0202976167189077     
  0.22000000000000000       -1.1169989009710017     
  0.22333333333333336       -1.1297000836372078     
  0.22666666666666668      -0.80379083334138679     
  0.23000000000000001      -0.80241294966080245     
  0.23333333333333334       -1.1727857753170345     
  0.23666666666666669       -1.1591353131476736     
  0.24000000000000002      -0.95516342498493201     
  0.24333333333333335      -0.95868865658277846     
  0.24666666666666667      -0.88140099599191168     
  0.25000000000000000      -0.90472247368278325     
  0.25333333333333335       -1.2187323573994093     
  0.25666666666666671       -1.1809991568014766     
  0.26000000000000001      -0.80814222789331658     
  0.26333333333333336      -0.83431571404985783     
  0.26666666666666666       -1.0542588134545834     
  0.27000000000000002       -1.0460806120726438     
  0.27333333333333337       -1.1048205992471034     
  0.27666666666666667       -1.1207131001438211     
  0.28000000000000003      -0.81766623978868347     
  0.28333333333333333      -0.76464615603061659     
  0.28666666666666668       -1.1350900186867026     
  0.29000000000000004       -1.2116049512352893     
  0.29333333333333333      -0.98501232718357457     
  0.29666666666666669      -0.95914670851753037     
  0.30000000000000004      -0.92807742917705660     
  0.30333333333333334      -0.82195888241567294     
  0.30666666666666670       -1.0509234738579010     
  0.31000000000000000       -1.2992719751652928     
  0.31333333333333335       -1.0374885008985228     
  0.31666666666666671      -0.77891068446087441     
  0.32000000000000001      -0.90967977799946320     
  0.32333333333333336       -1.0183655302440784     
  0.32666666666666666      -0.98795069848404393     
  0.33000000000000002       -1.1837515808784917     
  0.33333333333333337       -1.1584827387313097     
  0.33666666666666667      -0.84229110580486699     
  0.34000000000000002      -0.69889224219710022     
  0.34333333333333338       -1.0897868458662967     
  0.34666666666666668       -1.1075697117679204     
  0.35000000000000003       -1.1104638421258544     
  0.35333333333333333       -1.0127645026859287     
  0.35666666666666669       -1.1161560886399284     
  0.36000000000000004      -0.64958197552115127     
  0.36333333333333334      -0.91547128042212356     
  0.36666666666666670       -1.0622336217739465     
  0.37000000000000005       -1.3551225139906486     
  0.37333333333333335      -0.87998498801725900     
  0.37666666666666671       -1.0675086154619227     
  0.38000000000000000      -0.88048814518482199     
  0.38333333333333336      -0.85422256243035888     
  0.38666666666666671      -0.83772577153328220     
  0.39000000000000001       -1.2154275129545653     
  0.39333333333333337       -1.3202157843600006     
  0.39666666666666667      -0.88688900003792581     
  0.40000000000000002      -0.94814458191274931     
  0.40333333333333338      -0.85012001674246096     
  0.40666666666666668      -0.96260638072676663     
  0.41000000000000003      -0.81587004585012712     
  0.41333333333333339       -1.2010593975758348     
  0.41666666666666669       -1.3427977909642270     
  0.42000000000000004      -0.95841375919576854     
  0.42333333333333334      -0.87226021448775859     
  0.42666666666666669      -0.80328354743411789     
  0.43000000000000005       -1.0204748197124542     
  0.43333333333333335      -0.83759526785060523     
  0.43666666666666670       -1.0486262478249440     
  0.44000000000000000       -1.3783236227056408     
  0.44333333333333336       -1.1087077578268840     
  0.44666666666666671      -0.92367575381157607     
  0.45000000000000001      -0.72794687365870392     
  0.45333333333333337      -0.96430226571873134     
  0.45666666666666672      -0.93259030695197620     
  0.46000000000000002      -0.83070325086646946     
  0.46333333333333337       -1.2672533673890551     
  0.46666666666666667       -1.2826539118836904     
  0.47000000000000003       -1.1322070492395704     
  0.47333333333333338      -0.83102881033660103     
  0.47666666666666668      -0.78003655071566891     
  0.48000000000000004       -1.0134155385398917     
  0.48333333333333334      -0.75195208188228435     
  0.48666666666666669      -0.88951633751959069     
  0.49000000000000005       -1.2414586391480145     
  0.49333333333333335       -1.2974816928498831     
  0.49666666666666670       -1.2226700687314884     
  0.50000000000000000      -0.85589848317464623     
  0.50333333333333341      -0.93168609803313340     
  0.50666666666666671      -0.98391613409498802     
  0.51000000000000001      -0.62893367972445779     
  0.51333333333333342      -0.77396065813748149     
  0.51666666666666672       -1.0408587282244508     
  0.52000000000000002       -1.2633736499419548     
  0.52333333333333332       -1.3060086462468405     
  0.52666666666666673       -1.0186408176417334     
  0.53000000000000003       -1.1810551348525362     
  0.53333333333333333       -1.1803977151330063     
  0.53666666666666674      -0.72748649219683459     
  0.54000000000000004      -0.64289728498417897     
  0.54333333333333333      -0.69614733566082121     
  0.54666666666666675      -0.91534239983860843     
  0.55000000000000004       -1.0837086106957801     
  0.55333333333333334      -0.91391342050281743     
  0.55666666666666675       -1.2170498921881965     
  0.56000000000000005       -1.5356215886367266     
  0.56333333333333335       -1.2851100034729928     
  0.56666666666666665       -1.1067373160718235     
  0.57000000000000006      -0.93401846376547792     
  0.57333333333333336      -0.86979493995469903     
  0.57666666666666666      -0.90844952305475324     
  0.58000000000000007      -0.50759425142416148     
  0.58333333333333337      -0.41325893768721006     
  0.58666666666666667      -0.82845681252814951     
  0.59000000000000008      -0.93218383969833696     
  0.59333333333333338       -1.0005178994797863     
  0.59666666666666668       -1.1318958865766040     
  0.60000000000000009       -1.2502166725016912     
  0.60333333333333339       -1.6655484199384551     
  0.60666666666666669       -1.7039772628073138     
  0.60999999999999999       -1.3236542271950134     
  0.61333333333333340       -1.3765129419525921     
  0.61666666666666670       -1.4296099333886911     
  0.62000000000000000       -1.1790241853769379     
  0.62333333333333341      -0.93993873350468227     
  0.62666666666666671      -0.51219085690562838     
  0.63000000000000000      -0.29173680917852796     
  0.63333333333333341      -0.41756026047778338     
  0.63666666666666671       -6.7356945331235707E-002
  0.64000000000000001       0.41244111625134650     
  0.64333333333333342       0.43346397214835125     
  0.64666666666666672       0.48144392420968229     
  0.65000000000000002       0.54792661268657539     
  0.65333333333333332       0.61086331446582476     
  0.65666666666666673       0.97330495627878066     
  0.66000000000000003        1.0193749193668087     
  0.66333333333333333       0.68539401487957652     
  0.66666666666666674       0.80267262006293116     
  0.67000000000000004        1.0634247412185807     
  0.67333333333333334        1.0321888419242904     
  0.67666666666666675        1.0413547969268331     
  0.68000000000000005       0.92092619381609309     
  0.68333333333333335       0.77065221567078379     
  0.68666666666666676        1.0819454116033211     
  0.69000000000000006        1.2467371745106757     
  0.69333333333333336       0.91872868426601850     
  0.69666666666666666       0.84056979049259106     
  0.70000000000000007       0.99009066316752437     
  0.70333333333333337        1.0072121492383159     
  0.70666666666666667        1.1386603290325561     
  0.71000000000000008        1.1115782519478414     
  0.71333333333333337       0.77287125164213610     
  0.71666666666666667       0.84648733203363813     
  0.72000000000000008        1.2000122384765965     
  0.72333333333333338        1.1198645477821250     
  0.72666666666666668       0.94463277351013264     
  0.73000000000000009       0.95482921005100918     
  0.73333333333333339       0.86671348101090639     
  0.73666666666666669       0.96708979352688718     
  0.74000000000000010        1.2584271923975767     
  0.74333333333333340        1.0858440746435345     
  0.74666666666666670       0.75583402297550262     
  0.75000000000000000       0.90472247368278280     
  0.75333333333333341        1.0931653843829992     
  0.75666666666666671        1.0538437387407213     
  0.76000000000000001        1.1114059953059603     
  0.76333333333333342        1.0263612336706431     
  0.76666666666666672       0.74818651914845513     
  0.77000000000000002       0.89366435168243641     
  0.77333333333333343        1.2456625394158534     
  0.77666666666666673        1.1305486359989068     
  0.78000000000000003       0.90067957729427628     
  0.78333333333333344       0.93845644071589041     
  0.78666666666666674       0.90852156081841429     
  0.79000000000000004       0.91940051596030448     
  0.79333333333333333        1.2030634184311728     
  0.79666666666666675        1.2091543952858081     
  0.80000000000000004       0.82955669232733653     
  0.80333333333333334       0.77939984967245035     
  0.80666666666666675        1.0420408389523741     
  0.81000000000000005        1.0725975015721136     
  0.81333333333333335        1.0637028582262003     
  0.81666666666666676        1.1488809332501173     
  0.82000000000000006       0.95568568477339699     
  0.82333333333333336       0.70032399778337739     
  0.82666666666666677       0.95145081760147809     
  0.83000000000000007        1.2351755448878690     
  0.83333333333333337        1.1240643237055636     
  0.83666666666666667       0.93831641660245091     
  0.84000000000000008        1.0117773975747644     
  0.84333333333333338       0.83951893536701094     
  0.84666666666666668       0.85142461543290071     
  0.85000000000000009        1.0761155481351230     
  0.85333333333333339        1.3659570821211633     
  0.85666666666666669       0.93091072082116766     
  0.86000000000000010       0.89331219132301731     
  0.86333333333333340       0.82702843590671393     
  0.86666666666666670        1.0672251159572683     
  0.87000000000000011       0.82141204119537625     
  0.87333333333333341        1.2967424129976730     
  0.87666666666666671        1.1458517637110988     
  0.88000000000000000        1.0269372426529744     
  0.88333333333333341       0.62662482279804121     
  0.88666666666666671       0.98519062165559979     
  0.89000000000000001        1.0490649969470385     
  0.89333333333333342        1.0124826538836496     
  0.89666666666666672        1.1726146932918058     
  0.90000000000000002        1.1381982507601061     
  0.90333333333333343        1.0206854320453695     
  0.90666666666666673       0.57509898389655001     
  0.91000000000000003       0.96757125672353661     
  0.91333333333333344        1.0920340751924427     
  0.91666666666666674        1.1230766907573775     
  0.92000000000000004        1.0840283181581243     
  0.92333333333333334        1.1002707855278029     
  0.92666666666666675        1.1000019655480420     
  0.93000000000000005       0.60917441625126256     
  0.93333333333333335       0.83245234538129931     
  0.93666666666666676        1.0716699545447665     
  0.94000000000000006        1.1926612525060254     
  0.94333333333333336        1.1158940092542533     
  0.94666666666666677        1.0093190383845834     
  0.95000000000000007        1.2043891602472379     
  0.95333333333333337       0.78473610998295928     
  0.95666666666666678       0.67338651786961046     
  0.96000000000000008       0.91449949041985845     
  0.96333333333333337        1.1258592417526225     
  0.96666666666666667        1.2516852286347346     
  0.97000000000000008       0.98719477879810524     
  0.97333333333333338        1.1758006067747344     
  0.97666666666666668        1.1246449876909954     
  0.98000000000000009       0.71427531956659507     
  0.98333333333333339       0.72230616397616632     
  0.98666666666666669       0.83401199256743330     
  0.99000000000000010        1.1785976027369629     
  0.99333333333333340        1.1488958529450408     
  0.99666666666666670        1.0091532925304099     
