   0.0000000000000000       0.88413381552872750     
   3.3333333333333335E-003   1.3510576758791653     
   6.6666666666666671E-003   1.1998735476998839     
   1.0000000000000000E-002  0.87226710270661290     
   1.3333333333333334E-002  0.78964460887222010     
   1.6666666666666666E-002  0.85624218156121013     
   2.0000000000000000E-002   1.1284079360393466     
   2.3333333333333334E-002   1.1434024525942759     
   2.6666666666666668E-002  0.93186202432502385     
   3.0000000000000002E-002   1.1235681116707268     
   3.3333333333333333E-002   1.1362566218830894     
   3.6666666666666667E-002  0.67824460179005286     
   4.0000000000000001E-002  0.74212661099805433     
   4.3333333333333335E-002   1.1930917257595799     
   4.6666666666666669E-002   1.2492264942803530     
   5.0000000000000003E-002   1.1084965913830032     
   5.3333333333333337E-002  0.91721017463980914     
   5.6666666666666671E-002  0.77628646631003639     
   6.0000000000000005E-002  0.99750378640558468     
   6.3333333333333339E-002   1.0435788796765975     
   6.6666666666666666E-002  0.84766905180939733     
   7.0000000000000007E-002   1.1122816452762663     
   7.3333333333333334E-002   1.3985785384648710     
   7.6666666666666675E-002  0.95512583342809598     
   8.0000000000000002E-002  0.67952273483551395     
   8.3333333333333343E-002  0.82040621358899590     
   8.6666666666666670E-002   1.0408537466689813     
   9.0000000000000011E-002   1.1239327572697970     
   9.3333333333333338E-002   1.2171347400852128     
   9.6666666666666679E-002  0.89716931593399529     
  0.10000000000000001        1.0794719668971073     
  0.10333333333333335        1.0550546666728926     
  0.10666666666666667       0.83440320382691990     
  0.11000000000000000       0.54353477794417382     
  0.11333333333333334        1.2536521770011986     
  0.11666666666666667        1.2385963509266897     
  0.12000000000000001        1.2136300095090531     
  0.12333333333333334       0.87858130098461251     
  0.12666666666666668       0.97709288122083826     
  0.13000000000000000       0.76784309832372499     
  0.13333333333333333        1.0682216875295467     
  0.13666666666666669       0.88350604794890830     
  0.14000000000000001       0.84466017472834232     
  0.14333333333333334        1.2748255476262849     
  0.14666666666666667        1.3901639229521301     
  0.15000000000000002        1.0156420004583313     
  0.15333333333333335       0.60327072784753377     
  0.15666666666666668       0.96458702955360143     
  0.16000000000000000       0.85896134049642792     
  0.16333333333333333        1.0334165667768376     
  0.16666666666666669        1.0522441231586070     
  0.17000000000000001        1.0410488040464010     
  0.17333333333333334        1.1650367439898988     
  0.17666666666666667        1.2688174435045738     
  0.18000000000000002        1.0734210641279121     
  0.18333333333333335       0.44922540495113500     
  0.18666666666666668       0.82004773828031585     
  0.19000000000000000        1.0898301563394648     
  0.19333333333333336        1.0559938696475943     
  0.19666666666666668        1.0474321907558881     
  0.20000000000000001        1.1051804800721066     
  0.20333333333333334        1.2304142144464101     
  0.20666666666666669        1.0524840162990625     
  0.21000000000000002        1.1250198461872045     
  0.21333333333333335       0.68295974757484923     
  0.21666666666666667       0.50429189326553303     
  0.22000000000000000        1.0421340653248898     
  0.22333333333333336        1.1909617042224474     
  0.22666666666666668        1.0940174141284993     
  0.23000000000000001       0.95443809595180729     
  0.23333333333333334        1.2725996527259007     
  0.23666666666666669        1.2707378359289814     
  0.24000000000000002       0.95901044308797490     
  0.24333333333333335       0.97217453050403635     
  0.24666666666666667       0.59960745012232763     
  0.25000000000000000       0.61848441598786075     
  0.25333333333333335        1.0318408144102045     
  0.25666666666666671        1.1702721362646593     
  0.26000000000000001        1.0398120615887343     
  0.26333333333333336       0.90461646871795287     
  0.26666666666666666        1.3932995164100765     
  0.27000000000000002        1.4281976576266844     
  0.27333333333333337        1.0013728431845617     
  0.27666666666666667       0.95921955016109373     
  0.28000000000000003       0.70696457049243089     
  0.28333333333333333       0.64755374742335026     
  0.28666666666666668       0.84447040514025407     
  0.29000000000000004       0.95102385928939170     
  0.29333333333333333       0.90017090083789253     
  0.29666666666666669       0.70958574836425914     
  0.30000000000000004        1.2330870964116103     
  0.30333333333333334        1.6366131928484255     
  0.30666666666666670        1.2656216217214611     
  0.31000000000000000        1.1738429487477728     
  0.31333333333333335        1.1190662143970100     
  0.31666666666666671       0.99228899485079292     
  0.32000000000000001       0.95235110989037386     
  0.32333333333333336       0.82097582878132891     
  0.32666666666666666       0.74605747414082757     
  0.33000000000000002       0.37741513341701100     
  0.33333333333333337       0.39464053294147461     
  0.33666666666666667        1.0509531566576060     
  0.34000000000000002        1.0566142331994020     
  0.34333333333333338       0.86790335902322302     
  0.34666666666666668        1.0909574202299304     
  0.35000000000000003        1.3184318783781075     
  0.35333333333333333        1.5686248295869629     
  0.35666666666666669        1.5941359151649022     
  0.36000000000000004        1.6120429552345066     
  0.36333333333333334        1.5726527979863683     
  0.36666666666666670        1.1026698614718597     
  0.37000000000000005        1.1562425790572686     
  0.37333333333333335        1.4545811631098413     
  0.37666666666666671       0.98380273841274268     
  0.38000000000000000       0.48853447452341014     
  0.38333333333333336       0.30463412934525147     
  0.38666666666666671       0.23441072473988581     
  0.39000000000000001       0.19408309650588648     
  0.39333333333333337      -0.12171559869847343     
  0.39666666666666667      -0.24468755120307040     
  0.40000000000000002      -0.34401956718230986     
  0.40333333333333338      -0.84916917801494352     
  0.40666666666666668      -0.78277403218112573     
  0.41000000000000003      -0.38597519157924604     
  0.41333333333333339      -0.63467573125726351     
  0.41666666666666669      -0.97593195808648148     
  0.42000000000000004       -1.0758903073332213     
  0.42333333333333334      -0.97497516203174039     
  0.42666666666666669      -0.77492107255134868     
  0.43000000000000005      -0.93055625034556122     
  0.43333333333333335      -0.96022409516843577     
  0.43666666666666670      -0.80654290956109520     
  0.44000000000000000       -1.1802117086330732     
  0.44333333333333336       -1.2952710288393881     
  0.44666666666666671      -0.80479870789224039     
  0.45000000000000001      -0.71708450304924409     
  0.45333333333333337      -0.96898606885015259     
  0.45666666666666672       -1.1575889424614600     
  0.46000000000000002       -1.1960369629128316     
  0.46333333333333337      -0.92882886527364039     
  0.46666666666666667      -0.90347907720769649     
  0.47000000000000003       -1.0618742406758066     
  0.47333333333333338      -0.80932450619682428     
  0.47666666666666668      -0.87882419889306562     
  0.48000000000000004       -1.3469187987199911     
  0.48333333333333334       -1.1945229214824937     
  0.48666666666666669      -0.80282159768066175     
  0.49000000000000005      -0.78207580979527636     
  0.49333333333333335      -0.91594684398055859     
  0.49666666666666670       -1.1606949458561671     
  0.50000000000000000       -1.1647463990743154     
  0.50333333333333341      -0.92165535728557912     
  0.50666666666666671       -1.0562238554477275     
  0.51000000000000001       -1.0720674893213842     
  0.51333333333333342      -0.67877687417568533     
  0.51666666666666672      -0.83937354917361495     
  0.52000000000000002       -1.3100675556099524     
  0.52333333333333332       -1.2294324337475271     
  0.52666666666666673      -0.97246056854488816     
  0.53000000000000003      -0.82858687413050724     
  0.53333333333333333      -0.80903388096336204     
  0.53666666666666674       -1.0601207712271938     
  0.54000000000000004       -1.0884962228200927     
  0.54333333333333333      -0.92059912605923866     
  0.54666666666666675       -1.1824435046660859     
  0.55000000000000004       -1.2530262197820297     
  0.55333333333333334      -0.74101247079444654     
  0.55666666666666675      -0.65459115994596850     
  0.56000000000000005       -1.0392374124261512     
  0.56333333333333335       -1.1862614114471495     
  0.56666666666666665       -1.1696047776915377     
  0.57000000000000006       -1.0601401286514660     
  0.57333333333333336      -0.85585910571487567     
  0.57666666666666666      -0.98948116456073898     
  0.58000000000000007      -0.98820277078265217     
  0.58333333333333337      -0.73953930196101103     
  0.58666666666666667      -0.92589164185379857     
  0.59000000000000008       -1.4517439335170503     
  0.59333333333333338       -1.1757528839859308     
  0.59666666666666668      -0.86253097515793486     
  0.60000000000000009      -0.77320319387674508     
  0.60333333333333339      -0.94511761709933639     
  0.60666666666666669      -0.89570809365841264     
  0.60999999999999999       -1.1817632238992390     
  0.61333333333333340      -0.90601345262111344     
  0.61666666666666670       -1.1768026229687265     
  0.62000000000000000       -1.2142727853112392     
  0.62333333333333341       -1.1076063649610655     
  0.62666666666666671      -0.43865369527933218     
  0.63000000000000000      -0.90027435114161047     
  0.63333333333333341       -1.0874524001862742     
  0.63666666666666671       -1.1717373207621304     
  0.64000000000000001       -1.0505171991287272     
  0.64333333333333342       -1.1212140715944081     
  0.64666666666666672       -1.0328928412268541     
  0.65000000000000002      -0.98535807886949078     
  0.65333333333333332      -0.99232471347669959     
  0.65666666666666673      -0.52523356648053465     
  0.66000000000000003      -0.90181582280622763     
  0.66333333333333333       -1.2809285054146846     
  0.66666666666666674       -1.3567762975074595     
  0.67000000000000004      -0.91570656345011403     
  0.67333333333333334       -1.0080711307338304     
  0.67666666666666675       -1.0910004408246319     
  0.68000000000000005      -0.81330272615353572     
  0.68333333333333335      -0.90331473391121786     
  0.68666666666666676      -0.73352753804757620     
  0.69000000000000006      -0.91951983465249232     
  0.69333333333333336       -1.2082376226243117     
  0.69666666666666666       -1.4678460086417400     
  0.70000000000000007       -1.0789355767958819     
  0.70333333333333337      -0.72178899792509255     
  0.70666666666666667       -1.1078509333057394     
  0.71000000000000008      -0.94642508823727411     
  0.71333333333333337      -0.76947426794248497     
  0.71666666666666667      -0.73438316605688569     
  0.72000000000000008      -0.94404887704378393     
  0.72333333333333338       -1.1731265830492945     
  0.72666666666666668       -1.2650356607964539     
  0.73000000000000009       -1.4141700112565707     
  0.73333333333333339      -0.88569551270263891     
  0.73666666666666669      -0.80386572762548580     
  0.74000000000000010       -1.1190884241190819     
  0.74333333333333340      -0.91375464487033964     
  0.74666666666666670      -0.65786693496200632     
  0.75000000000000000      -0.61848441598785964     
  0.75333333333333341       -1.0901002992498805     
  0.75666666666666671       -1.2286920218983537     
  0.76000000000000001       -1.1998900426198396     
  0.76333333333333342       -1.3714885770214487     
  0.76666666666666672       -1.0063953763868116     
  0.77000000000000002      -0.96846574232192606     
  0.77333333333333343       -1.1723910898525141     
  0.77666666666666673      -0.97705467133424739     
  0.78000000000000003      -0.60887938221132198     
  0.78333333333333344      -0.41746247463200692     
  0.78666666666666674      -0.93098492550788881     
  0.79000000000000004       -1.1296186172393219     
  0.79333333333333333      -0.95553781784457170     
  0.79666666666666675       -1.2182109648855806     
  0.80000000000000004       -1.2068421931353863     
  0.80333333333333334       -1.2161993749625775     
  0.80666666666666675       -1.4178653746981842     
  0.81000000000000005       -1.3441532704347448     
  0.81333333333333335       -1.0325460141642659     
  0.81666666666666676      -0.53819966589071000     
  0.82000000000000006      -0.69223277191600285     
  0.82333333333333336      -0.99879283146126707     
  0.82666666666666677      -0.58909186088475551     
  0.83000000000000007      -0.50275737401329867     
  0.83333333333333337      -0.69917270729032177     
  0.83666666666666667      -0.80344121801975965     
  0.84000000000000008       -1.0994687155092060     
  0.84333333333333338       -1.3072568220962897     
  0.84666666666666668       -1.4800114058590959     
  0.85000000000000009       -1.3487157999669479     
  0.85333333333333339       -1.2113537478616878     
  0.85666666666666669       -1.7477473911967869     
  0.86000000000000010       -1.8178999796348916     
  0.86333333333333340       -1.2844215251731477     
  0.86666666666666670       -1.1219005741285917     
  0.87000000000000011       -1.0238113262393831     
  0.87333333333333341      -0.91614197716833501     
  0.87666666666666671      -0.75477767443629284     
  0.88000000000000000      -0.48917725032559728     
  0.88333333333333341      -0.36642785730321448     
  0.88666666666666671       0.11322799964019784     
  0.89000000000000001       0.44414534944918110     
  0.89333333333333342        6.0410708866982826E-002
  0.89666666666666672       0.13475050162951832     
  0.90000000000000002       0.65028834020266846     
  0.90333333333333343       0.81453083723888386     
  0.90666666666666673       0.82415588828041064     
  0.91000000000000003       0.71378636782649596     
  0.91333333333333344       0.74963783607244805     
  0.91666666666666674       0.89506504645849327     
  0.92000000000000004       0.76721027138608144     
  0.92333333333333334        1.0093304931643887     
  0.92666666666666675        1.3176405053013449     
  0.93000000000000005       0.87841473372076018     
  0.93333333333333335       0.63828836928629462     
  0.93666666666666676       0.94922544133165143     
  0.94000000000000006        1.1384780826125132     
  0.94333333333333336        1.1735757224753245     
  0.94666666666666677       0.98099641173760666     
  0.95000000000000007       0.86161413144827481     
  0.95333333333333337        1.0357690584644239     
  0.95666666666666678       0.88509634276112148     
  0.96000000000000008       0.84966735109078861     
  0.96333333333333337        1.3107050347107854     
  0.96666666666666667        1.2307018181274272     
  0.97000000000000008       0.76689300313559239     
  0.97333333333333338       0.76872596197696053     
  0.97666666666666668       0.96485418004631995     
  0.98000000000000009        1.1652591791493827     
  0.98333333333333339        1.1776542890949029     
  0.98666666666666669       0.91368933237719652     
  0.99000000000000010       0.98187619641004875     
  0.99333333333333340        1.0595965362327149     
  0.99666666666666670       0.73129262726257993     
