   0.0000000000000000       0.63269905602837517     
   3.3333333333333335E-003  0.85968970667573974     
   6.6666666666666671E-003   1.1621641942923380     
   1.0000000000000000E-002   1.3543075858589442     
   1.3333333333333334E-002   1.3473197105836805     
   1.6666666666666666E-002   1.0686289460484240     
   2.0000000000000000E-002   1.3017172584521193     
   2.3333333333333334E-002   1.1527036113016667     
   2.6666666666666668E-002  0.75445797233408440     
   3.0000000000000002E-002  0.62105455358416728     
   3.3333333333333333E-002  0.54758638508180624     
   3.6666666666666667E-002  0.82225534646391230     
   4.0000000000000001E-002  0.71248956919811746     
   4.3333333333333335E-002  0.64504749129402139     
   4.6666666666666669E-002   1.1279520489348347     
   5.0000000000000003E-002   1.3336101369368221     
   5.3333333333333337E-002   1.4746193694542455     
   5.6666666666666671E-002   1.4223093559344668     
   6.0000000000000005E-002   1.3984242359206178     
   6.3333333333333339E-002   1.7300253707340245     
   6.6666666666666666E-002   1.4806252049170205     
   7.0000000000000007E-002   1.0898078401750739     
   7.3333333333333334E-002  0.98623322129063640     
   7.6666666666666675E-002  0.78730214596249604     
   8.0000000000000002E-002  0.71696620913144327     
   8.3333333333333343E-002  0.29771900622898978     
   8.6666666666666670E-002 -0.17879957835450425     
   9.0000000000000011E-002  -6.4728517626278931E-002
   9.3333333333333338E-002 -0.17948406538630357     
   9.6666666666666679E-002 -0.47349135636444534     
  0.10000000000000001      -0.64774171066821284     
  0.10333333333333335      -0.86633157446019105     
  0.10666666666666667      -0.67503736557760119     
  0.11000000000000000      -0.62815961993181835     
  0.11333333333333334       -1.0352705930218802     
  0.11666666666666667       -1.0371283901084476     
  0.12000000000000001      -0.91027261818821392     
  0.12333333333333334      -0.89429436870189005     
  0.12666666666666668      -0.83078391159471532     
  0.13000000000000000       -1.1163717143244869     
  0.13333333333333333       -1.1876119036972683     
  0.13666666666666669      -0.82307100671464761     
  0.14000000000000001      -0.87317283276915791     
  0.14333333333333334       -1.0514519276705920     
  0.14666666666666667       -1.0626223196561881     
  0.15000000000000002       -1.1349332636944545     
  0.15333333333333335      -0.89965829584785206     
  0.15666666666666668      -0.77049270008650728     
  0.16000000000000000       -1.1343235597825319     
  0.16333333333333333       -1.1693905768955257     
  0.16666666666666669      -0.94878045679636336     
  0.17000000000000001      -0.94262299146765616     
  0.17333333333333334      -0.87143232633303258     
  0.17666666666666667       -1.0037001006497324     
  0.18000000000000002       -1.2594325750651969     
  0.18333333333333335      -0.99204880153946728     
  0.18666666666666668      -0.77218360330218494     
  0.19000000000000000      -0.98943459335529682     
  0.19333333333333336       -1.0587391058760509     
  0.19666666666666668       -1.0922903186880459     
  0.20000000000000001       -1.1204152051921876     
  0.20333333333333334      -0.82146210314360368     
  0.20666666666666669      -0.80317118461515280     
  0.21000000000000002       -1.1705199430866953     
  0.21333333333333335       -1.1495636229102622     
  0.21666666666666667      -0.96533656601016427     
  0.22000000000000000      -0.96299381455032040     
  0.22333333333333336      -0.84760004906807196     
  0.22666666666666668      -0.93476565009144408     
  0.23000000000000001       -1.2578142764007456     
  0.23333333333333334       -1.1113846295845848     
  0.23666666666666669      -0.80401770647573700     
  0.24000000000000002      -0.90714378107959581     
  0.24333333333333335      -0.99788706223800672     
  0.24666666666666667       -1.0257235346202958     
  0.25000000000000000       -1.2051792630308142     
  0.25333333333333335       -1.0565233917983048     
  0.25666666666666671      -0.72827153495346986     
  0.26000000000000001      -0.89395116669870145     
  0.26333333333333336       -1.1519439167217709     
  0.26666666666666666       -1.0791823444381385     
  0.27000000000000002       -1.0708831730751907     
  0.27333333333333337       -1.0256310362737233     
  0.27666666666666667      -0.76466439051274138     
  0.28000000000000003      -0.85800711825430187     
  0.28333333333333333       -1.2226155058374910     
  0.28666666666666668       -1.1652827267596919     
  0.29000000000000004      -0.94554544822469389     
  0.29333333333333333      -0.96009195395772218     
  0.29666666666666669      -0.88017940872232958     
  0.30000000000000004      -0.83599463301564381     
  0.30333333333333334       -1.1539427226011310     
  0.30666666666666670       -1.2768256358373649     
  0.31000000000000000      -0.95385882092834273     
  0.31333333333333335      -0.82649430773116483     
  0.31666666666666671      -0.94590688686115765     
  0.32000000000000001      -0.91625409786533563     
  0.32333333333333336       -1.0079911206691037     
  0.32666666666666666       -1.2709579585913411     
  0.33000000000000002       -1.1372423690555720     
  0.33333333333333337      -0.78094975299214009     
  0.33666666666666667      -0.82402264833584904     
  0.34000000000000002       -1.0104857299657257     
  0.34333333333333338      -0.99117218420845643     
  0.34666666666666668       -1.0971217524786989     
  0.35000000000000003       -1.2590858164420322     
  0.35333333333333333       -1.0118308334530417     
  0.35666666666666669      -0.70893159384581939     
  0.36000000000000004      -0.85647879192087362     
  0.36333333333333334       -1.0703908964525275     
  0.36666666666666670       -1.0327604129667460     
  0.37000000000000005       -1.1181302707716450     
  0.37333333333333335       -1.2306323444364482     
  0.37666666666666671      -0.98462865273914268     
  0.38000000000000000      -0.67574488526892373     
  0.38333333333333336      -0.86250105485653306     
  0.38666666666666671       -1.0646774781784585     
  0.39000000000000001       -1.0794024643632241     
  0.39333333333333337       -1.0658630015041022     
  0.39666666666666667       -1.2902177986925227     
  0.40000000000000002      -0.98826191592302337     
  0.40333333333333338      -0.77317802258864454     
  0.40666666666666668      -0.68930899010719981     
  0.41000000000000003       -1.1288990667145167     
  0.41333333333333339      -0.93362610337114593     
  0.41666666666666669       -1.1745554579666890     
  0.42000000000000004       -1.1319795319521031     
  0.42333333333333334       -1.3367919427259494     
  0.42666666666666669      -0.72509429766245947     
  0.43000000000000005      -0.79647611750665948     
  0.43333333333333335      -0.82727470194364727     
  0.43666666666666670       -1.0132093562381050     
  0.44000000000000000      -0.93581246779820049     
  0.44333333333333336       -1.1073385161243652     
  0.44666666666666671       -1.4362655125335846     
  0.45000000000000001       -1.0772292674813557     
  0.45333333333333337      -0.93855051091420583     
  0.45666666666666672      -0.72992355529536956     
  0.46000000000000002      -0.96596029845886566     
  0.46333333333333337      -0.75834952859924931     
  0.46666666666666667      -0.77020579170888048     
  0.47000000000000003       -1.1927427348399080     
  0.47333333333333338       -1.2847930837720676     
  0.47666666666666668       -1.3116380617778098     
  0.48000000000000004      -0.96902137545009670     
  0.48333333333333334       -1.1223132641565183     
  0.48666666666666669       -1.0123457321117939     
  0.49000000000000005      -0.62358856533256279     
  0.49333333333333335      -0.66401024520408336     
  0.49666666666666670      -0.76235200644590484     
  0.50000000000000000       -1.1324508741198847     
  0.50333333333333341       -1.0333101783764360     
  0.50666666666666671       -1.0780386055821940     
  0.51000000000000001       -1.4693313757633879     
  0.51333333333333342       -1.3508630833209441     
  0.51666666666666672       -1.1928887741423235     
  0.52000000000000002      -0.86271199115797859     
  0.52333333333333332      -0.84335678322637164     
  0.52666666666666673      -0.91948176790612401     
  0.53000000000000003      -0.48577888160850913     
  0.53333333333333333      -0.51631461001334233     
  0.53666666666666674      -0.73977149362458450     
  0.54000000000000004      -0.95547517539052140     
  0.54333333333333333       -1.1425526584576420     
  0.54666666666666675       -1.0243029136412634     
  0.55000000000000004       -1.4114644534370804     
  0.55333333333333334       -1.7219413671663688     
  0.55666666666666675       -1.5152222767289618     
  0.56000000000000005       -1.4517058949512109     
  0.56333333333333335       -1.3078589490516370     
  0.56666666666666665       -1.3323485705258145     
  0.57000000000000006       -1.2131375954002221     
  0.57333333333333336      -0.59701526061493770     
  0.57666666666666666      -0.44334468729237153     
  0.58000000000000007      -0.41881640770152495     
  0.58333333333333337      -0.12733067508340379     
  0.58666666666666667       0.10160591466809751     
  0.59000000000000008       0.49657334184574958     
  0.59333333333333338       0.53083949153974563     
  0.59666666666666668       0.34800545760079293     
  0.60000000000000009       0.71334746012987782     
  0.60333333333333339       0.92454487810186925     
  0.60666666666666669       0.86619272721977714     
  0.60999999999999999       0.86928620382168509     
  0.61333333333333340       0.73891828645155688     
  0.61666666666666670       0.96506147873789039     
  0.62000000000000000        1.2135313479340850     
  0.62333333333333341       0.90196830277792428     
  0.62666666666666671       0.82608015883213659     
  0.63000000000000000       0.99563179971604199     
  0.63333333333333341        1.0312215311649080     
  0.63666666666666671        1.1561636622419313     
  0.64000000000000001       0.97044392042092231     
  0.64333333333333342       0.74267435737153931     
  0.64666666666666672        1.0653704673734108     
  0.65000000000000002        1.1857498312281849     
  0.65333333333333332       0.98072022973703055     
  0.65666666666666673       0.95435937080143796     
  0.66000000000000003       0.86705332479744412     
  0.66333333333333333       0.96985691514636307     
  0.66666666666666674        1.2556895398851600     
  0.67000000000000004        1.0213949048285322     
  0.67333333333333334       0.77482033232969472     
  0.67666666666666675       0.97981754313988212     
  0.68000000000000005        1.0585693569943933     
  0.68333333333333335        1.0903407732465968     
  0.68666666666666676        1.1141302436109641     
  0.69000000000000006       0.81766020373319503     
  0.69333333333333336       0.81793759194904403     
  0.69666666666666666        1.1871097437087441     
  0.70000000000000007        1.1379426435619115     
  0.70333333333333337       0.94392931013931836     
  0.70666666666666667       0.94876149763093887     
  0.71000000000000008       0.85922551162869476     
  0.71333333333333337       0.98672600481983241     
  0.71666666666666667        1.2672493020607858     
  0.72000000000000008        1.0421011374599352     
  0.72333333333333338       0.77172504556961252     
  0.72666666666666668       0.94484990825465298     
  0.73000000000000009        1.0415516225572774     
  0.73333333333333339        1.0631471918985853     
  0.73666666666666669        1.1746413664854407     
  0.74000000000000010       0.94710894349579400     
  0.74333333333333340       0.71946791355491424     
  0.74666666666666670        1.0117351698282455     
  0.75000000000000000        1.2051792630308151     
  0.75333333333333341        1.0425350270062552     
  0.75666666666666671        1.0066906836365621     
  0.76000000000000001       0.93391632911489819     
  0.76333333333333342       0.78132025671206773     
  0.76666666666666672        1.0309449067521383     
  0.77000000000000002        1.2871458269186624     
  0.77333333333333343        1.0357152944369310     
  0.77666666666666673       0.84053939401120237     
  0.78000000000000003       0.93711444116391640     
  0.78333333333333344       0.92070276978686882     
  0.78666666666666674        1.0024451086692610     
  0.79000000000000004        1.2568398796826938     
  0.79333333333333333        1.1056822669735127     
  0.79666666666666675       0.75771220172661491     
  0.80000000000000004       0.85352207138536595     
  0.80333333333333334        1.0591232975804321     
  0.80666666666666675        1.0360241219103576     
  0.81000000000000005        1.1256332105504443     
  0.81333333333333335        1.1684409480399454     
  0.81666666666666676       0.84761491515402709     
  0.82000000000000006       0.71539087979453364     
  0.82333333333333336        1.0318736781789561     
  0.82666666666666677        1.1743459645880014     
  0.83000000000000007        1.0584704556946969     
  0.83333333333333337        1.0878588360809356     
  0.83666666666666667        1.0235563100850094     
  0.84000000000000008       0.74321549498063522     
  0.84333333333333338       0.80730551349353064     
  0.84666666666666668        1.1781836863678745     
  0.85000000000000009        1.2082692489083036     
  0.85333333333333339        1.0145789811702619     
  0.85666666666666669        1.0177091641448772     
  0.86000000000000010       0.95374987957263613     
  0.86333333333333340       0.73729824092524332     
  0.86666666666666670       0.87637004043438538     
  0.87000000000000011        1.2388701853800916     
  0.87333333333333341        1.2259285916738671     
  0.87666666666666671       0.97695471866310746     
  0.88000000000000000       0.97900361501479449     
  0.88333333333333341       0.93456796622709215     
  0.88666666666666671       0.76832517160813463     
  0.89000000000000001       0.83827588047335966     
  0.89333333333333342        1.2570183631462741     
  0.89666666666666672        1.2320044950508415     
  0.90000000000000002        1.0538676653846881     
  0.90333333333333343       0.89866392135229956     
  0.90666666666666673        1.0406644162606404     
  0.91000000000000003       0.69705424249504588     
  0.91333333333333344       0.85643243968473937     
  0.91666666666666674        1.0041671268211025     
  0.92000000000000004        1.4301293333820164     
  0.92333333333333334       0.99283448405582153     
  0.92666666666666675        1.1143122583381562     
  0.93000000000000005       0.91980587273180625     
  0.93333333333333335       0.97555133633485280     
  0.93666666666666676       0.59104293455571766     
  0.94000000000000006       0.88253080876760825     
  0.94333333333333336        1.2002514369188577     
  0.94666666666666677        1.1889435148214602     
  0.95000000000000007        1.1550835839816123     
  0.95333333333333337        1.0421996462077752     
  0.95666666666666678        1.2274287224589924     
  0.96000000000000008       0.72297469226646427     
  0.96333333333333337       0.67586567575992529     
  0.96666666666666667       0.80147756677734516     
  0.97000000000000008        1.0574670628642506     
  0.97333333333333338        1.1197692882000261     
  0.97666666666666668        1.0022912337025125     
  0.98000000000000009        1.4080266427442349     
  0.98333333333333339        1.2465730922504166     
  0.98666666666666669        1.0088023593745317     
  0.99000000000000010       0.73861235523700197     
  0.99333333333333340       0.74813583391422545     
  0.99666666666666670       0.93597247814659690     
