   0.0000000000000000       -1.0313872663650707     
   3.3333333333333335E-003  -1.1487266701896246     
   6.6666666666666671E-003 -0.97188632200046143     
   1.0000000000000000E-002 -0.84904113524373392     
   1.3333333333333334E-002  -1.0199962098940596     
   1.6666666666666666E-002  -1.1534839196984181     
   2.0000000000000000E-002 -0.99315522117677157     
   2.3333333333333334E-002 -0.84473785271815682     
   2.6666666666666668E-002 -0.98852947426090521     
   3.0000000000000002E-002  -1.1548211584211765     
   3.3333333333333333E-002  -1.0346597211413986     
   3.6666666666666667E-002 -0.84999357848060952     
   4.0000000000000001E-002 -0.93774881140816324     
   4.3333333333333335E-002  -1.1390403880524336     
   4.6666666666666669E-002  -1.0916407859014963     
   5.0000000000000003E-002 -0.88200649963339051     
   5.3333333333333337E-002 -0.87735821224181365     
   5.6666666666666671E-002  -1.0894976897586477     
   6.0000000000000005E-002  -1.1437153220003466     
   6.3333333333333339E-002 -0.95874018767706803     
   6.6666666666666666E-002 -0.83208927583484227     
   7.0000000000000007E-002  -1.0035900270260651     
   7.3333333333333334E-002  -1.1456018661894398     
   7.6666666666666675E-002  -1.0838635459667774     
   8.0000000000000002E-002 -0.83330412338472137     
   8.3333333333333343E-002 -0.92321900697856651     
   8.6666666666666670E-002  -1.0385541652741366     
   9.0000000000000011E-002  -1.2237358401116898     
   9.3333333333333338E-002 -0.88982546717630806     
   9.6666666666666679E-002 -0.93635069328141685     
  0.10000000000000001      -0.82644410591227313     
  0.10333333333333335       -1.2764968797948921     
  0.10666666666666667      -0.98275264992809175     
  0.11000000000000000       -1.0602383978491132     
  0.11333333333333334      -0.70654980993681926     
  0.11666666666666667       -1.0899193179412641     
  0.12000000000000001       -1.0984930380370581     
  0.12333333333333334       -1.1204487555782174     
  0.12666666666666668      -0.93224330254699084     
  0.13000000000000000      -0.75728478412382882     
  0.13333333333333333       -1.1046081622565938     
  0.13666666666666669       -1.0502093919098967     
  0.14000000000000001       -1.2077997670590015     
  0.14333333333333334      -0.85224958360500014     
  0.14666666666666667      -0.82593942954557220     
  0.15000000000000002       -1.0261673826578743     
  0.15333333333333335       -1.0560532827471951     
  0.15666666666666668       -1.2508432400132121     
  0.16000000000000000      -0.87063893364118139     
  0.16333333333333333      -0.85014590387012667     
  0.16666666666666669      -0.94122462945992547     
  0.17000000000000001       -1.0176348507346025     
  0.17333333333333334       -1.2856723662940968     
  0.17666666666666667      -0.96464039730004092     
  0.18000000000000002      -0.87574029766781170     
  0.18333333333333335      -0.88150223142292194     
  0.18666666666666668      -0.89843098989862535     
  0.19000000000000000       -1.2641688803612401     
  0.19333333333333336       -1.1062475808926613     
  0.19666666666666668      -0.95241324848421316     
  0.20000000000000001      -0.90933345623849915     
  0.20333333333333334      -0.74920333669075523     
  0.20666666666666669       -1.0930820784538058     
  0.21000000000000002       -1.2024885282543476     
  0.21333333333333335       -1.0642833560208143     
  0.21666666666666667       -1.0721927510301390     
  0.22000000000000000      -0.76463869135559359     
  0.22333333333333336      -0.80353342131196970     
  0.22666666666666668       -1.1039921666822001     
  0.23000000000000001       -1.0793713245152274     
  0.23333333333333334       -1.2125735700635321     
  0.23666666666666669       -1.0940281536960026     
  0.24000000000000002      -0.74442420858805614     
  0.24333333333333335      -0.86447833463146861     
  0.24666666666666667      -0.92685564968986167     
  0.25000000000000000       -1.0046582730669369     
  0.25333333333333335       -1.3096965211413421     
  0.25666666666666671       -1.1419093712720525     
  0.26000000000000001      -0.90795313386463783     
  0.26333333333333336      -0.92357901370783946     
  0.26666666666666666      -0.73676177575624158     
  0.27000000000000002      -0.84777791372293387     
  0.27333333333333337       -1.2053709109184056     
  0.27666666666666667       -1.1614185528263148     
  0.28000000000000003       -1.1602631524188365     
  0.28333333333333333       -1.1599308145492915     
  0.28666666666666668      -0.79058010627853159     
  0.29000000000000004      -0.71688659849060343     
  0.29333333333333333      -0.90639688624701342     
  0.29666666666666669      -0.88519329380389822     
  0.30000000000000004       -1.1041784231789902     
  0.30333333333333334       -1.3722809602938650     
  0.30666666666666670       -1.1696252137873495     
  0.31000000000000000       -1.0323737301817848     
  0.31333333333333335       -1.0071691682266870     
  0.31666666666666671      -0.69468352556251034     
  0.32000000000000001      -0.63862605440488973     
  0.32333333333333336      -0.92588289798781798     
  0.32666666666666666      -0.97504651915747420     
  0.33000000000000002       -1.0925574421227169     
  0.33333333333333337       -1.4144801627720454     
  0.33666666666666667       -1.3349909939800404     
  0.34000000000000002       -1.0892229280839563     
  0.34333333333333338       -1.0878107431617392     
  0.34666666666666668      -0.87315269278618879     
  0.35000000000000003      -0.53612544860315337     
  0.35333333333333333      -0.62329680152853162     
  0.35666666666666669      -0.76181807519089062     
  0.36000000000000004      -0.71302789185948068     
  0.36333333333333334      -0.97979546428554853     
  0.36666666666666670       -1.3688460918242982     
  0.37000000000000005       -1.3891774966143922     
  0.37333333333333335       -1.4340530730371464     
  0.37666666666666671       -1.6552424260726086     
  0.38000000000000000       -1.5183187460684771     
  0.38333333333333336       -1.1820908610154490     
  0.38666666666666671       -1.1105150216880368     
  0.39000000000000001      -0.93137927059698777     
  0.39333333333333337      -0.44652188141744609     
  0.39666666666666667      -0.18943230812383213     
  0.40000000000000002      -0.13055003493900480     
  0.40333333333333338       0.20755614005180117     
  0.40666666666666668       0.53934970007431005     
  0.41000000000000003       0.51339632976305971     
  0.41333333333333339       0.57075744139225137     
  0.41666666666666669       0.87144725400796175     
  0.42000000000000004       0.91929788614982111     
  0.42333333333333334       0.76851441756374528     
  0.42666666666666669       0.90077922301215785     
  0.43000000000000005        1.0915112999960772     
  0.43333333333333335       0.95294166452556306     
  0.43666666666666670       0.84809232765014020     
  0.44000000000000000        1.0472171106904131     
  0.44333333333333336        1.1104448202477637     
  0.44666666666666671       0.90393846301094871     
  0.45000000000000001       0.90275028053936790     
  0.45333333333333337        1.1144738887270402     
  0.45666666666666672        1.0683151702387477     
  0.46000000000000002       0.86774883208810705     
  0.46333333333333337       0.95592136855666154     
  0.46666666666666667        1.1408240095420656     
  0.47000000000000003        1.0207946336395852     
  0.47333333333333338       0.85457563765346389     
  0.47666666666666668       0.99840670462831838     
  0.48000000000000004        1.1468451927420589     
  0.48333333333333334       0.98652763595174842     
  0.48666666666666669       0.85304575828158213     
  0.49000000000000005        1.0240037802667807     
  0.49333333333333335        1.1468505755926885     
  0.49666666666666670       0.97001080455626532     
  0.50000000000000000       0.85267215622714310     
  0.50333333333333341        1.0313873555364164     
  0.50666666666666671        1.1487271858978452     
  0.51000000000000001       0.97188565261761606     
  0.51333333333333342       0.84904257764339286     
  0.51666666666666672        1.0199935550954873     
  0.52000000000000002        1.1534889086603113     
  0.52333333333333332       0.99314605828828117     
  0.52666666666666673       0.84475447408917825     
  0.53000000000000003       0.98849978765933155     
  0.53333333333333333        1.1548733768948378     
  0.53666666666666674        1.0345693185332083     
  0.54000000000000004       0.85014754595692488     
  0.54333333333333333       0.93749098882365522     
  0.54666666666666675        1.1394646071808947     
  0.55000000000000004        1.0909553944012831     
  0.55333333333333334       0.88309300731340223     
  0.55666666666666675       0.87566973372399859     
  0.56000000000000005        1.0920674754593189     
  0.56333333333333335        1.1398893588754415     
  0.56666666666666665       0.96430495805402150     
  0.57000000000000006       0.82419471478492590     
  0.57333333333333336        1.0144931507286652     
  0.57666666666666666        1.1309771318043242     
  0.58000000000000007        1.1028583268366421     
  0.58333333333333337       0.80950955409250436     
  0.58666666666666667       0.95181307305186635     
  0.59000000000000008        1.0058470571954430     
  0.59333333333333338        1.2589167318634309     
  0.59666666666666668       0.85497847906014190     
  0.60000000000000009       0.96681183563516560     
  0.60333333333333339       0.80549472786578946     
  0.60666666666666669        1.2822515467649644     
  0.60999999999999999       0.99751204897670298     
  0.61333333333333340        1.0212989020133691     
  0.61666666666666670       0.77019540112412965     
  0.62000000000000000        1.0055319342352931     
  0.62333333333333341        1.1944246868118209     
  0.62666666666666671        1.0270236581573768     
  0.63000000000000000        1.0061536465854628     
  0.63333333333333341       0.71938747664253588     
  0.63666666666666671        1.0950624371014543     
  0.64000000000000001        1.1090083656361849     
  0.64333333333333342        1.1105253267991715     
  0.64666666666666672       0.96488344349992727     
  0.65000000000000002       0.72889705759217649     
  0.65333333333333332        1.0773207144317996     
  0.65666666666666673        1.0699690409208551     
  0.66000000000000003        1.1726725124286017     
  0.66333333333333333       0.98907123010259390     
  0.66666666666666674       0.73318443258169941     
  0.67000000000000004        1.0112425990349667     
  0.67333333333333334        1.0253112749151143     
  0.67666666666666675        1.1997529431875913     
  0.68000000000000005        1.0947284717317542     
  0.68333333333333335       0.75887155802994155     
  0.68666666666666676       0.92919501553754302     
  0.69000000000000006       0.94631582457041030     
  0.69333333333333336        1.1409931958732007     
  0.69666666666666666        1.2431696603762765     
  0.70000000000000007       0.87536699645737281     
  0.70333333333333337       0.88111340643705016     
  0.70666666666666667       0.87048899237278765     
  0.71000000000000008       0.94708081946513945     
  0.71333333333333337        1.2851692398836585     
  0.71666666666666667        1.0989702088888105     
  0.72000000000000008       0.93827461744001872     
  0.72333333333333338       0.91291695017658769     
  0.72666666666666668       0.74067969526981625     
  0.73000000000000009        1.0349944387584744     
  0.73333333333333339        1.2356164270647592     
  0.73666666666666669        1.0797204482231935     
  0.74000000000000010        1.1040443027890419     
  0.74333333333333340       0.86872447290802002     
  0.74666666666666670       0.69815560487735473     
  0.75000000000000000        1.0046582730669356     
  0.75333333333333341        1.0809964763288373     
  0.75666666666666671        1.1376632329954981     
  0.76000000000000001        1.2675732280656222     
  0.76333333333333342       0.93788671918064781     
  0.76666666666666672       0.75980463275747123     
  0.77000000000000002       0.89215479947968679     
  0.77333333333333343       0.84205843950602244     
  0.77666666666666673        1.0520350239616949     
  0.78000000000000003        1.3338990785032629     
  0.78333333333333344        1.1331533566906202     
  0.78666666666666674        1.0114659901413765     
  0.79000000000000004       0.97229430727981037     
  0.79333333333333333       0.68380380016599684     
  0.79666666666666675       0.75328322405760373     
  0.80000000000000004        1.0702119633978628     
  0.80333333333333334        1.0815245484017983     
  0.80666666666666675        1.2043708287678851     
  0.81000000000000005        1.3502267859726111     
  0.81333333333333335        1.0379331938656020     
  0.81666666666666676       0.81731419895548918     
  0.82000000000000006       0.85761422846883195     
  0.82333333333333336       0.69077035210026860     
  0.82666666666666677       0.71468542777849131     
  0.83000000000000007        1.0989496938223513     
  0.83333333333333337        1.2064399658938210     
  0.83666666666666667        1.1960656677475725     
  0.84000000000000008        1.3912565068713758     
  0.84333333333333338        1.2686849422540980     
  0.84666666666666668       0.89442012447079478     
  0.85000000000000009       0.83339577366885131     
  0.85333333333333339       0.76224081548288714     
  0.85666666666666669       0.50354233199671916     
  0.86000000000000010       0.61423649043666606     
  0.86333333333333340       0.93494241909398856     
  0.86666666666666670       0.98362540621023775     
  0.87000000000000011        1.1403086341527588     
  0.87333333333333341        1.5288334286475334     
  0.87666666666666671        1.5812664948390041     
  0.88000000000000000        1.4253576422667098     
  0.88333333333333341        1.5018147778325814     
  0.88666666666666671        1.4252641137645858     
  0.89000000000000001       0.99410561946939791     
  0.89333333333333342       0.74602077825432012     
  0.89666666666666672       0.66043446005293527     
  0.90000000000000002       0.27091776466189715     
  0.90333333333333343      -0.12618392583052462     
  0.90666666666666673      -0.17025843538718330     
  0.91000000000000003      -0.29550754684681335     
  0.91333333333333344      -0.65749853361452026     
  0.91666666666666674      -0.75773780112189604     
  0.92000000000000004      -0.64974368269790306     
  0.92333333333333334      -0.81562800340129404     
  0.92666666666666675       -1.0318879384729294     
  0.93000000000000005      -0.91211598775493408     
  0.93333333333333335      -0.82072598230638305     
  0.93666666666666676       -1.0292414988485141     
  0.94000000000000006       -1.0988649572314406     
  0.94333333333333336      -0.89661686421311271     
  0.94666666666666677      -0.89820366793935935     
  0.95000000000000007       -1.1116991753072580     
  0.95333333333333337       -1.0666500674476405     
  0.95666666666666678      -0.86676577100996899     
  0.96000000000000008      -0.95535009753934474     
  0.96333333333333337       -1.1404971086092568     
  0.96666666666666667       -1.0206103537886253     
  0.97000000000000008      -0.85447326287773984     
  0.97333333333333338      -0.99835063782518707     
  0.97666666666666668       -1.1468149101984404     
  0.98000000000000009      -0.98651150525851672     
  0.98333333333333339      -0.85303727134881724     
  0.98666666666666669       -1.0239993905322484     
  0.99000000000000010       -1.1468482976406613     
  0.99333333333333340      -0.97000971169530403     
  0.99666666666666670      -0.85267148990305786     
