   0.0000000000000000       0.73729984736412213     
   3.3333333333333335E-003  0.64812868733501938     
   6.6666666666666671E-003   1.1016010694453731     
   1.0000000000000000E-002   1.1930278146351538     
   1.3333333333333334E-002   1.1300652765834955     
   1.6666666666666666E-002   1.0456464160385146     
   2.0000000000000000E-002  0.93696032740152180     
   2.3333333333333334E-002   1.0300500044335166     
   2.6666666666666668E-002  0.83046200208759224     
   3.0000000000000002E-002  0.66798710072442313     
   3.3333333333333333E-002   1.1559612829746158     
   3.6666666666666667E-002   1.3657207300594667     
   4.0000000000000001E-002   1.0724681354127421     
   4.3333333333333335E-002  0.96143857869001415     
   4.6666666666666669E-002  0.88759857151477073     
   5.0000000000000003E-002  0.89358253314110103     
   5.3333333333333337E-002  0.95683277122445987     
   5.6666666666666671E-002  0.79157620499801906     
   6.0000000000000005E-002   1.0018744323074884     
   6.3333333333333339E-002   1.4426835161235221     
   6.6666666666666666E-002   1.1995636648317793     
   7.0000000000000007E-002  0.83472639011500782     
   7.3333333333333334E-002  0.87616650192746770     
   7.6666666666666675E-002  0.87123505429706971     
   8.0000000000000002E-002  0.90544229080790273     
   8.3333333333333343E-002  0.95332093046326172     
   8.6666666666666670E-002  0.90168023247553764     
   9.0000000000000011E-002   1.2226678544824638     
   9.3333333333333338E-002   1.4534110561817761     
   9.6666666666666679E-002   1.0042173319003276     
  0.10000000000000001       0.73279115186230104     
  0.10333333333333335       0.90232441821119092     
  0.10666666666666667       0.88538145895400744     
  0.11000000000000000       0.86580495772778898     
  0.11333333333333334       0.94443740461792980     
  0.11666666666666667       0.97923421930498455     
  0.12000000000000001        1.2903476740922315     
  0.12333333333333334        1.4511198653781858     
  0.12666666666666668       0.98568763042233931     
  0.13000000000000000       0.74059833622798887     
  0.13333333333333333       0.95371411894977653     
  0.13666666666666669       0.89123559612774395     
  0.14000000000000001       0.74665688082373449     
  0.14333333333333334       0.84356771340091030     
  0.14666666666666667       0.94382792334473931     
  0.15000000000000002        1.2225386731479120     
  0.15333333333333335        1.4881503455906597     
  0.15666666666666668        1.1732669618785077     
  0.16000000000000000       0.87314250075615540     
  0.16333333333333333        1.0756080109149948     
  0.16666666666666669        1.0428278545301748     
  0.17000000000000001       0.68945735908687444     
  0.17333333333333334       0.63142801453163522     
  0.17666666666666667       0.71670600761616388     
  0.18000000000000002       0.88344078179262997     
  0.18333333333333335        1.2415467187096516     
  0.18666666666666668        1.2961417804412259     
  0.19000000000000000        1.0323827173135265     
  0.19333333333333336        1.2479515064166538     
  0.19666666666666668        1.4992974417250855     
  0.20000000000000001        1.2313814467082009     
  0.20333333333333334       0.82203177082960199     
  0.20666666666666669       0.79831712362466767     
  0.21000000000000002       0.61134776379659517     
  0.21333333333333335       0.72209644348213020     
  0.21666666666666667       0.74278568949396662     
  0.22000000000000000       0.68918977708235774     
  0.22333333333333336       0.44533701292826661     
  0.22666666666666668        1.1305276408108493     
  0.23000000000000001        1.3082621808996449     
  0.23333333333333334        1.4091690881726411     
  0.23666666666666669        1.1988743947789975     
  0.24000000000000002        1.6159079150783942     
  0.24333333333333335        1.4262949777533303     
  0.24666666666666667        1.6829108994772830     
  0.25000000000000000        1.5326677101364918     
  0.25333333333333335        1.1907730084259296     
  0.25666666666666671       0.79170191536059953     
  0.26000000000000001       0.91744159021333194     
  0.26333333333333336       0.94603284853136038     
  0.26666666666666666       0.30335722280319261     
  0.27000000000000002       0.14406799714762492     
  0.27333333333333337      -0.13261362347829483     
  0.27666666666666667      -0.15814708674106692     
  0.28000000000000003      -0.34205486963746279     
  0.28333333333333333      -0.25595851609411607     
  0.28666666666666668      -0.61734239715140449     
  0.29000000000000004       -1.0454786201575463     
  0.29333333333333333      -0.70706596539154098     
  0.29666666666666669      -0.65023400410184751     
  0.30000000000000004      -0.73661030617746426     
  0.30333333333333334       -1.0702354668040779     
  0.30666666666666670      -0.96938969224893934     
  0.31000000000000000      -0.99384169014865198     
  0.31333333333333335       -1.0689848577078542     
  0.31666666666666671      -0.68635594456507409     
  0.32000000000000001      -0.90775656351783851     
  0.32333333333333336       -1.1701448810424007     
  0.32666666666666666       -1.2278068447273434     
  0.33000000000000002      -0.88470708719798130     
  0.33333333333333337      -0.74360709037071859     
  0.33666666666666667       -1.0986504304410389     
  0.34000000000000002      -0.96054201891286306     
  0.34333333333333338       -1.0782077058043278     
  0.34666666666666668       -1.1801801986883294     
  0.35000000000000003      -0.93792424610027159     
  0.35333333333333333      -0.79004179441772315     
  0.35666666666666669      -0.82521322688794618     
  0.36000000000000004       -1.3018731079379935     
  0.36333333333333334       -1.1761175957611425     
  0.36666666666666670      -0.82602334598719873     
  0.37000000000000005      -0.98160881994988458     
  0.37333333333333335      -0.90383342750498674     
  0.37666666666666671      -0.94540638400836086     
  0.38000000000000000       -1.0709246824661565     
  0.38333333333333336       -1.1959975115230963     
  0.38666666666666671       -1.1368601703367025     
  0.39000000000000001      -0.64758682394063816     
  0.39333333333333337      -0.83723071032833030     
  0.39666666666666667       -1.2093338970485283     
  0.40000000000000002       -1.0754092664030401     
  0.40333333333333338       -1.0680043761788396     
  0.40666666666666668      -0.99203941962191333     
  0.41000000000000003      -0.95186157707995100     
  0.41333333333333339      -0.85465280928887100     
  0.41666666666666669      -0.80812294040016108     
  0.42000000000000004       -1.2963002102245873     
  0.42333333333333334       -1.2699480861136982     
  0.42666666666666669      -0.82209623549865851     
  0.43000000000000005      -0.85658390859614819     
  0.43333333333333335      -0.92191580699075415     
  0.43666666666666670       -1.0146464555096195     
  0.44000000000000000       -1.0491490025376382     
  0.44333333333333336       -1.0530149251206222     
  0.44666666666666671       -1.2631095201778810     
  0.45000000000000001      -0.93285819820999394     
  0.45333333333333337      -0.59800314181862535     
  0.45666666666666672      -0.98128341984386580     
  0.46000000000000002       -1.1759660735397939     
  0.46333333333333337       -1.1267000089608457     
  0.46666666666666667       -1.0641570929000235     
  0.47000000000000003      -0.94370407190601524     
  0.47333333333333338       -1.0236049891313066     
  0.47666666666666668      -0.83740810479094674     
  0.48000000000000004      -0.71328511862287169     
  0.48333333333333334       -1.2205253078939948     
  0.48666666666666669       -1.3338041804925658     
  0.49000000000000005      -0.98988789753378970     
  0.49333333333333335      -0.89690686534394126     
  0.49666666666666670      -0.85498262455034801     
  0.50000000000000000      -0.94349557763297309     
  0.50333333333333341      -0.98466905534285687     
  0.50666666666666671      -0.89504985528695924     
  0.51000000000000001       -1.2413007983988962     
  0.51333333333333342       -1.3479346931155074     
  0.51666666666666672      -0.83653214365623785     
  0.52000000000000002      -0.72216662251641450     
  0.52333333333333332      -0.91474811383069987     
  0.52666666666666673      -0.98206745336179513     
  0.53000000000000003       -1.0933886116407530     
  0.53333333333333333       -1.0458089678585396     
  0.53666666666666674       -1.1075762834527447     
  0.54000000000000004       -1.2855540135121761     
  0.54333333333333333      -0.88573454129909857     
  0.54666666666666675      -0.56844288870725279     
  0.55000000000000004      -0.91991380415787538     
  0.55333333333333334       -1.1127523275821301     
  0.55666666666666675       -1.0824679380031110     
  0.56000000000000005       -1.1324481727832891     
  0.56333333333333335       -1.0716049978242137     
  0.56666666666666665       -1.1250055780571400     
  0.57000000000000006       -1.0532871960281827     
  0.57333333333333336      -0.61181096034977356     
  0.57666666666666666      -0.68005453311560626     
  0.58000000000000007       -1.1695426893478187     
  0.58333333333333337       -1.1709148309982897     
  0.58666666666666667       -1.0626549430216810     
  0.59000000000000008       -1.1490301817040987     
  0.59333333333333338       -1.0955490361839151     
  0.59666666666666668       -1.0588210708556782     
  0.60000000000000009      -0.89001100484511331     
  0.60333333333333339      -0.55607239672531283     
  0.60666666666666669      -0.79283503780323927     
  0.60999999999999999       -1.2543680481778514     
  0.61333333333333340       -1.1375875911212263     
  0.61666666666666670       -1.0252874542334176     
  0.62000000000000000       -1.2153997770420122     
  0.62333333333333341       -1.1799903232344982     
  0.62666666666666671       -1.0361849263289531     
  0.63000000000000000      -0.85302044148226619     
  0.63333333333333341      -0.56307710430955271     
  0.63666666666666671      -0.73801613108820496     
  0.64000000000000001       -1.1686093513777744     
  0.64333333333333342       -1.0659866263741493     
  0.64666666666666672      -0.94152625119802447     
  0.65000000000000002       -1.2631758849204546     
  0.65333333333333332       -1.3700170402492349     
  0.65666666666666673       -1.1727998261696753     
  0.66000000000000003      -0.99655043718693048     
  0.66333333333333333      -0.71140930184391715     
  0.66666666666666674      -0.63446101655214204     
  0.67000000000000004      -0.93812781488195041     
  0.67333333333333334      -0.90346254395867365     
  0.67666666666666675      -0.65507122124232586     
  0.68000000000000005      -0.95863251387700887     
  0.68333333333333335       -1.3918060471647034     
  0.68666666666666676       -1.3658507583625772     
  0.69000000000000006       -1.2973922282586867     
  0.69333333333333336       -1.2031911932918815     
  0.69666666666666666       -1.0224310089715529     
  0.70000000000000007       -1.0370401770018423     
  0.70333333333333337       -1.0864534168490889     
  0.70666666666666667      -0.57589942057494059     
  0.71000000000000008      -0.37693234466732339     
  0.71333333333333337      -0.64369055567084965     
  0.71666666666666667      -0.92938322758256176     
  0.72000000000000008      -0.72906341943098785     
  0.72333333333333338      -0.98904586876341682     
  0.72666666666666668       -1.0023736755955339     
  0.73000000000000009       -1.3285445619769216     
  0.73333333333333339       -1.4952614878756205     
  0.73666666666666669       -1.8481719436486210     
  0.74000000000000010       -1.2640104779988122     
  0.74333333333333340       -1.3870040233188081     
  0.74666666666666670       -1.4508931482675294     
  0.75000000000000000       -1.5326677101364927     
  0.75333333333333341      -0.95875525721617372     
  0.75666666666666671      -0.83099286979512466     
  0.76000000000000001      -0.56554415313374973     
  0.76333333333333342      -0.29673529966174150     
  0.76666666666666672      -0.38944962250617032     
  0.77000000000000002      -0.12378561607034719     
  0.77333333333333343       0.26076758869361294     
  0.77666666666666673       0.70185594257621664     
  0.78000000000000003       0.30218122728883134     
  0.78333333333333344       0.44255605418271310     
  0.78666666666666674       0.69574828496268504     
  0.79000000000000004       0.81106320102828022     
  0.79333333333333333       0.92948366844126995     
  0.79666666666666675       0.91465565012133254     
  0.80000000000000004       0.93095157588381905     
  0.80333333333333334       0.59336903405054486     
  0.80666666666666675        1.0141500053737151     
  0.81000000000000005        1.2588512010938127     
  0.81333333333333335       0.99927587978650334     
  0.81666666666666676       0.83661527302012839     
  0.82000000000000006       0.83256483143346516     
  0.82333333333333336        1.1085100946685618     
  0.82666666666666677       0.95577231530031015     
  0.83000000000000007        1.1333775429930608     
  0.83333333333333337        1.1519739283487567     
  0.83666666666666667       0.73445172136996262     
  0.84000000000000008       0.83713408248209453     
  0.84333333333333338        1.0777405700954978     
  0.84666666666666668        1.2983135040297518     
  0.85000000000000009       0.97856145787281767     
  0.85333333333333339       0.79234346656443888     
  0.85666666666666669        1.0476321398611876     
  0.86000000000000010       0.87992063738394966     
  0.86333333333333340        1.0228981307216081     
  0.86666666666666670        1.2166603606274249     
  0.87000000000000011        1.0940309252041636     
  0.87333333333333341       0.85333613159837274     
  0.87666666666666671       0.67427684186467163     
  0.88000000000000000        1.1458725795163764     
  0.88333333333333341        1.2420507464515256     
  0.88666666666666671       0.94370998383341154     
  0.89000000000000001        1.0361499143906963     
  0.89333333333333342       0.92977713147909868     
  0.89666666666666672       0.86308187556264993     
  0.90000000000000002       0.91818941342023197     
  0.90333333333333343        1.1226081151341907     
  0.90666666666666673        1.3499014396197759     
  0.91000000000000003       0.87822390430158492     
  0.91333333333333344       0.69367809874273478     
  0.91666666666666674        1.0257168409351916     
  0.92000000000000004        1.0321998116846696     
  0.92333333333333334        1.0787675649322379     
  0.92666666666666675        1.0864517770763520     
  0.93000000000000005        1.0751447145093254     
  0.93333333333333335       0.99647389376539808     
  0.93666666666666676       0.64356793721030781     
  0.94000000000000006       0.91857526206183737     
  0.94333333333333336        1.3439066581257146     
  0.94666666666666677        1.1071899638202103     
  0.95000000000000007       0.95918946922676573     
  0.95333333333333337       0.91715882462614295     
  0.95666666666666678       0.90557938245295155     
  0.96000000000000008       0.96288019544036108     
  0.96333333333333337       0.86855556235412323     
  0.96666666666666667        1.1743094080161018     
  0.97000000000000008        1.3691055828223440     
  0.97333333333333338       0.87199953785710282     
  0.97666666666666668       0.72210621418813048     
  0.98000000000000009       0.92807882350797777     
  0.98333333333333339        1.0114110355117176     
  0.98666666666666669        1.1159347639605557     
  0.99000000000000010        1.0381608812975300     
  0.99333333333333340        1.1034580795023574     
  0.99666666666666670        1.1915229925581869     
