   0.0000000000000000      -0.72723201582090724     
   3.3333333333333335E-003 -0.97560897234193333     
   6.6666666666666671E-003 -0.73761608955160840     
   1.0000000000000000E-002 -0.82890791231450789     
   1.3333333333333334E-002 -0.88636440206561984     
   1.6666666666666666E-002  -1.2048437354416215     
   2.0000000000000000E-002 -0.81193288242917483     
   2.3333333333333334E-002 -0.95927188447455591     
   2.6666666666666668E-002 -0.87614588384737091     
   3.0000000000000002E-002  -1.2741189770618424     
   3.3333333333333333E-002 -0.87701639063051107     
   3.6666666666666667E-002 -0.93135035269668487     
   4.0000000000000001E-002 -0.92389186639405463     
   4.3333333333333335E-002  -1.1641093295363723     
   4.6666666666666669E-002  -1.0767698452983889     
   5.0000000000000003E-002 -0.78563593069003090     
   5.3333333333333337E-002  -1.0210656413291490     
   5.6666666666666671E-002  -1.0202949550678817     
   6.0000000000000005E-002  -1.2033257566292830     
   6.3333333333333339E-002 -0.83060540411695727     
   6.6666666666666666E-002 -0.88689012790774013     
   7.0000000000000007E-002  -1.0994359377899716     
   7.3333333333333334E-002  -1.0774198494935165     
   7.6666666666666675E-002  -1.0759646327020886     
   8.0000000000000002E-002 -0.74425038405795618     
   8.3333333333333343E-002  -1.0348044721129399     
   8.6666666666666670E-002  -1.1408745812434125     
   9.0000000000000011E-002  -1.0355620413549755     
   9.3333333333333338E-002 -0.96366811521629325     
   9.6666666666666679E-002 -0.77513459256578532     
  0.10000000000000001       -1.1468135461083082     
  0.10333333333333335       -1.1380335751899113     
  0.10666666666666667      -0.94842764583943240     
  0.11000000000000000      -0.92478908662041082     
  0.11333333333333334      -0.84340759789259057     
  0.11666666666666667       -1.1960079204513736     
  0.12000000000000001       -1.1250963789456778     
  0.12333333333333334      -0.86158651391853991     
  0.12666666666666668      -0.93354823463138226     
  0.13000000000000000      -0.91286276365739660     
  0.13333333333333333       -1.1840948373876456     
  0.13666666666666669       -1.1360176691194797     
  0.14000000000000001      -0.79812479253266921     
  0.14333333333333334      -0.93507991712657257     
  0.14666666666666667      -0.98950244524435826     
  0.15000000000000002       -1.1265371314270713     
  0.15333333333333335       -1.1675032513842325     
  0.15666666666666668      -0.79186924467115649     
  0.16000000000000000      -0.87702415247056964     
  0.16333333333333333       -1.0735195907148050     
  0.16666666666666669       -1.0721970138828580     
  0.17000000000000001       -1.1662424274328957     
  0.17333333333333334      -0.88182705732507705     
  0.17666666666666667      -0.76815490477008219     
  0.18000000000000002       -1.0940959595716340     
  0.18333333333333335       -1.1023883941013992     
  0.18666666666666668       -1.0948497096982464     
  0.19000000000000000       -1.0217859483025664     
  0.19333333333333336      -0.73727143977139253     
  0.19666666666666668      -0.95119219751753592     
  0.20000000000000001       -1.1951433423122277     
  0.20333333333333334       -1.0635281402425660     
  0.20666666666666669       -1.0564491840726415     
  0.21000000000000002      -0.88581463110537917     
  0.21333333333333335      -0.75888267707137935     
  0.21666666666666667       -1.1116095722143267     
  0.22000000000000000       -1.1953870563303894     
  0.22333333333333336       -1.0174057743176312     
  0.22666666666666668       -1.0115563170982100     
  0.23000000000000001      -0.82185053226673566     
  0.23333333333333334      -0.81826167806587535     
  0.23666666666666669       -1.1903997860875448     
  0.24000000000000002       -1.1753389047856153     
  0.24333333333333335      -0.99124152302469726     
  0.24666666666666667      -0.98984428061074592     
  0.25000000000000000      -0.80441145608255904     
  0.25333333333333335      -0.83581132608915787     
  0.25666666666666671       -1.2063903139725167     
  0.26000000000000001       -1.1810963476534708     
  0.26333333333333336      -0.99322201237987540     
  0.26666666666666666      -0.99717652663560363     
  0.27000000000000002      -0.81434582893937291     
  0.27333333333333337      -0.79071586022943485     
  0.27666666666666667       -1.1605094537530090     
  0.28000000000000003       -1.2157274620982372     
  0.28333333333333333       -1.0293893958737188     
  0.28666666666666668       -1.0362334402727711     
  0.29000000000000004      -0.87274710747824835     
  0.29333333333333333      -0.71167957163035722     
  0.29666666666666669       -1.0175780561827266     
  0.30000000000000004       -1.2273312432245624     
  0.30333333333333334       -1.0927798241144808     
  0.30666666666666670       -1.0999179080771879     
  0.31000000000000000       -1.0248082047499500     
  0.31333333333333335      -0.71477976580041758     
  0.31666666666666671      -0.78426243084399827     
  0.32000000000000001       -1.1051563647167280     
  0.32333333333333336       -1.1147475443951611     
  0.32666666666666666       -1.1219373703633682     
  0.33000000000000002       -1.2306188269349501     
  0.33333333333333337      -0.97449968539343790     
  0.33666666666666667      -0.68611126271747447     
  0.34000000000000002      -0.84188747867836455     
  0.34333333333333338      -0.98884630272629603     
  0.34666666666666668      -0.97071312834182788     
  0.35000000000000003       -1.1930318120358798     
  0.35333333333333333       -1.3426321832625507     
  0.35666666666666669       -1.0448208969573221     
  0.36000000000000004      -0.82322338690061447     
  0.36333333333333334      -0.88765697631047757     
  0.36666666666666670      -0.79874623820626311     
  0.37000000000000005      -0.73902878452684673     
  0.37333333333333335       -1.0714876246106080     
  0.37666666666666671       -1.3165683556212646     
  0.38000000000000000       -1.1801104510322640     
  0.38333333333333336       -1.1294812618146250     
  0.38666666666666671       -1.1694329697732160     
  0.39000000000000001      -0.88728147353505615     
  0.39333333333333337      -0.60594522780401905     
  0.39666666666666667      -0.75019813558773130     
  0.40000000000000002      -0.92525875918422595     
  0.40333333333333338      -0.89387081178419814     
  0.40666666666666668       -1.0739673160171654     
  0.41000000000000003       -1.4101455119723563     
  0.41333333333333339       -1.3741101264989251     
  0.41666666666666669       -1.1204405312783676     
  0.42000000000000004       -1.0944045366070874     
  0.42333333333333334       -1.0371558395318441     
  0.42666666666666669      -0.68679032210614654     
  0.43000000000000005      -0.49534397414138148     
  0.43333333333333335      -0.68465404561457288     
  0.43666666666666670      -0.80039278742145192     
  0.44000000000000000      -0.75442850317580057     
  0.44333333333333336      -0.98199112540374667     
  0.44666666666666671       -1.3921339727024782     
  0.45000000000000001       -1.4918128912323863     
  0.45333333333333337       -1.4009734900955892     
  0.45666666666666672       -1.5246880340036020     
  0.46000000000000002       -1.6286228231242079     
  0.46333333333333337       -1.3511417266219412     
  0.46666666666666667      -0.99439287368544371     
  0.47000000000000003      -0.91129530621306831     
  0.47333333333333338      -0.77514656929089210     
  0.47666666666666668      -0.34675221374923831     
  0.48000000000000004        2.6624553996157485E-002
  0.48333333333333334        5.3196476490020850E-002
  0.48666666666666669       0.17415899437430621     
  0.49000000000000005       0.49624166618194632     
  0.49333333333333335       0.76533186777941653     
  0.49666666666666670       0.61663367133095981     
  0.50000000000000000       0.69726285771572771     
  0.50333333333333341       0.84708774410287169     
  0.50666666666666671        1.1111526413511856     
  0.51000000000000001       0.78549401070353064     
  0.51333333333333342       0.91631574691638840     
  0.51666666666666672       0.89634393994260975     
  0.52000000000000002        1.2554602325838562     
  0.52333333333333332       0.81653058924014843     
  0.52666666666666673       0.97057262145846057     
  0.53000000000000003       0.90310672196384345     
  0.53333333333333333        1.2395603076113273     
  0.53666666666666674       0.94008800672939974     
  0.54000000000000004       0.85702189830509257     
  0.54333333333333333        1.0102207332399280     
  0.54666666666666675        1.0821496026356092     
  0.55000000000000004        1.1441769031471238     
  0.55333333333333334       0.74773347849454952     
  0.55666666666666675        1.0209055864438239     
  0.56000000000000005        1.0622136328292180     
  0.56333333333333335        1.1259594552947803     
  0.56666666666666665       0.92823500612030996     
  0.57000000000000006       0.79177677898165089     
  0.57333333333333336        1.1671598699764953     
  0.57666666666666666        1.0573935269509653     
  0.58000000000000007        1.0397782012055337     
  0.58333333333333337       0.82874568237604762     
  0.58666666666666667       0.92636615186039450     
  0.59000000000000008        1.2383781389441608     
  0.59333333333333338       0.98338916282149136     
  0.59666666666666668       0.94949860484580251     
  0.60000000000000009       0.85335979837958587     
  0.60333333333333339        1.0322167380674798     
  0.60666666666666669        1.2442059076625365     
  0.60999999999999999       0.89550999661245412     
  0.61333333333333340       0.89934690143751561     
  0.61666666666666670       0.93896153983102182     
  0.62000000000000000        1.0717115748706376     
  0.62333333333333341        1.2200916245883602     
  0.62666666666666671       0.84353558425141728     
  0.63000000000000000       0.86273338912792996     
  0.63333333333333341        1.0390368586008367     
  0.63666666666666671        1.0677819787171952     
  0.64000000000000001        1.1785643428563137     
  0.64333333333333342       0.85570673076425219     
  0.64666666666666672       0.80710269551087310     
  0.65000000000000002        1.1148620045479860     
  0.65333333333333332        1.0794291170883730     
  0.65666666666666673        1.1048097011436000     
  0.66000000000000003       0.92828572173650292     
  0.66333333333333333       0.75252826385828642     
  0.66666666666666674        1.1037463685066240     
  0.67000000000000004        1.1594123346605145     
  0.67333333333333334        1.0179444814031775     
  0.67666666666666675       0.98916218530346933     
  0.68000000000000005       0.77962027233859321     
  0.68333333333333335       0.96876720022036378     
  0.68666666666666676        1.2518427231985374     
  0.69000000000000006        1.0335199425459694     
  0.69333333333333336       0.94536517926507746     
  0.69666666666666666       0.89536263950541684     
  0.70000000000000007       0.83520786580409256     
  0.70333333333333337        1.1738689119477015     
  0.70666666666666667        1.2081543958741019     
  0.71000000000000008       0.90645653209869392     
  0.71333333333333337       0.91354691306306457     
  0.71666666666666667       0.88054381138909910     
  0.72000000000000008       0.94372963598110460     
  0.72333333333333338        1.2607594793034709     
  0.72666666666666668        1.1163399344089395     
  0.73000000000000009       0.83530863308889691     
  0.73333333333333339       0.91273255320116065     
  0.73666666666666669       0.90088586666108339     
  0.74000000000000010        1.0095304700788468     
  0.74333333333333340        1.2805280697993824     
  0.74666666666666670        1.0674160484920061     
  0.75000000000000000       0.80441145608255882     
  0.75333333333333341       0.91338309397042006     
  0.75666666666666671       0.91710376719783127     
  0.76000000000000001        1.0152879129467034     
  0.76333333333333342        1.2827359318063369     
  0.76666666666666672        1.0916474017708901     
  0.77000000000000002       0.80088772811721198     
  0.77333333333333343       0.89549947754016113     
  0.77666666666666673       0.91715574876716899     
  0.78000000000000003       0.96407004174895417     
  0.78333333333333344        1.2604551566989453     
  0.78666666666666674        1.1908976762644565     
  0.79000000000000004       0.85210520648493204     
  0.79333333333333333       0.86338478343181746     
  0.79666666666666675       0.90723728447759289     
  0.80000000000000004       0.86739576671642604     
  0.80333333333333334        1.1486093821265968     
  0.80666666666666675        1.3080116475708725     
  0.81000000000000005        1.0130742105065473     
  0.81333333333333335       0.87177277930070840     
  0.81666666666666676       0.91788362472503271     
  0.82000000000000006       0.79068067748368687     
  0.82333333333333336       0.89374026386177230     
  0.82666666666666677        1.2580547944414644     
  0.83000000000000007        1.2374489197073288     
  0.83333333333333337        1.0060490400172026     
  0.83666666666666667        1.0071025895739925     
  0.84000000000000008       0.89314904794429784     
  0.84333333333333338       0.67590584625385441     
  0.84666666666666668       0.88263899404596879     
  0.85000000000000009        1.2047069389149636     
  0.85333333333333339        1.1602324335290628     
  0.85666666666666669        1.1241940833196418     
  0.86000000000000010        1.2036629372242602     
  0.86333333333333340       0.95589266671276207     
  0.86666666666666670       0.65368825941945430     
  0.87000000000000011       0.78915815905631892     
  0.87333333333333341       0.98147497423064201     
  0.87666666666666671       0.95806324495144313     
  0.88000000000000000        1.1267256469572224     
  0.88333333333333341        1.3865276424349740     
  0.88666666666666671        1.2253722733181374     
  0.89000000000000001       0.91656056354301074     
  0.89333333333333342       0.90172348962712134     
  0.89666666666666672       0.85601497271016025     
  0.90000000000000002       0.63180501145550461     
  0.90333333333333343       0.71950679950418106     
  0.90666666666666673        1.0936883636223622     
  0.91000000000000003        1.2073294143831661     
  0.91333333333333344        1.1596016971159069     
  0.91666666666666674        1.3264993210152627     
  0.92000000000000004        1.3899323537546653     
  0.92333333333333334        1.0557269452829670     
  0.92666666666666675       0.77653034258912734     
  0.93000000000000005       0.80300313294970405     
  0.93333333333333335       0.72599892382713971     
  0.93666666666666676       0.50503873624363127     
  0.94000000000000006       0.61331637937573602     
  0.94333333333333336       0.98138049402780569     
  0.94666666666666677        1.1188018098678758     
  0.95000000000000007        1.1332719187752964     
  0.95333333333333337        1.4063532474328060     
  0.95666666666666678        1.6785766303000484     
  0.96000000000000008        1.5617528550352446     
  0.96333333333333337        1.3424040725892268     
  0.96666666666666667        1.3569367906662568     
  0.97000000000000008        1.2823075613110662     
  0.97333333333333338       0.86957330690198265     
  0.97666666666666668       0.48949350898365035     
  0.98000000000000009       0.41690279615852377     
  0.98333333333333339       0.25530331900899195     
  0.98666666666666669      -0.14420764952353754     
  0.99000000000000010      -0.45282776457096796     
  0.99333333333333340      -0.39179531597983952     
  0.99666666666666670      -0.48811244309189561     
