   0.0000000000000000       0.74705362311459000     
   3.3333333333333335E-003  0.67356389493384317     
   6.6666666666666671E-003  0.58462849588461929     
   1.0000000000000000E-002  0.47898321899359730     
   1.3333333333333334E-002  0.35591175710897216     
   1.6666666666666666E-002  0.21546119149727183     
   2.0000000000000000E-002   5.8651003362249300E-002
   2.3333333333333334E-002 -0.11235048640233991     
   2.6666666666666668E-002 -0.29411268943100810     
   3.0000000000000002E-002 -0.48192404198315286     
   3.3333333333333333E-002 -0.66989663465224636     
   3.6666666666666667E-002 -0.85121440822292382     
   4.0000000000000001E-002  -1.0185311601944489     
   4.3333333333333335E-002  -1.1645056584807498     
   4.6666666666666669E-002  -1.2824389877759506     
   5.0000000000000003E-002  -1.3669567210297984     
   5.3333333333333337E-002  -1.4146593691186862     
   5.6666666666666671E-002  -1.4246529798093770     
   6.0000000000000005E-002  -1.3988715836886469     
   6.3333333333333339E-002  -1.3421170972522072     
   6.6666666666666666E-002  -1.2617709487047195     
   7.0000000000000007E-002  -1.1671730928335746     
   7.3333333333333334E-002  -1.0687133582843642     
   7.6666666666666675E-002 -0.97672983896690957     
   8.0000000000000002E-002 -0.90035039123912330     
   8.3333333333333343E-002 -0.84643733847358904     
   8.6666666666666670E-002 -0.81879520316997301     
   9.0000000000000011E-002 -0.81777336409382262     
   9.3333333333333338E-002 -0.84034166873571814     
   9.6666666666666679E-002 -0.88064436418160208     
  0.10000000000000001      -0.93095810615956331     
  0.10333333333333335      -0.98290793600448423     
  0.10666666666666667       -1.0287456209446399     
  0.11000000000000000       -1.0624790417578447     
  0.11333333333333334       -1.0806646962537536     
  0.11666666666666667       -1.0827353174376915     
  0.12000000000000001       -1.0708205592164954     
  0.12333333333333334       -1.0491139468862807     
  0.12666666666666668       -1.0229242700260046     
  0.13000000000000000      -0.99760626091539306     
  0.13333333333333333      -0.97758145767365012     
  0.13666666666666669      -0.96563216117118889     
  0.14000000000000001      -0.96258586418200565     
  0.14333333333333334      -0.96741958352650359     
  0.14666666666666667      -0.97772339130907937     
  0.15000000000000002      -0.99039058447511819     
  0.15333333333333335       -1.0023640485369085     
  0.15666666666666668       -1.0112715680697986     
  0.16000000000000000       -1.0158240248839758     
  0.16333333333333333       -1.0159173730064319     
  0.16666666666666669       -1.0124540370222324     
  0.17000000000000001       -1.0069631225736611     
  0.17333333333333334       -1.0011367756602643     
  0.17666666666666667      -0.99640508188659627     
  0.18000000000000002      -0.99364602263599855     
  0.18333333333333335      -0.99308006315884412     
  0.18666666666666668      -0.99434542429696371     
  0.19000000000000000      -0.99670476605131486     
  0.19333333333333336      -0.99930787644867813     
  0.19666666666666668       -1.0014325324756488     
  0.20000000000000001       -1.0026444374034134     
  0.20333333333333334       -1.0028489305885477     
  0.20666666666666669       -1.0022412974738089     
  0.21000000000000002       -1.0011890665030376     
  0.21333333333333335       -1.0000923367054504     
  0.21666666666666667      -0.99926556833367208     
  0.22000000000000000      -0.99886969877347365     
  0.22333333333333336      -0.99890323462621755     
  0.22666666666666668      -0.99924208397027159     
  0.23000000000000001      -0.99970572032015215     
  0.23333333333333334       -1.0001242223894908     
  0.23666666666666669       -1.0003859898331744     
  0.24000000000000002       -1.0004562513644066     
  0.24333333333333335       -1.0003676437101232     
  0.24666666666666667       -1.0001924806067393     
  0.25000000000000000       -1.0000098067732215     
  0.25333333333333335      -0.99987887500408990     
  0.25666666666666671      -0.99982583997704577     
  0.26000000000000001      -0.99984455598160937     
  0.26333333333333336      -0.99990757236732175     
  0.26666666666666666      -0.99998106707379164     
  0.27000000000000002       -1.0000377570907741     
  0.27333333333333337       -1.0000640424076055     
  0.27666666666666667       -1.0000605603382717     
  0.28000000000000003       -1.0000377793343735     
  0.28333333333333333       -1.0000095178842892     
  0.28666666666666668      -0.99998720192175850     
  0.29000000000000004      -0.99997664053882818     
  0.29333333333333333      -0.99997772021332609     
  0.29666666666666669      -0.99998627409508434     
  0.30000000000000004      -0.99999682148872970     
  0.30333333333333334       -1.0000049379619089     
  0.30666666666666670       -1.0000085124000875     
  0.31000000000000000       -1.0000077723469694     
  0.31333333333333335       -1.0000044462078408     
  0.31666666666666671       -1.0000006386484870     
  0.32000000000000001      -0.99999792667881870     
  0.32333333333333336      -0.99999694506169567     
  0.32666666666666666      -0.99999746153938851     
  0.33000000000000002      -0.99999875603913124     
  0.33333333333333337       -1.0000000604912749     
  0.33666666666666667       -1.0000008702453207     
  0.34000000000000002       -1.0000010487577049     
  0.34333333333333338       -1.0000007533853172     
  0.34666666666666668       -1.0000002712939056     
  0.35000000000000003      -0.99999986062342039     
  0.35333333333333333      -0.99999965825997617     
  0.35666666666666669      -0.99999966828316111     
  0.36000000000000004      -0.99999980788507714     
  0.36333333333333334      -0.99999997217190750     
  0.36666666666666670       -1.0000000848187018     
  0.37000000000000005       -1.0000001187814609     
  0.37333333333333335       -1.0000000891167133     
  0.37666666666666671       -1.0000000307721733     
  0.38000000000000000      -0.99999997585104139     
  0.38333333333333336      -0.99999993975517298     
  0.38666666666666671      -0.99999991822169798     
  0.39000000000000001      -0.99999989144428070     
  0.39333333333333337      -0.99999982900972295     
  0.39666666666666667      -0.99999968991087151     
  0.40000000000000002      -0.99999941373388634     
  0.40333333333333338      -0.99999890037703754     
  0.40666666666666668      -0.99999797503407173     
  0.41000000000000003      -0.99999633214816996     
  0.41333333333333339      -0.99999344660368417     
  0.41666666666666669      -0.99998843259611003     
  0.42000000000000004      -0.99997982006115582     
  0.42333333333333334      -0.99996520436983405     
  0.42666666666666669      -0.99994070587412220     
  0.43000000000000005      -0.99990015029201207     
  0.43333333333333335      -0.99983384749342430     
  0.43666666666666670      -0.99972680421425730     
  0.44000000000000000      -0.99955615589192870     
  0.44333333333333336      -0.99928754621203864     
  0.44666666666666671      -0.99887012466027836     
  0.45000000000000001      -0.99822978050599875     
  0.45333333333333337      -0.99726019891138806     
  0.45666666666666672      -0.99581132942506745     
  0.46000000000000002      -0.99367492292902448     
  0.46333333333333337      -0.99056694922686772     
  0.46666666666666667      -0.98610698585852885     
  0.47000000000000003      -0.97979509999169523     
  0.47333333333333338      -0.97098735182392937     
  0.47666666666666668      -0.95887183482494720     
  0.48000000000000004      -0.94244811148304763     
  0.48333333333333334      -0.92051393800663683     
  0.48666666666666669      -0.89166418070315778     
  0.49000000000000005      -0.85430763529597331     
  0.49333333333333335      -0.80670783711867022     
  0.49666666666666670      -0.74705362311244328     
  0.50000000000000000      -0.67356389493091595     
  0.50333333333333341      -0.58462849588272725     
  0.50666666666666671      -0.47898321899321350     
  0.51000000000000001      -0.35591175710959649     
  0.51333333333333342      -0.21546119149812473     
  0.51666666666666672       -5.8651003362793323E-002
  0.52000000000000002       0.11235048640223767     
  0.52333333333333332       0.29411268943119384     
  0.52666666666666673       0.48192404198339683     
  0.53000000000000003       0.66989663465239579     
  0.53333333333333333       0.85121440822294614     
  0.53666666666666674        1.0185311601943923     
  0.54000000000000004        1.1645056584806810     
  0.54333333333333333        1.2824389877759110     
  0.54666666666666675        1.3669567210297944     
  0.55000000000000004        1.4146593691187026     
  0.55333333333333334        1.4246529798093950     
  0.55666666666666675        1.3988715836886561     
  0.56000000000000005        1.3421170972522067     
  0.56333333333333335        1.2617709487047140     
  0.56666666666666665        1.1671730928335695     
  0.57000000000000006        1.0687133582843615     
  0.57333333333333336       0.97672983896690979     
  0.57666666666666666       0.90035039123912464     
  0.58000000000000007       0.84643733847359037     
  0.58333333333333337       0.81879520316997356     
  0.58666666666666667       0.81777336409382240     
  0.59000000000000008       0.84034166873571770     
  0.59333333333333338       0.88064436418160152     
  0.59666666666666668       0.93095810615956309     
  0.60000000000000009       0.98290793600448423     
  0.60333333333333339        1.0287456209446402     
  0.60666666666666669        1.0624790417578449     
  0.60999999999999999        1.0806646962537538     
  0.61333333333333340        1.0827353174376921     
  0.61666666666666670        1.0708205592164965     
  0.62000000000000000        1.0491139468862816     
  0.62333333333333341        1.0229242700260055     
  0.62666666666666671       0.99760626091539406     
  0.63000000000000000       0.97758145767365068     
  0.63333333333333341       0.96563216117118933     
  0.63666666666666671       0.96258586418200520     
  0.64000000000000001       0.96741958352650270     
  0.64333333333333342       0.97772339130907837     
  0.64666666666666672       0.99039058447511719     
  0.65000000000000002        1.0023640485369076     
  0.65333333333333332        1.0112715680697977     
  0.65666666666666673        1.0158240248839749     
  0.66000000000000003        1.0159173730064310     
  0.66333333333333333        1.0124540370222315     
  0.66666666666666674        1.0069631225736602     
  0.67000000000000004        1.0011367756602636     
  0.67333333333333334       0.99640508188659616     
  0.67666666666666675       0.99364602263599855     
  0.68000000000000005       0.99308006315884456     
  0.68333333333333335       0.99434542429696438     
  0.68666666666666676       0.99670476605131542     
  0.69000000000000006       0.99930787644867880     
  0.69333333333333336        1.0014325324756492     
  0.69666666666666666        1.0026444374034142     
  0.70000000000000007        1.0028489305885488     
  0.70333333333333337        1.0022412974738095     
  0.70666666666666667        1.0011890665030381     
  0.71000000000000008        1.0000923367054508     
  0.71333333333333337       0.99926556833367219     
  0.71666666666666667       0.99886969877347354     
  0.72000000000000008       0.99890323462621744     
  0.72333333333333338       0.99924208397027137     
  0.72666666666666668       0.99970572032015237     
  0.73000000000000009        1.0001242223894911     
  0.73333333333333339        1.0003859898331746     
  0.73666666666666669        1.0004562513644064     
  0.74000000000000010        1.0003676437101228     
  0.74333333333333340        1.0001924806067386     
  0.74666666666666670        1.0000098067732210     
  0.75000000000000000       0.99987887500408934     
  0.75333333333333341       0.99982583997704499     
  0.75666666666666671       0.99984455598160837     
  0.76000000000000001       0.99990757236732053     
  0.76333333333333342       0.99998106707379075     
  0.76666666666666672        1.0000377570907735     
  0.77000000000000002        1.0000640424076053     
  0.77333333333333343        1.0000605603382717     
  0.77666666666666673        1.0000377793343738     
  0.78000000000000003        1.0000095178842896     
  0.78333333333333344       0.99998720192175927     
  0.78666666666666674       0.99997664053882906     
  0.79000000000000004       0.99997772021332698     
  0.79333333333333333       0.99998627409508500     
  0.79666666666666675       0.99999682148873004     
  0.80000000000000004        1.0000049379619094     
  0.80333333333333334        1.0000085124000881     
  0.80666666666666675        1.0000077723469702     
  0.81000000000000005        1.0000044462078423     
  0.81333333333333335        1.0000006386484894     
  0.81666666666666676       0.99999792667882414     
  0.82000000000000006       0.99999694506170911     
  0.82333333333333336       0.99999746153942037     
  0.82666666666666677       0.99999875603920829     
  0.83000000000000007        1.0000000604914583     
  0.83333333333333337        1.0000008702457510     
  0.83666666666666667        1.0000010487586988     
  0.84000000000000008        1.0000007533875852     
  0.84333333333333338        1.0000002712990146     
  0.84666666666666668       0.99999986063478841     
  0.85000000000000009       0.99999965828496329     
  0.85333333333333339       0.99999966833741616     
  0.85666666666666669       0.99999980800145638     
  0.86000000000000010       0.99999997241853067     
  0.86333333333333340        1.0000000853350282     
  0.86666666666666670        1.0000001198494277     
  0.87000000000000011        1.0000000912991573     
  0.87333333333333341        1.0000000351786096     
  0.87666666666666671       0.99999998464120221     
  0.88000000000000000       0.99999995708025813     
  0.88333333333333341       0.99999995196020408     
  0.88666666666666671       0.99999995635992156     
  0.89000000000000001       0.99999995241829831     
  0.89333333333333342       0.99999992170988239     
  0.89666666666666672       0.99999984390779606     
  0.90000000000000002       0.99999968912267823     
  0.90333333333333343       0.99999940387062802     
  0.90666666666666673       0.99999888938573078     
  0.91000000000000003       0.99999796818880693     
  0.91333333333333344       0.99999633078359218     
  0.91666666666666674       0.99999344909015075     
  0.92000000000000004       0.99998843624952793     
  0.92333333333333334       0.99997982276696229     
  0.92666666666666675       0.99996520530342681     
  0.93000000000000005       0.99994070534987178     
  0.93333333333333335       0.99990014915618175     
  0.93666666666666676       0.99983384652037255     
  0.94000000000000006       0.99972680378131396     
  0.94333333333333336       0.99955615596998793     
  0.94666666666666677       0.99928754654795215     
  0.95000000000000007       0.99887012498798966     
  0.95333333333333337       0.99822978067608781     
  0.95666666666666678       0.99726019891193962     
  0.96000000000000008       0.99581132932907013     
  0.96333333333333337       0.99367492282376169     
  0.96666666666666667       0.99056694916636945     
  0.97000000000000008       0.98610698585207168     
  0.97333333333333338       0.97979510001863979     
  0.97666666666666668       0.97098735185658835     
  0.98000000000000009       0.95887183484501659     
  0.98333333333333339       0.94244811148638818     
  0.98666666666666669       0.92051393799908454     
  0.99000000000000010       0.89166418069328324     
  0.99333333333333340       0.85430763528966802     
  0.99666666666666670       0.80670783711743166     
