   0.0000000000000000       -1.3455460425441716     
   3.3333333333333335E-003  -1.4038483830257904     
   6.6666666666666671E-003  -1.4221361572067790     
   1.0000000000000000E-002  -1.4019558082897909     
   1.3333333333333334E-002  -1.3480982128917052     
   1.6666666666666666E-002  -1.2683129217525546     
   2.0000000000000000E-002  -1.1726229928437233     
   2.3333333333333334E-002  -1.0722913008726276     
   2.6666666666666668E-002 -0.97855249369133279     
   3.0000000000000002E-002 -0.90127727679618796     
   3.3333333333333333E-002 -0.84776550334581857     
   3.6666666666666667E-002 -0.82186238340664486     
   4.0000000000000001E-002 -0.82355400571230253     
   4.3333333333333335E-002 -0.84912732656621059     
   4.6666666666666669E-002 -0.89188631595805257     
   5.0000000000000003E-002 -0.94331670223424324     
   5.3333333333333337E-002 -0.99450652342841317     
   5.6666666666666671E-002  -1.0375772476159533     
   6.0000000000000005E-002  -1.0668738256346648     
   6.3333333333333339E-002  -1.0797057632184786     
   6.6666666666666666E-002  -1.0765182379392284     
   7.0000000000000007E-002  -1.0604853045043254     
   7.3333333333333334E-002  -1.0366323595820626     
   7.6666666666666675E-002  -1.0106868557418283     
   8.0000000000000002E-002 -0.98790402507377040     
   8.3333333333333343E-002 -0.97210733207594391     
   8.6666666666666670E-002 -0.96512371274938713     
   9.0000000000000011E-002 -0.96669624798342724     
   9.3333333333333338E-002 -0.97484572110516376     
   9.6666666666666679E-002 -0.98655447894630754     
  0.10000000000000001      -0.99858415392600275     
  0.10333333333333335       -1.0082262378321696     
  0.10666666666666667       -1.0138212640393480     
  0.11000000000000000       -1.0149558073499421     
  0.11333333333333334       -1.0123352067138511     
  0.11666666666666667       -1.0074098288525246     
  0.12000000000000001       -1.0018839048863011     
  0.12333333333333334      -0.99724790484921644     
  0.12666666666666668      -0.99444909302780671     
  0.13000000000000000      -0.99376176245370773     
  0.13333333333333333      -0.99485637879912237     
  0.13666666666666669      -0.99701378521902284     
  0.14000000000000001      -0.99940029935548602     
  0.14333333333333334       -1.0013173429830029     
  0.14666666666666667       -1.0023617073520867     
  0.15000000000000002       -1.0024694511538457     
  0.15333333333333335       -1.0018547154943842     
  0.15666666666666668       -1.0008829009632945     
  0.16000000000000000      -0.99992900130242057     
  0.16333333333333333      -0.99926594111514400     
  0.16666666666666669      -0.99900944698703076     
  0.17000000000000001      -0.99912322382604613     
  0.17333333333333334      -0.99946893489084376     
  0.17666666666666667      -0.99987506837048556     
  0.18000000000000002       -1.0001987429294052     
  0.18333333333333335       -1.0003627332059819     
  0.18666666666666668       -1.0003620819826917     
  0.19000000000000000       -1.0002458288832923     
  0.19333333333333336       -1.0000861463320725     
  0.19666666666666668      -0.99994826951359872     
  0.20000000000000001      -0.99987096777686824     
  0.20333333333333334      -0.99986127059726082     
  0.20666666666666669      -0.99990136663839668     
  0.21000000000000002      -0.99996198196354658     
  0.21333333333333335       -1.0000158330970155     
  0.21666666666666667       -1.0000464643278004     
  0.22000000000000000       -1.0000506916257397     
  0.22333333333333336       -1.0000356368368790     
  0.22666666666666668       -1.0000129908736994     
  0.23000000000000001      -0.99999338771126844     
  0.23333333333333334      -0.99998289542343710     
  0.23666666666666669      -0.99998226636208098     
  0.24000000000000002      -0.99998837900269066     
  0.24333333333333335      -0.99999665848861086     
  0.24666666666666667       -1.0000032639715426     
  0.25000000000000000       -1.0000062909731269     
  0.25333333333333335       -1.0000058454300205     
  0.25666666666666671       -1.0000033240740651     
  0.26000000000000001       -1.0000004366932380     
  0.26333333333333336      -0.99999843505597052     
  0.26666666666666666      -0.99999778209802392     
  0.27000000000000002      -0.99999824487508515     
  0.27333333333333337      -0.99999923163870141     
  0.27666666666666667       -1.0000001552853186     
  0.28000000000000003       -1.0000006677791737     
  0.28333333333333333       -1.0000007150788550     
  0.28666666666666668       -1.0000004526639423     
  0.29000000000000004       -1.0000001053034977     
  0.29333333333333333      -0.99999984877815762     
  0.29666666666666669      -0.99999975494557969     
  0.30000000000000004      -0.99999980039407366     
  0.30333333333333334      -0.99999991202029415     
  0.30666666666666670       -1.0000000167440539     
  0.31000000000000000       -1.0000000726357001     
  0.31333333333333335       -1.0000000749738560     
  0.31666666666666671       -1.0000000439536145     
  0.32000000000000001       -1.0000000062567611     
  0.32333333333333336      -0.99999998083546970     
  0.32666666666666666      -0.99999997352391046     
  0.33000000000000002      -0.99999997942645613     
  0.33333333333333337      -0.99999998892269770     
  0.33666666666666667      -0.99999999300355780     
  0.34000000000000002      -0.99999998541680524     
  0.34333333333333338      -0.99999996117847612     
  0.34666666666666668      -0.99999991221518347     
  0.35000000000000003      -0.99999982081364625     
  0.35333333333333333      -0.99999965035910188     
  0.35666666666666669      -0.99999933094950788     
  0.36000000000000004      -0.99999873510118209     
  0.36333333333333334      -0.99999763573252864     
  0.36666666666666670      -0.99999563431189620     
  0.37000000000000005      -0.99999204052427781     
  0.37333333333333335      -0.99998567484447687     
  0.37666666666666671      -0.99997455060328189     
  0.38000000000000000      -0.99995537091984121     
  0.38333333333333336      -0.99992274652695312     
  0.38666666666666671      -0.99986800132379627     
  0.39000000000000001      -0.99977738210056122     
  0.39333333333333337      -0.99962942692344181     
  0.39666666666666667      -0.99939117470009942     
  0.40000000000000002      -0.99901282119644363     
  0.40333333333333338      -0.99842035367137771     
  0.40666666666666668      -0.99750564307843004     
  0.41000000000000003      -0.99611346293068681     
  0.41333333333333339      -0.99402496939023866     
  0.41666666666666669      -0.99093735771494962     
  0.42000000000000004      -0.98643975065090928     
  0.42333333333333334      -0.97998591851875627     
  0.42666666666666669      -0.97086521172904094     
  0.43000000000000005      -0.95817411295988042     
  0.43333333333333335      -0.94079205543184485     
  0.43666666666666670      -0.91736651294681060     
  0.44000000000000000      -0.88631367797939675     
  0.44333333333333336      -0.84584205292958015     
  0.44666666666666671      -0.79400665433630568     
  0.45000000000000001      -0.72880088509535002     
  0.45333333333333337      -0.64829107936253172     
  0.45666666666666672      -0.55079496161589092     
  0.46000000000000002      -0.43509965976118714     
  0.46333333333333337      -0.30070764132673372     
  0.46666666666666667      -0.14809056665365525     
  0.47000000000000003        2.1077406273012474E-002
  0.47333333333333338       0.20374241466283083     
  0.47666666666666668       0.39538926232457045     
  0.48000000000000004       0.59009377925296203     
  0.48333333333333334       0.78073994094987986     
  0.48666666666666669       0.95941747346248374     
  0.49000000000000005        1.1179935378980457     
  0.49333333333333335        1.2488246868893955     
  0.49666666666666670        1.3455460425441721     
  0.50000000000000000        1.4038483830257880     
  0.50333333333333341        1.4221361572067763     
  0.50666666666666671        1.4019558082897896     
  0.51000000000000001        1.3480982128917050     
  0.51333333333333342        1.2683129217525548     
  0.51666666666666672        1.1726229928437237     
  0.52000000000000002        1.0722913008726276     
  0.52333333333333332       0.97855249369133279     
  0.52666666666666673       0.90127727679618819     
  0.53000000000000003       0.84776550334581879     
  0.53333333333333333       0.82186238340664519     
  0.53666666666666674       0.82355400571230253     
  0.54000000000000004       0.84912732656621059     
  0.54333333333333333       0.89188631595805234     
  0.54666666666666675       0.94331670223424291     
  0.55000000000000004       0.99450652342841306     
  0.55333333333333334        1.0375772476159535     
  0.55666666666666675        1.0668738256346650     
  0.56000000000000005        1.0797057632184790     
  0.56333333333333335        1.0765182379392291     
  0.56666666666666665        1.0604853045043263     
  0.57000000000000006        1.0366323595820637     
  0.57333333333333336        1.0106868557418289     
  0.57666666666666666       0.98790402507377084     
  0.58000000000000007       0.97210733207594402     
  0.58333333333333337       0.96512371274938702     
  0.58666666666666667       0.96669624798342690     
  0.59000000000000008       0.97484572110516354     
  0.59333333333333338       0.98655447894630710     
  0.59666666666666668       0.99858415392600197     
  0.60000000000000009        1.0082262378321687     
  0.60333333333333339        1.0138212640393474     
  0.60666666666666669        1.0149558073499412     
  0.60999999999999999        1.0123352067138505     
  0.61333333333333340        1.0074098288525239     
  0.61666666666666670        1.0018839048863004     
  0.62000000000000000       0.99724790484921610     
  0.62333333333333341       0.99444909302780649     
  0.62666666666666671       0.99376176245370762     
  0.63000000000000000       0.99485637879912237     
  0.63333333333333341       0.99701378521902317     
  0.63666666666666671       0.99940029935548635     
  0.64000000000000001        1.0013173429830033     
  0.64333333333333342        1.0023617073520874     
  0.64666666666666672        1.0024694511538461     
  0.65000000000000002        1.0018547154943844     
  0.65333333333333332        1.0008829009632947     
  0.65666666666666673       0.99992900130242035     
  0.66000000000000003       0.99926594111514389     
  0.66333333333333333       0.99900944698703043     
  0.66666666666666674       0.99912322382604568     
  0.67000000000000004       0.99946893489084365     
  0.67333333333333334       0.99987506837048579     
  0.67666666666666675        1.0001987429294052     
  0.68000000000000005        1.0003627332059819     
  0.68333333333333335        1.0003620819826915     
  0.68666666666666676        1.0002458288832923     
  0.69000000000000006        1.0000861463320725     
  0.69333333333333336       0.99994826951359839     
  0.69666666666666666       0.99987096777686779     
  0.70000000000000007       0.99986127059726015     
  0.70333333333333337       0.99990136663839602     
  0.70666666666666667       0.99996198196354580     
  0.71000000000000008        1.0000158330970148     
  0.71333333333333337        1.0000464643278000     
  0.71666666666666667        1.0000506916257395     
  0.72000000000000008        1.0000356368368790     
  0.72333333333333338        1.0000129908736997     
  0.72666666666666668       0.99999338771126878     
  0.73000000000000009       0.99998289542343743     
  0.73333333333333339       0.99998226636208143     
  0.73666666666666669       0.99998837900269133     
  0.74000000000000010       0.99999665848861119     
  0.74333333333333340        1.0000032639715430     
  0.74666666666666670        1.0000062909731278     
  0.75000000000000000        1.0000058454300209     
  0.75333333333333341        1.0000033240740658     
  0.75666666666666671        1.0000004366932385     
  0.76000000000000001       0.99999843505597075     
  0.76333333333333342       0.99999778209802415     
  0.76666666666666672       0.99999824487508548     
  0.77000000000000002       0.99999923163870219     
  0.77333333333333343        1.0000001552853204     
  0.77666666666666673        1.0000006677791793     
  0.78000000000000003        1.0000007150788701     
  0.78333333333333344        1.0000004526639823     
  0.78666666666666674        1.0000001053035981     
  0.79000000000000004       0.99999984877840398     
  0.79333333333333333       0.99999975494617632     
  0.79666666666666675       0.99999980039549929     
  0.80000000000000004       0.99999991202365512     
  0.80333333333333334        1.0000000167518697     
  0.80666666666666675        1.0000000726536280     
  0.81000000000000005        1.0000000750144240     
  0.81333333333333335        1.0000000440441752     
  0.81666666666666676        1.0000000064562098     
  0.82000000000000006       0.99999998126885614     
  0.82333333333333336       0.99999997445306554     
  0.82666666666666677       0.99999998139201718     
  0.83000000000000007       0.99999999302553688     
  0.83333333333333337        1.0000000014542885     
  0.83666666666666667        1.0000000025929621     
  0.84000000000000008       0.99999999562837050     
  0.84333333333333338       0.99999998039976579     
  0.84666666666666668       0.99999995398936692     
  0.85000000000000009       0.99999990704771347     
  0.85333333333333339       0.99999981918657543     
  0.85666666666666669       0.99999965152250014     
  0.86000000000000010       0.99999933317574918     
  0.86333333333333340       0.99999873689829832     
  0.86666666666666670       0.99999763644356188     
  0.87000000000000011       0.99999563407134717     
  0.87333333333333341       0.99999203985870888     
  0.87666666666666671       0.99998567425528107     
  0.88000000000000000       0.99997455033823401     
  0.88333333333333341       0.99995537096350473     
  0.88666666666666671       0.99992274672195947     
  0.89000000000000001       0.99986800150865118     
  0.89333333333333342       0.99977738218992618     
  0.89666666666666672       0.99962942691639545     
  0.90000000000000002       0.99939117464340521     
  0.90333333333333343       0.99901282114042311     
  0.90666666666666673       0.99842035364344095     
  0.91000000000000003       0.99750564307968714     
  0.91333333333333344       0.99611346294718239     
  0.91666666666666674       0.99402496940672258     
  0.92000000000000004       0.99093735772313385     
  0.92333333333333334       0.98643975065049316     
  0.92666666666666675       0.97998591851393924     
  0.93000000000000005       0.97086521172432505     
  0.93333333333333335       0.95817411295763022     
  0.93666666666666676       0.94079205543205913     
  0.94000000000000006       0.91736651294821925     
  0.94333333333333336       0.88631367798070670     
  0.94666666666666677       0.84584205293015791     
  0.95000000000000007       0.79400665433619855     
  0.95333333333333337       0.72880088509494134     
  0.95666666666666678       0.64829107936218044     
  0.96000000000000008       0.55079496161575470     
  0.96333333333333337       0.43509965976123410     
  0.96666666666666667       0.30070764132685029     
  0.97000000000000008       0.14809056665374543     
  0.97333333333333338       -2.1077406272984094E-002
  0.97666666666666668      -0.20374241466284931     
  0.98000000000000009      -0.39538926232460297     
  0.98333333333333339      -0.59009377925298423     
  0.98666666666666669      -0.78073994094988486     
  0.99000000000000010      -0.95941747346247752     
  0.99333333333333340       -1.1179935378980375     
  0.99666666666666670       -1.2488246868893909     
