   0.0000000000000000       0.99999917115517134     
   3.3333333333333335E-003  0.99999850923416655     
   6.6666666666666671E-003  0.99999745876003465     
   1.0000000000000000E-002  0.99999570422362583     
   1.3333333333333334E-002  0.99999273413446310     
   1.6666666666666666E-002  0.99998774190452699     
   2.0000000000000000E-002  0.99997946104182267     
   2.3333333333333334E-002  0.99996590617008829     
   2.6666666666666668E-002  0.99994398245239391     
   3.0000000000000002E-002  0.99990891154602579     
   3.3333333333333333E-002  0.99985340199595918     
   3.6666666666666667E-002  0.99976646644661038     
   4.0000000000000001E-002  0.99963175809087390     
   4.3333333333333335E-002  0.99942526561555667     
   4.6666666666666669E-002  0.99911217143147157     
   5.0000000000000003E-002  0.99864264531821179     
   5.3333333333333337E-002  0.99794631983301496     
   5.6666666666666671E-002  0.99692518257646967     
   6.0000000000000005E-002  0.99544463429636620     
   6.3333333333333339E-002  0.99332251442877073     
   6.6666666666666666E-002  0.99031600299578781     
   7.0000000000000007E-002  0.98610648686203362     
   7.3333333333333334E-002  0.98028274513245928     
   7.6666666666666675E-002  0.97232317450353811     
   8.0000000000000002E-002  0.96157824347146903     
   8.3333333333333343E-002  0.94725492325445382     
   8.6666666666666670E-002  0.92840546215575848     
   9.0000000000000011E-002  0.90392349285615037     
   9.3333333333333338E-002  0.87255100399918739     
   9.6666666666666679E-002  0.83290005447524018     
  0.10000000000000001       0.78349312255540104     
  0.10333333333333335       0.72282551087742319     
  0.10666666666666667       0.64945212678570985     
  0.11000000000000000       0.56209911361143816     
  0.11333333333333334       0.45979817719861227     
  0.11666666666666667       0.34203809214555675     
  0.12000000000000001       0.20892398015561758     
  0.12333333333333334        6.1330885426345350E-002
  0.12666666666666668       -9.8965550234794031E-002
  0.13000000000000000      -0.26920122796883411     
  0.13333333333333333      -0.44559944094165865     
  0.13666666666666669      -0.62342984558977677     
  0.14000000000000001      -0.79716546778005481     
  0.14333333333333334      -0.96074486894446764     
  0.14666666666666667       -1.1079357028777224     
  0.15000000000000002       -1.2327826291008053     
  0.15333333333333335       -1.3301082492964289     
  0.15666666666666668       -1.3960222793144512     
  0.16000000000000000       -1.4283838104222555     
  0.16333333333333333       -1.4271565740692174     
  0.16666666666666669       -1.3945996100153839     
  0.17000000000000001       -1.3352468953298176     
  0.17333333333333334       -1.2556493994943398     
  0.17666666666666667       -1.1638803073535793     
  0.18000000000000002       -1.0688358767566377     
  0.18333333333333335      -0.97939631212123057     
  0.18666666666666668      -0.90353804514192027     
  0.19000000000000000      -0.84750576713897330     
  0.19333333333333336      -0.81515518866079906     
  0.19666666666666668      -0.80756338665393490     
  0.20000000000000001      -0.82297292004637046     
  0.20333333333333334      -0.85709181894806352     
  0.20666666666666669      -0.90372007710761859     
  0.21000000000000002      -0.95562247220001517     
  0.21333333333333335       -1.0055262604513486     
  0.21666666666666667       -1.0470985545352389     
  0.22000000000000000       -1.0757574983579894     
  0.22333333333333336       -1.0891953374412562     
  0.22666666666666668       -1.0875372249553292     
  0.23000000000000001       -1.0731198017848920     
  0.23333333333333334       -1.0499377019014673     
  0.23666666666666669       -1.0228623002944341     
  0.24000000000000002      -0.99677442150829421     
  0.24333333333333335      -0.97576389461172020     
  0.24666666666666667      -0.96253138241659630     
  0.25000000000000000      -0.95808521731075069     
  0.25333333333333335      -0.96176667166370855     
  0.25666666666666671      -0.97157331200782326     
  0.26000000000000001      -0.98469489164094459     
  0.26333333333333336      -0.99814074878242276     
  0.26666666666666666       -1.0093286136281230     
  0.27000000000000002       -1.0165229162876341     
  0.27333333333333337       -1.0190509519693063     
  0.27666666666666667       -1.0172777113935190     
  0.28000000000000003       -1.0123726209195334     
  0.28333333333333333       -1.0059422548430539     
  0.28666666666666668      -0.99962397986101315     
  0.29000000000000004      -0.99473328950005147     
  0.29333333333333333      -0.99203472733967590     
  0.29666666666666669      -0.99166993474526632     
  0.30000000000000004      -0.99323630919247430     
  0.30333333333333334      -0.99597590064753050     
  0.30666666666666670      -0.99901397973890660     
  0.31000000000000000       -1.0015835682342993     
  0.31333333333333335       -1.0031849207716883     
  0.31666666666666671       -1.0036524152656614     
  0.32000000000000001       -1.0031283009500616     
  0.32333333333333336       -1.0019659605061577     
  0.32666666666666666       -1.0005993310291215     
  0.33000000000000002      -0.99941756876861254     
  0.33333333333333337      -0.99867597050847867     
  0.33666666666666667      -0.99845928631569025     
  0.34000000000000002      -0.99869689599990052     
  0.34333333333333338      -0.99921565254796718     
  0.34666666666666668      -0.99980875719037043     
  0.35000000000000003       -1.0002988292313444     
  0.35333333333333333       -1.0005791873747638     
  0.35666666666666669       -1.0006265660358378     
  0.36000000000000004       -1.0004878433005007     
  0.36333333333333334       -1.0002501581097025     
  0.36666666666666670       -1.0000065599047896     
  0.37000000000000005      -0.99982803054261082     
  0.37333333333333335      -0.99974852094356326     
  0.37666666666666671      -0.99976437096703452     
  0.38000000000000000      -0.99984492319956797     
  0.38333333333333336      -0.99994852504935761     
  0.38666666666666671       -1.0000378266742156     
  0.39000000000000001       -1.0000899163140122     
  0.39333333333333337       -1.0000994688346125     
  0.39666666666666667       -1.0000756774449802     
  0.40000000000000002       -1.0000354874029778     
  0.40333333333333338      -0.99999619262223116     
  0.40666666666666668      -0.99996989642209599     
  0.41000000000000003      -0.99996111333663729     
  0.41333333333333339      -0.99996745368149087     
  0.41666666666666669      -0.99998234863695812     
  0.42000000000000004      -0.99999837887517029     
  0.42333333333333334       -1.0000099497741322     
  0.42666666666666669       -1.0000146076229623     
  0.43000000000000005       -1.0000129349713229     
  0.43333333333333335       -1.0000074580491267     
  0.43666666666666670       -1.0000012149663811     
  0.44000000000000000      -0.99999656915405766     
  0.44333333333333336      -0.99999460447862321     
  0.44666666666666671      -0.99999514203246087     
  0.45000000000000001      -0.99999719060437542     
  0.45333333333333337      -0.99999954490579579     
  0.45666666666666672       -1.0000012766034365     
  0.46000000000000002       -1.0000019761005916     
  0.46333333333333337       -1.0000017342055421     
  0.46666666666666667       -1.0000009496986946     
  0.47000000000000003       -1.0000000859697746     
  0.47333333333333338      -0.99999948102962277     
  0.47666666666666668      -0.99999926361482339     
  0.48000000000000004      -0.99999937252918836     
  0.48333333333333334      -0.99999963865577990     
  0.48666666666666669      -0.99999987793103817     
  0.49000000000000005      -0.99999995504802053     
  0.49333333333333335      -0.99999980032167879     
  0.49666666666666670      -0.99999938365041718     
  0.50000000000000000      -0.99999866155083084     
  0.50333333333333341      -0.99999751352410648     
  0.50666666666666671      -0.99999567521996968     
  0.51000000000000001      -0.99999266298571177     
  0.51333333333333342      -0.99998767189663673     
  0.51666666666666672      -0.99997941942832047     
  0.52000000000000002      -0.99996589906075040     
  0.52333333333333332      -0.99994399995379357     
  0.52666666666666673      -0.99990893750272947     
  0.53000000000000003      -0.99985342277980160     
  0.53333333333333333      -0.99976647556352427     
  0.53666666666666674      -0.99963175621483524     
  0.54000000000000004      -0.99942525767281098     
  0.54333333333333333      -0.99911216299822292     
  0.54666666666666675      -0.99864264007163850     
  0.55000000000000004      -0.99794631873254802     
  0.55333333333333334      -0.99692518448430723     
  0.55666666666666675      -0.99544463724708343     
  0.56000000000000005      -0.99332251677225336     
  0.56333333333333335      -0.99031600397611796     
  0.56666666666666665      -0.98610648659662448     
  0.57000000000000006      -0.98028274422565442     
  0.57333333333333336      -0.97232317359871401     
  0.57666666666666666      -0.96157824295829308     
  0.58000000000000007      -0.94725492319904891     
  0.58333333333333337      -0.92840546239877864     
  0.58666666666666667      -0.90392349317123610     
  0.59000000000000008      -0.87255100421885423     
  0.59333333333333338      -0.83290005454133142     
  0.59666666666666668      -0.78349312250121306     
  0.60000000000000009      -0.72282551077625223     
  0.60333333333333339      -0.64945212670202934     
  0.60666666666666669      -0.56209911357556042     
  0.60999999999999999      -0.45979817720690719     
  0.61333333333333340      -0.34203809217592257     
  0.61666666666666670      -0.20892398018506780     
  0.62000000000000000       -6.1330885441843896E-002
  0.62333333333333341        9.8965550234474647E-002
  0.62666666666666671       0.26920122797743867     
  0.63000000000000000       0.44559944095144272     
  0.63333333333333341       0.62342984559571146     
  0.63666666666666671       0.79716546778102448     
  0.64000000000000001       0.96074486894214484     
  0.64333333333333342        1.1079357028746082     
  0.64666666666666672        1.2327826290987038     
  0.65000000000000002        1.3301082492958929     
  0.65333333333333332        1.3960222793150547     
  0.65666666666666673        1.4283838104232163     
  0.66000000000000003        1.4271565740699215     
  0.66333333333333333        1.3945996100156071     
  0.66666666666666674        1.3352468953296641     
  0.67000000000000004        1.2556493994940496     
  0.67333333333333334        1.1638803073533530     
  0.67666666666666675        1.0688358767565567     
  0.68000000000000005       0.97939631212126954     
  0.68333333333333335       0.90353804514200664     
  0.68666666666666676       0.84750576713904380     
  0.69000000000000006       0.81515518866082626     
  0.69333333333333336       0.80756338665392502     
  0.69666666666666666       0.82297292004634492     
  0.70000000000000007       0.85709181894804209     
  0.70333333333333337       0.90372007710760993     
  0.70666666666666667       0.95562247220001761     
  0.71000000000000008        1.0055262604513557     
  0.71333333333333337        1.0470985545352447     
  0.71666666666666667        1.0757574983579918     
  0.72000000000000008        1.0891953374412553     
  0.72333333333333338        1.0875372249553275     
  0.72666666666666668        1.0731198017848906     
  0.73000000000000009        1.0499377019014673     
  0.73333333333333339        1.0228623002944350     
  0.73666666666666669       0.99677442150829487     
  0.74000000000000010       0.97576389461172075     
  0.74333333333333340       0.96253138241659641     
  0.74666666666666670       0.95808521731075014     
  0.75000000000000000       0.96176667166370777     
  0.75333333333333341       0.97157331200782215     
  0.75666666666666671       0.98469489164094315     
  0.76000000000000001       0.99814074878242109     
  0.76333333333333342        1.0093286136281212     
  0.76666666666666672        1.0165229162876326     
  0.77000000000000002        1.0190509519693050     
  0.77333333333333343        1.0172777113935183     
  0.77666666666666673        1.0123726209195330     
  0.78000000000000003        1.0059422548430541     
  0.78333333333333344       0.99962397986101348     
  0.78666666666666674       0.99473328950005180     
  0.79000000000000004       0.99203472733967635     
  0.79333333333333333       0.99166993474526677     
  0.79666666666666675       0.99323630919247463     
  0.80000000000000004       0.99597590064753072     
  0.80333333333333334       0.99901397973890715     
  0.80666666666666675        1.0015835682343002     
  0.81000000000000005        1.0031849207716892     
  0.81333333333333335        1.0036524152656623     
  0.81666666666666676        1.0031283009500620     
  0.82000000000000006        1.0019659605061577     
  0.82333333333333336        1.0005993310291212     
  0.82666666666666677       0.99941756876861187     
  0.83000000000000007       0.99867597050847823     
  0.83333333333333337       0.99845928631568959     
  0.83666666666666667       0.99869689599989986     
  0.84000000000000008       0.99921565254796652     
  0.84333333333333338       0.99980875719036977     
  0.84666666666666668        1.0002988292313442     
  0.85000000000000009        1.0005791873747636     
  0.85333333333333339        1.0006265660358376     
  0.85666666666666669        1.0004878433005007     
  0.86000000000000010        1.0002501581097023     
  0.86333333333333340        1.0000065599047894     
  0.86666666666666670       0.99982803054261038     
  0.87000000000000011       0.99974852094356292     
  0.87333333333333341       0.99976437096703419     
  0.87666666666666671       0.99984492319956786     
  0.88000000000000000       0.99994852504935783     
  0.88333333333333341        1.0000378266742163     
  0.88666666666666671        1.0000899163140129     
  0.89000000000000001        1.0000994688346134     
  0.89333333333333342        1.0000756774449813     
  0.89666666666666672        1.0000354874029800     
  0.90000000000000002       0.99999619262223427     
  0.90333333333333343       0.99996989642210099     
  0.90666666666666673       0.99996111333664650     
  0.91000000000000003       0.99996745368151019     
  0.91333333333333344       0.99998234863700042     
  0.91666666666666674       0.99999837887526355     
  0.92000000000000004        1.0000099497743373     
  0.92333333333333334        1.0000146076234093     
  0.92666666666666675        1.0000129349722870     
  0.93000000000000005        1.0000074580511848     
  0.93333333333333335        1.0000012149707314     
  0.93666666666666676       0.99999656916316049     
  0.94000000000000006       0.99999460449747801     
  0.94333333333333336       0.99999514207112172     
  0.94666666666666677       0.99999719068285198     
  0.95000000000000007       0.99999954506349653     
  0.95333333333333337        1.0000012769171667     
  0.95666666666666678        1.0000019767184820     
  0.96000000000000008        1.0000017354103030     
  0.96333333333333337        1.0000009520242454     
  0.96666666666666667        1.0000000904138961     
  0.97000000000000008       0.99999948943737127     
  0.97333333333333338       0.99999927936208033     
  0.97666666666666668       0.99999940172752444     
  0.98000000000000009       0.99999969225207519     
  0.98333333333333339       0.99999997532438700     
  0.98666666666666669        1.0000001302483372     
  0.99000000000000010        1.0000001123137148     
  0.99333333333333340       0.99999993362911155     
  0.99666666666666670       0.99999962124162689     
