   0.0000000000000000       0.90809140557683221     
   3.3333333333333335E-003  0.87581524010240697     
   6.6666666666666671E-003  0.83440890189841033     
   1.0000000000000000E-002  0.78213369987813552     
   1.3333333333333334E-002  0.71721890619717121     
   1.6666666666666666E-002  0.63797751266010161     
   2.0000000000000000E-002  0.54295617672160612     
   2.3333333333333334E-002  0.43111554465737290     
   2.6666666666666668E-002  0.30203180137684887     
   3.0000000000000002E-002  0.15610421370122485     
   3.3333333333333333E-002  -5.2527070484980065E-003
   3.6666666666666667E-002 -0.17945902656920376     
   4.0000000000000001E-002 -0.36269093178034417     
   4.3333333333333335E-002 -0.54990352694912603     
   4.6666666666666669E-002 -0.73497975373326074     
   5.0000000000000003E-002 -0.91102051219703151     
   5.3333333333333337E-002  -1.0707761297933129     
   5.6666666666666671E-002  -1.2072001891487096     
   6.0000000000000005E-002  -1.3140853599948519     
   6.3333333333333339E-002  -1.3867202526552647     
   6.6666666666666666E-002  -1.4224900936218812     
   7.0000000000000007E-002  -1.4213360787897187     
   7.3333333333333334E-002  -1.3859919229559619     
   7.6666666666666675E-002  -1.3219334036412258     
   8.0000000000000002E-002  -1.2370075347843941     
   8.3333333333333343E-002  -1.1407497856438118     
   8.6666666666666670E-002  -1.0434452443362585     
   9.0000000000000011E-002 -0.95503543778678046     
   9.3333333333333338E-002 -0.88400820253993517     
   9.6666666666666679E-002 -0.83642553363947836     
  0.10000000000000001      -0.81523787482296517     
  0.10333333333333335      -0.82000077593116150     
  0.10666666666666667      -0.84705398508615082     
  0.11000000000000000      -0.89015161715620783     
  0.11333333333333334      -0.94145688530977256     
  0.11666666666666667      -0.99274995223168117     
  0.12000000000000001       -1.0366560889744134     
  0.12333333333333334       -1.0676932904669856     
  0.12666666666666668       -1.0829674853400895     
  0.13000000000000000       -1.0824057333971500     
  0.13333333333333333       -1.0685023021316800     
  0.13666666666666669       -1.0456428716181416     
  0.14000000000000001       -1.0191499204631558     
  0.14333333333333334      -0.99424120650681680     
  0.14666666666666667      -0.97510265988820977     
  0.15000000000000002      -0.96424497026795708     
  0.15333333333333335      -0.96224694940156652     
  0.15666666666666668      -0.96790341565792826     
  0.16000000000000000      -0.97871020989673874     
  0.16333333333333333      -0.99155304324494831     
  0.16666666666666669       -1.0034343314108578     
  0.17000000000000001       -1.0120788307032822     
  0.17333333333333334       -1.0163010237745858     
  0.17666666666666667       -1.0160826741586189     
  0.18000000000000002       -1.0123805712530249     
  0.18333333333333335       -1.0067445107071791     
  0.18666666666666668       -1.0008603407334840     
  0.19000000000000000      -0.99613615127901090     
  0.19333333333333336      -0.99342363098294517     
  0.19666666666666668      -0.99292086674432090     
  0.20000000000000001      -0.99425125818971616     
  0.20333333333333334      -0.99666978389527416     
  0.20666666666666669      -0.99932296156897438     
  0.21000000000000002       -1.0014867240338858     
  0.21333333333333335       -1.0027246332459445     
  0.21666666666666667       -1.0029396414527367     
  0.22000000000000000       -1.0023257491615525     
  0.22333333333333336       -1.0012518850902370     
  0.22666666666666668       -1.0001229853984173     
  0.23000000000000001      -0.99926112645695342     
  0.23333333333333334      -0.99883570377021713     
  0.23666666666666669      -0.99885203872819661     
  0.24000000000000002      -0.99918915449101897     
  0.24333333333333335      -0.99966510846761991     
  0.24666666666666667       -1.0001047207240399     
  0.25000000000000000       -1.0003892016639191     
  0.25333333333333335       -1.0004770588078704     
  0.25666666666666671       -1.0003966975422565     
  0.26000000000000001       -1.0002196790181928     
  0.26333333333333336       -1.0000275054081325     
  0.26666666666666666      -0.99988381501394086     
  0.27000000000000002      -0.99981935195309946     
  0.27333333333333337      -0.99983124828546366     
  0.27666666666666667      -0.99989319704829460     
  0.28000000000000003      -0.99997042409162240     
  0.28333333333333333       -1.0000333353206490     
  0.28666666666666668       -1.0000657147338710     
  0.29000000000000004       -1.0000662241725935     
  0.29333333333333333       -1.0000445251392458     
  0.29666666666666669       -1.0000148076419677     
  0.30000000000000004      -0.99998964454756523     
  0.30333333333333334      -0.99997618359693519     
  0.30666666666666670      -0.99997532607361772     
  0.31000000000000000      -0.99998331869769008     
  0.31333333333333335      -0.99999449887035374     
  0.31666666666666671       -1.0000038841612511     
  0.32000000000000001       -1.0000087299308289     
  0.32333333333333336       -1.0000088053262997     
  0.32666666666666666       -1.0000056757345683     
  0.33000000000000002       -1.0000015566568676     
  0.33333333333333337      -0.99999829175016108     
  0.33666666666666667      -0.99999679409106590     
  0.34000000000000002      -0.99999701314622469     
  0.34333333333333338      -0.99999827325362745     
  0.34666666666666668      -0.99999973712279777     
  0.35000000000000003       -1.0000007779246194     
  0.35333333333333333       -1.0000011473377892     
  0.35666666666666669       -1.0000009417082449     
  0.36000000000000004       -1.0000004461393168     
  0.36333333333333334      -0.99999995798929575     
  0.36666666666666670      -0.99999966598730172     
  0.37000000000000005      -0.99999961391782133     
  0.37333333333333335      -0.99999973448977719     
  0.37666666666666671      -0.99999991573777403     
  0.38000000000000000       -1.0000000619616989     
  0.38333333333333336       -1.0000001263940161     
  0.38666666666666671       -1.0000001121305275     
  0.39000000000000001       -1.0000000520097994     
  0.39333333333333337      -0.99999998295434500     
  0.39666666666666667      -0.99999992690892436     
  0.40000000000000002      -0.99999988307820176     
  0.40333333333333338      -0.99999982908441243     
  0.40666666666666668      -0.99999972461535591     
  0.41000000000000003      -0.99999951046377122     
  0.41333333333333339      -0.99999909716918667     
  0.41666666666666669      -0.99999833871991239     
  0.42000000000000004      -0.99999698624425248     
  0.42333333333333334      -0.99999461337990514     
  0.42666666666666669      -0.99999049878763069     
  0.43000000000000005      -0.99998344202882539     
  0.43333333333333335      -0.99997147649200835     
  0.43666666666666670      -0.99995142649094826     
  0.44000000000000000      -0.99991823388477863     
  0.44333333333333336      -0.99986395123650107     
  0.44666666666666671      -0.99977626253974849     
  0.45000000000000001      -0.99963634859328176     
  0.45333333333333337      -0.99941586325369824     
  0.45666666666666672      -0.99907273219085158     
  0.46000000000000002      -0.99854543344885904     
  0.46333333333333337      -0.99774537892818715     
  0.46666666666666667      -0.99654700236682592     
  0.47000000000000003      -0.99477519224007382     
  0.47333333333333338      -0.99218981202305545     
  0.47666666666666668      -0.98846725405563063     
  0.48000000000000004      -0.98317930624288297     
  0.48333333333333334      -0.97577009824711591     
  0.48666666666666669      -0.96553254935513322     
  0.49000000000000005      -0.95158655642863421     
  0.49333333333333335      -0.93286209782280805     
  0.49666666666666670      -0.90809140558000623     
  0.50000000000000000      -0.87581524011355860     
  0.50333333333333341      -0.83440890190858141     
  0.50666666666666671      -0.78213369988280823     
  0.51000000000000001      -0.71721890619652284     
  0.51333333333333342      -0.63797751265684255     
  0.51666666666666672      -0.54295617671852081     
  0.52000000000000002      -0.43111554465590923     
  0.52333333333333332      -0.30203180137699692     
  0.52666666666666673      -0.15610421370217586     
  0.53000000000000003        5.2527070475874155E-003
  0.53333333333333333       0.17945902656877225     
  0.53666666666666674       0.36269093178038847     
  0.54000000000000004       0.54990352694940348     
  0.54333333333333333       0.73497975373352231     
  0.54666666666666675       0.91102051219715108     
  0.55000000000000004        1.0707761297932956     
  0.55333333333333334        1.2072001891486281     
  0.55666666666666675        1.3140853599947784     
  0.56000000000000005        1.3867202526552329     
  0.56333333333333335        1.4224900936218876     
  0.56666666666666665        1.4213360787897418     
  0.57000000000000006        1.3859919229559812     
  0.57333333333333336        1.3219334036412329     
  0.57666666666666666        1.2370075347843905     
  0.58000000000000007        1.1407497856438042     
  0.58333333333333337        1.0434452443362532     
  0.58666666666666667       0.95503543778677857     
  0.59000000000000008       0.88400820253993628     
  0.59333333333333338       0.83642553363948013     
  0.59666666666666668       0.81523787482296650     
  0.60000000000000009       0.82000077593116183     
  0.60333333333333339       0.84705398508615048     
  0.60666666666666669       0.89015161715620716     
  0.60999999999999999       0.94145688530977201     
  0.61333333333333340       0.99274995223168094     
  0.61666666666666670        1.0366560889744139     
  0.62000000000000000        1.0676932904669862     
  0.62333333333333341        1.0829674853400901     
  0.62666666666666671        1.0824057333971504     
  0.63000000000000000        1.0685023021316808     
  0.63333333333333341        1.0456428716181427     
  0.63666666666666671        1.0191499204631571     
  0.64000000000000001       0.99424120650681791     
  0.64333333333333342       0.97510265988821043     
  0.64666666666666672       0.96424497026795730     
  0.65000000000000002       0.96224694940156619     
  0.65333333333333332       0.96790341565792759     
  0.65666666666666673       0.97871020989673774     
  0.66000000000000003       0.99155304324494720     
  0.66333333333333333        1.0034343314108567     
  0.66666666666666674        1.0120788307032811     
  0.67000000000000004        1.0163010237745849     
  0.67333333333333334        1.0160826741586180     
  0.67666666666666675        1.0123805712530241     
  0.68000000000000005        1.0067445107071782     
  0.68333333333333335        1.0008603407334835     
  0.68666666666666676       0.99613615127901090     
  0.69000000000000006       0.99342363098294550     
  0.69333333333333336       0.99292086674432145     
  0.69666666666666666       0.99425125818971682     
  0.70000000000000007       0.99666978389527483     
  0.70333333333333337       0.99932296156897482     
  0.70666666666666667        1.0014867240338865     
  0.71000000000000008        1.0027246332459450     
  0.71333333333333337        1.0029396414527376     
  0.71666666666666667        1.0023257491615529     
  0.72000000000000008        1.0012518850902374     
  0.72333333333333338        1.0001229853984175     
  0.72666666666666668       0.99926112645695331     
  0.73000000000000009       0.99883570377021691     
  0.73333333333333339       0.99885203872819650     
  0.73666666666666669       0.99918915449101886     
  0.74000000000000010       0.99966510846761980     
  0.74333333333333340        1.0001047207240399     
  0.74666666666666670        1.0003892016639189     
  0.75000000000000000        1.0004770588078704     
  0.75333333333333341        1.0003966975422565     
  0.75666666666666671        1.0002196790181925     
  0.76000000000000001        1.0000275054081320     
  0.76333333333333342       0.99988381501394030     
  0.76666666666666672       0.99981935195309846     
  0.77000000000000002       0.99983124828546266     
  0.77333333333333343       0.99989319704829371     
  0.77666666666666673       0.99997042409162185     
  0.78000000000000003        1.0000333353206488     
  0.78333333333333344        1.0000657147338707     
  0.78666666666666674        1.0000662241725933     
  0.79000000000000004        1.0000445251392462     
  0.79333333333333333        1.0000148076419684     
  0.79666666666666675       0.99998964454756623     
  0.80000000000000004       0.99997618359693607     
  0.80333333333333334       0.99997532607361839     
  0.80666666666666675       0.99998331869769075     
  0.81000000000000005       0.99999449887035430     
  0.81333333333333335        1.0000038841612517     
  0.81666666666666676        1.0000087299308300     
  0.82000000000000006        1.0000088053263012     
  0.82333333333333336        1.0000056757345710     
  0.82666666666666677        1.0000015566568730     
  0.83000000000000007       0.99999829175017374     
  0.83333333333333337       0.99999679409109599     
  0.83666666666666667       0.99999701314629652     
  0.84000000000000008       0.99999827325379587     
  0.84333333333333338       0.99999973712318879     
  0.84666666666666668        1.0000007779255169     
  0.85000000000000009        1.0000011473398216     
  0.85333333333333339        1.0000009417127924     
  0.85666666666666669        1.0000004461493675     
  0.86000000000000010       0.99999995801124686     
  0.86333333333333340       0.99999966603467438     
  0.86666666666666670       0.99999961401884696     
  0.87000000000000011       0.99999973470267989     
  0.87333333333333341       0.99999991618116568     
  0.87666666666666671        1.0000000628742547     
  0.88000000000000000        1.0000001282501296     
  0.88333333333333341        1.0000001158615603     
  0.88666666666666671        1.0000000594218443     
  0.89000000000000001       0.99999999750676027     
  0.89333333333333342       0.99999995514616213     
  0.89666666666666672       0.99999993722839431     
  0.90000000000000002       0.99999993171278545     
  0.90333333333333343       0.99999991684568645     
  0.90666666666666673       0.99999986630734616     
  0.91000000000000003       0.99999974815733494     
  0.91333333333333344       0.99999951566434753     
  0.91666666666666674       0.99999908904472801     
  0.92000000000000004       0.99999832606174865     
  0.92333333333333334       0.99999697634430751     
  0.92666666666666675       0.99999460944249929     
  0.93000000000000005       0.99999050013329249     
  0.93333333333333335       0.99998344592672250     
  0.93666666666666676       0.99997148018096571     
  0.94000000000000006       0.99995142841775753     
  0.94333333333333336       0.99991823391296764     
  0.94666666666666677       0.99986395013663509     
  0.95000000000000007       0.99977626127494923     
  0.95333333333333337       0.99963634780489097     
  0.95666666666666678       0.99941586310116703     
  0.96000000000000008       0.99907273247685580     
  0.96333333333333337       0.99854543385712524     
  0.96666666666666667       0.99774537921863915     
  0.97000000000000008       0.99654700245503069     
  0.97333333333333338       0.99477519217139054     
  0.97666666666666668       0.99218981189688749     
  0.98000000000000009       0.98846725395596213     
  0.98333333333333339       0.98317930620523719     
  0.98666666666666669       0.97577009826238026     
  0.99000000000000010       0.96553254939298117     
  0.99333333333333340       0.95158655646111157     
  0.99666666666666670       0.93286209783670637     
