   0.0000000000000000       -1.0442654646373624     
   3.3333333333333335E-003  -1.0687429661211696     
   6.6666666666666671E-003  -1.0760621940956270     
   1.0000000000000000E-002  -1.0678340199699803     
   1.3333333333333334E-002  -1.0483633135689425     
   1.6666666666666666E-002  -1.0234703033069008     
   2.0000000000000000E-002 -0.99912261403889457     
   2.3333333333333334E-002 -0.98018731418903937     
   2.6666666666666668E-002 -0.96956557383538833     
   3.0000000000000002E-002 -0.96786549128791288     
   3.3333333333333333E-002 -0.97363009397531564     
   3.6666666666666667E-002 -0.98400392729318364     
   4.0000000000000001E-002 -0.99562703613038428     
   4.3333333333333335E-002  -1.0055117111363705     
   4.6666666666666669E-002  -1.0116896168831513     
   5.0000000000000003E-002  -1.0135010699947133     
   5.3333333333333337E-002  -1.0115070552245542     
   5.6666666666666671E-002  -1.0071059690460107     
   6.0000000000000005E-002  -1.0020037801148707     
   6.3333333333333339E-002 -0.99770347547452898     
   6.6666666666666666E-002 -0.99514833842806272     
   7.0000000000000007E-002 -0.99458889641110559     
   7.3333333333333334E-002 -0.99566854164068197     
   7.6666666666666675E-002 -0.99766128848870406     
   8.0000000000000002E-002 -0.99976323328703776     
   8.3333333333333343E-002  -1.0013420506600423     
   8.6666666666666670E-002  -1.0020798739073118     
   9.0000000000000011E-002  -1.0019898870827260     
   9.3333333333333338E-002  -1.0013294685647489     
   9.6666666666666679E-002  -1.0004598256964214     
  0.10000000000000001      -0.99970798395132920     
  0.10333333333333335      -0.99927389705718539     
  0.10666666666666667      -0.99920134576451047     
  0.11000000000000000      -0.99940635144404144     
  0.11333333333333334      -0.99973950754766672     
  0.11666666666666667       -1.0000531081892710     
  0.12000000000000001       -1.0002495096325952     
  0.12333333333333334       -1.0002994031514743     
  0.12666666666666668       -1.0002318358188242     
  0.13000000000000000       -1.0001070808572543     
  0.13333333333333333      -0.99998650067711081     
  0.13666666666666669      -0.99991080604284333     
  0.14000000000000001      -0.99989202117804798     
  0.14333333333333334      -0.99991807798313503     
  0.14666666666666667      -0.99996469333586835     
  0.15000000000000002       -1.0000080478473634     
  0.15333333333333335       -1.0000333648054669     
  0.15666666666666668       -1.0000374513768775     
  0.16000000000000000       -1.0000261064480669     
  0.16333333333333333       -1.0000089704450903     
  0.16666666666666669      -0.99999458355559445     
  0.17000000000000001      -0.99998748420972394     
  0.17333333333333334      -0.99998781510289125     
  0.17666666666666667      -0.99999277491037675     
  0.18000000000000002      -0.99999873738866907     
  0.18333333333333335       -1.0000029752618498     
  0.18666666666666668       -1.0000044320527379     
  0.19000000000000000       -1.0000035534170468     
  0.19333333333333336       -1.0000015682861432     
  0.19666666666666668      -0.99999970398214610     
  0.20000000000000001      -0.99999868182404961     
  0.20333333333333334      -0.99999860394627793     
  0.20666666666666669      -0.99999913979115984     
  0.21000000000000002      -0.99999982644639218     
  0.21333333333333335       -1.0000003143705540     
  0.21666666666666667       -1.0000004734923673     
  0.22000000000000000       -1.0000003653494649     
  0.22333333333333336       -1.0000001429042800     
  0.22666666666666668      -0.99999994864752539     
  0.23000000000000001      -0.99999985629466559     
  0.23333333333333334      -0.99999986527774987     
  0.23666666666666669      -0.99999993032582690     
  0.24000000000000002      -0.99999999943066631     
  0.24333333333333335       -1.0000000398899169     
  0.24666666666666667       -1.0000000453046549     
  0.25000000000000000       -1.0000000278297287     
  0.25333333333333335       -1.0000000050540407     
  0.25666666666666671      -0.99999998968501036     
  0.26000000000000001      -0.99999998568623971     
  0.26333333333333336      -0.99999999006150220     
  0.26666666666666666      -0.99999999715584398     
  0.27000000000000002       -1.0000000024173605     
  0.27333333333333337       -1.0000000040525705     
  0.27666666666666667       -1.0000000026397649     
  0.28000000000000003      -0.99999999969381770     
  0.28333333333333333      -0.99999999622622449     
  0.28666666666666668      -0.99999999182545041     
  0.29000000000000004      -0.99999998413913238     
  0.29333333333333333      -0.99999996816287540     
  0.29666666666666669      -0.99999993446072810     
  0.30000000000000004      -0.99999986517482498     
  0.30333333333333334      -0.99999972613180022     
  0.30666666666666670      -0.99999945219131092     
  0.31000000000000000      -0.99999892083683395     
  0.31333333333333335      -0.99999790539256950     
  0.31666666666666671      -0.99999599344023271     
  0.32000000000000001      -0.99999244693021905     
  0.32333333333333336      -0.99998596660978822     
  0.32666666666666666      -0.99997430270567056     
  0.33000000000000002      -0.99995362380477337     
  0.33333333333333337      -0.99991751375452687     
  0.33666666666666667      -0.99985540936718065     
  0.34000000000000002      -0.99975021768456562     
  0.34333333333333338      -0.99957476029458481     
  0.34666666666666668      -0.99928658692304773     
  0.35000000000000003      -0.99882059018095548     
  0.35333333333333333      -0.99807875518553857     
  0.35666666666666669      -0.99691632009284314     
  0.36000000000000004      -0.99512364782795604     
  0.36333333333333334      -0.99240327052227062     
  0.36666666666666670      -0.98834193240105328     
  0.37000000000000005      -0.98237809385180153     
  0.37333333333333335      -0.97376632915072048     
  0.37666666666666671      -0.96154138267119837     
  0.38000000000000000      -0.94448631617743628     
  0.38333333333333336      -0.92111106838044565     
  0.38666666666666671      -0.88964962679797621     
  0.39000000000000001      -0.84808551724992809     
  0.39333333333333337      -0.79421595560680058     
  0.39666666666666667      -0.72576419794337554     
  0.40000000000000002      -0.64054678146951494     
  0.40333333333333338      -0.53669700700981215     
  0.40666666666666668      -0.41293800682076531     
  0.41000000000000003      -0.26888838158924344     
  0.41333333333333339      -0.10537162940767289     
  0.41666666666666669        7.5310902055865298E-002
  0.42000000000000004       0.26919270212720015     
  0.42333333333333334       0.47059314093377180     
  0.42666666666666669       0.67225511913139280     
  0.43000000000000005       0.86570307100625010     
  0.43333333333333335        1.0418299384874636     
  0.43666666666666670        1.1916874399671968     
  0.44000000000000000        1.3074144151961782     
  0.44333333333333336        1.3831995192924955     
  0.44666666666666671        1.4161450211338424     
  0.45000000000000001        1.4068862245218572     
  0.45333333333333337        1.3598328612070498     
  0.45666666666666672        1.2829379778272338     
  0.46000000000000002        1.1869644201005922     
  0.46333333333333337        1.0843010204376760     
  0.46666666666666667       0.98746644593168487     
  0.47000000000000003       0.90751119397199398     
  0.47333333333333338       0.85257002825755290     
  0.47666666666666668       0.82681473020133589     
  0.48000000000000004       0.83000478474385864     
  0.48333333333333334       0.85773649729772727     
  0.48666666666666669       0.90236505329033578     
  0.49000000000000005       0.95444387178891810     
  0.49333333333333335        1.0044196737311244     
  0.49666666666666670        1.0442654646373628     
  0.50000000000000000        1.0687429661211700     
  0.50333333333333341        1.0760621940956276     
  0.50666666666666671        1.0678340199699812     
  0.51000000000000001        1.0483633135689434     
  0.51333333333333342        1.0234703033069015     
  0.51666666666666672       0.99912261403889491     
  0.52000000000000002       0.98018731418903970     
  0.52333333333333332       0.96956557383538844     
  0.52666666666666673       0.96786549128791266     
  0.53000000000000003       0.97363009397531530     
  0.53333333333333333       0.98400392729318320     
  0.53666666666666674       0.99562703613038406     
  0.54000000000000004        1.0055117111363703     
  0.54333333333333333        1.0116896168831508     
  0.54666666666666675        1.0135010699947129     
  0.55000000000000004        1.0115070552245538     
  0.55333333333333334        1.0071059690460102     
  0.55666666666666675        1.0020037801148705     
  0.56000000000000005       0.99770347547452864     
  0.56333333333333335       0.99514833842806250     
  0.56666666666666665       0.99458889641110537     
  0.57000000000000006       0.99566854164068186     
  0.57333333333333336       0.99766128848870406     
  0.57666666666666666       0.99976323328703798     
  0.58000000000000007        1.0013420506600428     
  0.58333333333333337        1.0020798739073125     
  0.58666666666666667        1.0019898870827264     
  0.59000000000000008        1.0013294685647487     
  0.59333333333333338        1.0004598256964212     
  0.59666666666666668       0.99970798395132865     
  0.60000000000000009       0.99927389705718495     
  0.60333333333333339       0.99920134576451025     
  0.60666666666666669       0.99940635144404122     
  0.60999999999999999       0.99973950754766649     
  0.61333333333333340        1.0000531081892707     
  0.61666666666666670        1.0002495096325950     
  0.62000000000000000        1.0002994031514740     
  0.62333333333333341        1.0002318358188245     
  0.62666666666666671        1.0001070808572545     
  0.63000000000000000       0.99998650067711115     
  0.63333333333333341       0.99991080604284355     
  0.63666666666666671       0.99989202117804810     
  0.64000000000000001       0.99991807798313503     
  0.64333333333333342       0.99996469333586824     
  0.64666666666666672        1.0000080478473630     
  0.65000000000000002        1.0000333648054662     
  0.65333333333333332        1.0000374513768766     
  0.65666666666666673        1.0000261064480664     
  0.66000000000000003        1.0000089704450903     
  0.66333333333333333       0.99999458355559456     
  0.66666666666666674       0.99998748420972416     
  0.67000000000000004       0.99998781510289148     
  0.67333333333333334       0.99999277491037708     
  0.67666666666666675       0.99999873738866929     
  0.68000000000000005        1.0000029752618502     
  0.68333333333333335        1.0000044320527381     
  0.68666666666666676        1.0000035534170473     
  0.69000000000000006        1.0000015682861438     
  0.69333333333333336       0.99999970398214655     
  0.69666666666666666       0.99999868182405016     
  0.70000000000000007       0.99999860394627815     
  0.70333333333333337       0.99999913979115995     
  0.70666666666666667       0.99999982644639229     
  0.71000000000000008        1.0000003143705538     
  0.71333333333333337        1.0000004734923671     
  0.71666666666666667        1.0000003653494649     
  0.72000000000000008        1.0000001429042802     
  0.72333333333333338       0.99999994864752584     
  0.72666666666666668       0.99999985629466714     
  0.73000000000000009       0.99999986527775364     
  0.73333333333333339       0.99999993032583701     
  0.73666666666666669       0.99999999943069307     
  0.74000000000000010        1.0000000398899878     
  0.74333333333333340        1.0000000453048390     
  0.74666666666666670        1.0000000278302024     
  0.75000000000000000        1.0000000050552407     
  0.75333333333333341       0.99999998968799986     
  0.75666666666666671       0.99999998569356985     
  0.76000000000000001       0.99999999007919416     
  0.76333333333333342       0.99999999719788235     
  0.76666666666666672        1.0000000025157076     
  0.77000000000000002        1.0000000042791193     
  0.77333333333333343        1.0000000031536633     
  0.77666666666666673        1.0000000008418131     
  0.78000000000000003       0.99999999875189594     
  0.78333333333333344       0.99999999729828881     
  0.78666666666666674       0.99999999581985222     
  0.79000000000000004       0.99999999271942930     
  0.79333333333333333       0.99999998531448508     
  0.79666666666666675       0.99999996891590492     
  0.80000000000000004       0.99999993461071635     
  0.80333333333333334       0.99999986492118942     
  0.80666666666666675       0.99999972578499940     
  0.81000000000000005       0.99999945196764273     
  0.81333333333333335       0.99999892079213837     
  0.81666666666666676       0.99999790546671363     
  0.82000000000000006       0.99999599354041324     
  0.82333333333333336       0.99999244699321010     
  0.82666666666666677       0.99998596662073236     
  0.83000000000000007       0.99997430268340437     
  0.83333333333333337       0.99995362377648123     
  0.83666666666666667       0.99991751373775017     
  0.84000000000000008       0.99985540936518491     
  0.84333333333333338       0.99975021769133321     
  0.84666666666666668       0.99957476030235404     
  0.85000000000000009       0.99928658692723504     
  0.85333333333333339       0.99882059018107294     
  0.85666666666666669       0.99807875518349864     
  0.86000000000000010       0.99691632009078690     
  0.86333333333333340       0.99512364782699492     
  0.86666666666666670       0.99240327052238475     
  0.87000000000000011       0.98834193240165136     
  0.87333333333333341       0.98237809385231978     
  0.87666666666666671       0.97376632915091632     
  0.88000000000000000       0.96154138267112499     
  0.88333333333333341       0.94448631617726853     
  0.88666666666666671       0.92111106838032353     
  0.89000000000000001       0.88964962679794435     
  0.89333333333333342       0.84808551724995884     
  0.89666666666666672       0.79421595560684510     
  0.90000000000000002       0.72576419794340208     
  0.90333333333333343       0.64054678146951793     
  0.90666666666666673       0.53669700700980205     
  0.91000000000000003       0.41293800682075454     
  0.91333333333333344       0.26888838158923845     
  0.91666666666666674       0.10537162940767350     
  0.92000000000000004       -7.5310902055862383E-002
  0.92333333333333334      -0.26919270212719787     
  0.92666666666666675      -0.47059314093377114     
  0.93000000000000005      -0.67225511913139335     
  0.93333333333333335      -0.86570307100625077     
  0.93666666666666676       -1.0418299384874643     
  0.94000000000000006       -1.1916874399671971     
  0.94333333333333336       -1.3074144151961784     
  0.94666666666666677       -1.3831995192924960     
  0.95000000000000007       -1.4161450211338433     
  0.95333333333333337       -1.4068862245218579     
  0.95666666666666678       -1.3598328612070503     
  0.96000000000000008       -1.2829379778272338     
  0.96333333333333337       -1.1869644201005920     
  0.96666666666666667       -1.0843010204376757     
  0.97000000000000008      -0.98746644593168464     
  0.97333333333333338      -0.90751119397199398     
  0.97666666666666668      -0.85257002825755290     
  0.98000000000000009      -0.82681473020133589     
  0.98333333333333339      -0.83000478474385864     
  0.98666666666666669      -0.85773649729772761     
  0.99000000000000010      -0.90236505329033601     
  0.99333333333333340      -0.95444387178891832     
  0.99666666666666670       -1.0044196737311244     
