   0.0000000000000000        1.0853451900883970     
   3.3333333333333335E-003   1.0623385076389662     
   6.6666666666666671E-003   1.0346556405880936     
   1.0000000000000000E-002   1.0064114949900098     
   1.3333333333333334E-002  0.98137722721764920     
   1.6666666666666666E-002  0.96249995428261703     
   2.0000000000000000E-002  0.95156823135066015     
   2.3333333333333334E-002  0.94906515479011733     
   2.6666666666666668E-002  0.95422120419238454     
   3.0000000000000002E-002  0.96524774490258991     
   3.3333333333333333E-002  0.97970464703160720     
   3.6666666666666667E-002  0.99493631191546394     
   4.0000000000000001E-002   1.0085026710722469     
   4.3333333333333335E-002   1.0185365474529415     
   4.6666666666666669E-002   1.0239750074253420     
   5.0000000000000003E-002   1.0246368032000250     
   5.3333333333333337E-002   1.0211460835304340     
   5.6666666666666671E-002   1.0147290500528436     
   6.0000000000000005E-002   1.0069304087331330     
   6.3333333333333339E-002  0.99930690529672117     
   6.6666666666666666E-002  0.99315451052365455     
   7.0000000000000007E-002  0.98931470847503100     
   7.3333333333333334E-002  0.98808658932623139     
   7.6666666666666675E-002  0.98924916551345443     
   8.0000000000000002E-002  0.99217709297806045     
   8.3333333333333343E-002  0.99601688243483666     
   8.6666666666666670E-002  0.99988252181429282     
   9.0000000000000011E-002   1.0030301842465028     
   9.3333333333333338E-002   1.0049804422789281     
   9.6666666666666679E-002   1.0055706335305341     
  0.10000000000000001        1.0049362642261759     
  0.10333333333333335        1.0034350003339858     
  0.10666666666666667        1.0015369442528426     
  0.11000000000000000       0.99970883944863975     
  0.11333333333333334       0.99831741383092032     
  0.11666666666666667       0.99756951369163382     
  0.12000000000000001       0.99749625144598841     
  0.12333333333333334       0.99797774974523235     
  0.12666666666666668       0.99879662083976073     
  0.13000000000000000       0.99970370351794591     
  0.13333333333333333        1.0004793457629153     
  0.13666666666666669        1.0009771385845418     
  0.14000000000000001        1.0011431083422018     
  0.14333333333333334        1.0010101832325993     
  0.14666666666666667        1.0006735532461648     
  0.15000000000000002        1.0002561042499079     
  0.15333333333333335       0.99987390397181408     
  0.15666666666666668       0.99960997858504819     
  0.16000000000000000       0.99950116339467743     
  0.16333333333333333       0.99953876461281344     
  0.16666666666666669       0.99968023382529891     
  0.17000000000000001       0.99986683542935872     
  0.17333333333333334        1.0000417219780056     
  0.17666666666666667        1.0001637852767076     
  0.18000000000000002        1.0002146146558684     
  0.18333333333333335        1.0001981818477670     
  0.18666666666666668        1.0001348292576042     
  0.19000000000000000        1.0000523103681995     
  0.19333333333333336       0.99997685162260641     
  0.19666666666666668       0.99992659320243837     
  0.20000000000000001       0.99990864395713319     
  0.20333333333333334       0.99991975534882127     
  0.20666666666666669       0.99994963745914556     
  0.21000000000000002       0.99998542763669951     
  0.21333333333333335        1.0000158272752775     
  0.21666666666666667        1.0000338384162899     
  0.22000000000000000        1.0000376582763475     
  0.22333333333333336        1.0000299058052959     
  0.22666666666666668        1.0000157869058786     
  0.23000000000000001        1.0000009690546146     
  0.23333333333333334       0.99998984205282671     
  0.23666666666666669       0.99998457279668551     
  0.24000000000000002       0.99998503513197945     
  0.24333333333333335       0.99998941991209600     
  0.24666666666666667       0.99999517541739391     
  0.25000000000000000       0.99999991287506851     
  0.25333333333333335        1.0000020083849097     
  0.25666666666666671        1.0000007857798572     
  0.26000000000000001       0.99999631467474404     
  0.26333333333333336       0.99998895869557369     
  0.26666666666666666       0.99997884052994912     
  0.27000000000000002       0.99996535871927306     
  0.27333333333333337       0.99994681982695421     
  0.27666666666666667       0.99992016894218638     
  0.28000000000000003       0.99988073690995305     
  0.28333333333333333       0.99982188801074290     
  0.28666666666666668       0.99973444753633467     
  0.29000000000000004       0.99960580510659258     
  0.29333333333333333       0.99941861248176889     
  0.29666666666666669       0.99914901136486700     
  0.30000000000000004       0.99876433022063771     
  0.30333333333333334       0.99822017952501263     
  0.30666666666666670       0.99745685821463226     
  0.31000000000000000       0.99639497000139710     
  0.31333333333333335       0.99493014678341807     
  0.31666666666666671       0.99292679612700541     
  0.32000000000000001       0.99021083660116982     
  0.32333333333333336       0.98656146199198491     
  0.32666666666666666       0.98170208467081688     
  0.33000000000000002       0.97529075001938870     
  0.33333333333333337       0.96691048706554850     
  0.33666666666666667       0.95606026265898136     
  0.34000000000000002       0.94214743144904223     
  0.34333333333333338       0.92448281007412492     
  0.34666666666666668       0.90227973263382610     
  0.35000000000000003       0.87465863869542748     
  0.35333333333333333       0.84065886942833257     
  0.35666666666666669       0.79925935958028371     
  0.36000000000000004       0.74940976642959278     
  0.36333333333333334       0.69007322561788553     
  0.36666666666666670       0.62028132873249187     
  0.37000000000000005       0.53920105399557949     
  0.37333333333333335       0.44621224787378744     
  0.37666666666666671       0.34099288216998946     
  0.38000000000000000       0.22360776809864366     
  0.38333333333333336        9.4594810559799278E-002
  0.38666666666666671       -4.4958607683230407E-002
  0.39000000000000001      -0.19335771091896387     
  0.39333333333333337      -0.34827014029087694     
  0.39666666666666667      -0.50673263631375520     
  0.40000000000000002      -0.66520265980723847     
  0.40333333333333338      -0.81966081021666570     
  0.40666666666666668      -0.96576651560848925     
  0.41000000000000003       -1.0990649857489092     
  0.41333333333333339       -1.2152380788944657     
  0.41666666666666669       -1.3103859471445438     
  0.42000000000000004       -1.3813206701441247     
  0.42333333333333334       -1.4258482646212127     
  0.42666666666666669       -1.4430122310336415     
  0.43000000000000005       -1.4332709019101357     
  0.43333333333333335       -1.3985828828225659     
  0.43666666666666670       -1.3423801637154180     
  0.44000000000000000       -1.2694170013107220     
  0.44333333333333336       -1.1854939713908488     
  0.44666666666666671       -1.0970697392837074     
  0.45000000000000001       -1.0107867511792512     
  0.45333333333333337      -0.93294955127792212     
  0.45666666666666672      -0.86900399727453737     
  0.46000000000000002      -0.82307060961036871     
  0.46333333333333337      -0.79758435867585697     
  0.46666666666666667      -0.79308571463180333     
  0.47000000000000003      -0.80819393744617629     
  0.47333333333333338      -0.83977448516705400     
  0.47666666666666668      -0.88329008140375287     
  0.48000000000000004      -0.93330213856695443     
  0.48333333333333334      -0.98406899856498342     
  0.48666666666666669       -1.0301728937503154     
  0.49000000000000005       -1.0671011764905960     
  0.49333333333333335       -1.0917107467691325     
  0.49666666666666670       -1.1025179088880157     
  0.50000000000000000       -1.0997777887467346     
  0.50333333333333341       -1.0853451900881725     
  0.50666666666666671       -1.0623385076378411     
  0.51000000000000001       -1.0346556405868919     
  0.51333333333333342       -1.0064114949892693     
  0.51666666666666672      -0.98137722721750409     
  0.52000000000000002      -0.96249995428289603     
  0.52333333333333332      -0.95156823135107749     
  0.52666666666666673      -0.94906515479044029     
  0.53000000000000003      -0.95422120419251188     
  0.53333333333333333      -0.96524774490254517     
  0.53666666666666674      -0.97970464703147875     
  0.54000000000000004      -0.99493631191534115     
  0.54333333333333333       -1.0085026710721814     
  0.54666666666666675       -1.0185365474529393     
  0.55000000000000004       -1.0239750074253788     
  0.55333333333333334       -1.0246368032000688     
  0.55666666666666675       -1.0211460835304629     
  0.56000000000000005       -1.0147290500528503     
  0.56333333333333335       -1.0069304087331237     
  0.56666666666666665      -0.99930690529670629     
  0.57000000000000006      -0.99315451052364268     
  0.57333333333333336      -0.98931470847502567     
  0.57666666666666666      -0.98808658932623217     
  0.58000000000000007      -0.98924916551345798     
  0.58333333333333337      -0.99217709297806400     
  0.58666666666666667      -0.99601688243483866     
  0.59000000000000008      -0.99988252181429271     
  0.59333333333333338       -1.0030301842465013     
  0.59666666666666668       -1.0049804422789268     
  0.60000000000000009       -1.0055706335305334     
  0.60333333333333339       -1.0049362642261763     
  0.60666666666666669       -1.0034350003339865     
  0.60999999999999999       -1.0015369442528437     
  0.61333333333333340      -0.99970883944864097     
  0.61666666666666670      -0.99831741383092132     
  0.62000000000000000      -0.99756951369163449     
  0.62333333333333341      -0.99749625144598886     
  0.62666666666666671      -0.99797774974523235     
  0.63000000000000000      -0.99879662083976006     
  0.63333333333333341      -0.99970370351794402     
  0.63666666666666671       -1.0004793457629111     
  0.64000000000000001       -1.0009771385845332     
  0.64333333333333342       -1.0011431083421838     
  0.64666666666666672       -1.0010101832325635     
  0.65000000000000002       -1.0006735532460940     
  0.65333333333333332       -1.0002561042497689     
  0.65666666666666673      -0.99987390397154208     
  0.66000000000000003      -0.99960997858452061     
  0.66333333333333333      -0.99950116339366168     
  0.66666666666666674      -0.99953876461087077     
  0.67000000000000004      -0.99968023382160975     
  0.67333333333333334      -0.99986683542240162     
  0.67666666666666675       -1.0000417219649778     
  0.68000000000000005       -1.0001637852524843     
  0.68333333333333335       -1.0002146146111468     
  0.68666666666666676       -1.0001981817657857     
  0.69000000000000006       -1.0001348291083876     
  0.69333333333333336       -1.0000523100985377     
  0.69666666666666666      -0.99997685113874579     
  0.70000000000000007      -0.99992659234042713     
  0.70333333333333337      -0.99990864243240374     
  0.70666666666666667      -0.99991975267116651     
  0.71000000000000008      -0.99994963279048699     
  0.71333333333333337      -0.99998541955506715     
  0.71666666666666667       -1.0000158133863564     
  0.72000000000000008       -1.0000338147193160     
  0.72333333333333338       -1.0000376181375716     
  0.72666666666666668       -1.0000298383099966     
  0.73000000000000009       -1.0000156742349720     
  0.73333333333333339       -1.0000007823440280     
  0.73666666666666669      -0.99998953491426201     
  0.74000000000000010      -0.99998407126697997     
  0.74333333333333340      -0.99998422221951122     
  0.74666666666666670      -0.99998811204729476     
  0.75000000000000000      -0.99999308688999389     
  0.75333333333333341      -0.99999660262183321     
  0.75666666666666671      -0.99999680110971367     
  0.76000000000000001      -0.99999265613238908     
  0.76333333333333342      -0.99998371882807402     
  0.76666666666666672      -0.99996959184422940     
  0.77000000000000002      -0.99994929123785881     
  0.77333333333333343      -0.99992062131707915     
  0.77666666666666673      -0.99987961383412982     
  0.78000000000000003      -0.99981999947027567     
  0.78333333333333344      -0.99973261201650820     
  0.78666666666666674      -0.99960458807577657     
  0.79000000000000004      -0.99941821834354638     
  0.79333333333333333      -0.99914932137843560     
  0.79666666666666675      -0.99876503381369297     
  0.80000000000000004      -0.99822093044277826     
  0.80333333333333334      -0.99745739765384500     
  0.80666666666666675      -0.99639518568794927     
  0.81000000000000005      -0.99493006670901607     
  0.81333333333333335      -0.99292653768115746     
  0.81666666666666676      -0.99021054085495641     
  0.82000000000000006      -0.98656123942243901     
  0.82333333333333336      -0.98170198725664504     
  0.82666666666666677      -0.97529077142388310     
  0.83000000000000007      -0.96691058257301732     
  0.83333333333333337      -0.95606037620322204     
  0.83666666666666667      -0.94214751834248955     
  0.84000000000000008      -0.92448284888539456     
  0.84333333333333338      -0.90227972536708956     
  0.84666666666666668      -0.87465860275506235     
  0.85000000000000009      -0.84065882668521363     
  0.85333333333333339      -0.79925932727312032     
  0.85666666666666669      -0.74940975255062703     
  0.86000000000000010      -0.69007322903151624     
  0.86333333333333340      -0.62028134251024036     
  0.86666666666666670      -0.53920106976543281     
  0.87000000000000011      -0.44621225929930292     
  0.87333333333333341      -0.34099288657674620     
  0.87666666666666671      -0.22360776624660406     
  0.88000000000000000       -9.4594805237246754E-002
  0.88333333333333341        4.4958613350508707E-002
  0.88666666666666671       0.19335771472918148     
  0.89000000000000001       0.34827014147153396     
  0.89333333333333342       0.50673263532969881     
  0.89666666666666672       0.66520265777141518     
  0.90000000000000002       0.81966080825486931     
  0.90333333333333343       0.96576651443207240     
  0.90666666666666673        1.0990649855276338     
  0.91000000000000003        1.2152380793775057     
  0.91333333333333344        1.3103859479004067     
  0.91666666666666674        1.3813206707877725     
  0.92000000000000004        1.4258482649456028     
  0.92333333333333334        1.4430122310274971     
  0.92666666666666675        1.4332709016939134     
  0.93000000000000005        1.3985828825555064     
  0.93333333333333335        1.3423801635198602     
  0.93666666666666676        1.2694170012373129     
  0.94000000000000006        1.1854939714241128     
  0.94333333333333336        1.0970697393717106     
  0.94666666666666677        1.0107867512671855     
  0.95000000000000007       0.93294955133089774     
  0.95333333333333337       0.86900399728430344     
  0.95666666666666678       0.82307060958897316     
  0.96000000000000008       0.79758435864343635     
  0.96333333333333337       0.79308571460552080     
  0.96666666666666667       0.80819393743436996     
  0.97000000000000008       0.83977448516909503     
  0.97333333333333338       0.88329008141360710     
  0.97666666666666668       0.93330213857764799     
  0.98000000000000009       0.98406899857181240     
  0.98333333333333339        1.0301728937519350     
  0.98666666666666669        1.0671011764883205     
  0.99000000000000010        1.0917107467653926     
  0.99333333333333340        1.1025179088849273     
  0.99666666666666670        1.0997777887453357     
