   0.0000000000000000       0.99973152927957709     
   3.3333333333333335E-003  0.99986285254642659     
   6.6666666666666671E-003  0.99999712064855606     
   1.0000000000000000E-002   1.0000965501789738     
   1.3333333333333334E-002   1.0001425024581330     
   1.6666666666666666E-002   1.0001360491816906     
   2.0000000000000000E-002   1.0000928167948548     
   2.3333333333333334E-002   1.0000349074534629     
   2.6666666666666668E-002  0.99998291207699552     
   3.0000000000000002E-002  0.99995031825737712     
   3.3333333333333333E-002  0.99994138147080736     
   3.6666666666666667E-002  0.99995225285686773     
   4.0000000000000001E-002  0.99997423305394506     
   4.3333333333333335E-002  0.99999765120179729     
   4.6666666666666669E-002   1.0000150401844599     
   5.0000000000000003E-002   1.0000228175785906     
   5.3333333333333337E-002   1.0000213358434853     
   5.6666666666666671E-002   1.0000137043761221     
   6.0000000000000005E-002   1.0000040681048152     
   6.3333333333333339E-002  0.99999602439814683     
   6.6666666666666666E-002  0.99999164172067645     
   7.0000000000000007E-002  0.99999123198778350     
   7.3333333333333334E-002  0.99999374722427858     
   7.6666666666666675E-002  0.99999750366423223     
   8.0000000000000002E-002   1.0000009088945687     
   8.3333333333333343E-002   1.0000029535707777     
   8.6666666666666670E-002   1.0000033711207821     
   9.0000000000000011E-002   1.0000025049955055     
   9.3333333333333338E-002   1.0000010093132448     
   9.6666666666666679E-002  0.99999952920367841     
  0.10000000000000001       0.99999847227522265     
  0.10333333333333335       0.99999791900437840     
  0.10666666666666667       0.99999765684853625     
  0.11000000000000000       0.99999728172735247     
  0.11333333333333334       0.99999629896417774     
  0.11666666666666667       0.99999416892950133     
  0.12000000000000001       0.99999026796838764     
  0.12333333333333334       0.99998375899923919     
  0.12666666666666668       0.99997337862805147     
  0.13000000000000000       0.99995714515676382     
  0.13333333333333333       0.99993197658496569     
  0.13666666666666669       0.99989318494548662     
  0.14000000000000001       0.99983378871427975     
  0.14333333333333334       0.99974356238116013     
  0.14666666666666667       0.99960772274240461     
  0.15000000000000002       0.99940513424992328     
  0.15333333333333335       0.99910589939978289     
  0.15666666666666668       0.99866818419633863     
  0.16000000000000000       0.99803411481601900     
  0.16333333333333333       0.99712457392440901     
  0.16666666666666669       0.99583273031568897     
  0.17000000000000001       0.99401616216733457     
  0.17333333333333334       0.99148749188016028     
  0.17666666666666667       0.98800354912521560     
  0.18000000000000002       0.98325322756208411     
  0.18333333333333335       0.97684440697621366     
  0.18666666666666668       0.96829057986123712     
  0.19000000000000000       0.95699814733764232     
  0.19333333333333336       0.94225572264430602     
  0.19666666666666668       0.92322717854827885     
  0.20000000000000001       0.89895056098972725     
  0.20333333333333334       0.86834531247172830     
  0.20666666666666669       0.83023043701110677     
  0.21000000000000002       0.78335621324997240     
  0.21333333333333335       0.72645173675573449     
  0.21666666666666667       0.65828986377627108     
  0.22000000000000000       0.57776997198102076     
  0.22333333333333336       0.48401731948633542     
  0.22666666666666668       0.37649569629707902     
  0.23000000000000001       0.25512761873442186     
  0.23333333333333334       0.12041369948368585     
  0.23666666666666669       -2.6459693894080989E-002
  0.24000000000000002      -0.18353744548913600     
  0.24333333333333335      -0.34805151499483500     
  0.24666666666666667      -0.51642963255185359     
  0.25000000000000000      -0.68436913467991767     
  0.25333333333333335      -0.84698447478230021     
  0.25666666666666671      -0.99903117902933269     
  0.26000000000000001       -1.1352014262207069     
  0.26333333333333336       -1.2504775246955195     
  0.26666666666666666       -1.3405201896734904     
  0.27000000000000002       -1.4020598342278767     
  0.27333333333333337       -1.4332524155412001     
  0.27666666666666667       -1.4339581000751918     
  0.28000000000000003       -1.4059023283390646     
  0.28333333333333333       -1.3526855656730625     
  0.28666666666666668       -1.2796202810629762     
  0.29000000000000004       -1.1933908591892421     
  0.29333333333333333       -1.1015527029405903     
  0.29666666666666669       -1.0119083914126219     
  0.30000000000000004      -0.93181849209141832     
  0.30333333333333334      -0.86751932660441466     
  0.30666666666666670      -0.82352675168411127     
  0.31000000000000000      -0.80220172008355506     
  0.31333333333333335      -0.80353918423401949     
  0.31666666666666671      -0.82521757647358984     
  0.32000000000000001      -0.86291416134456089     
  0.32333333333333336      -0.91085608420496678     
  0.32666666666666666      -0.96254307870617928     
  0.33000000000000002       -1.0115509919685639     
  0.33333333333333337       -1.0523103736065329     
  0.33666666666666667       -1.0807546442399649     
  0.34000000000000002       -1.0947488087533279     
  0.34333333333333338       -1.0942406091163597     
  0.34666666666666668       -1.0811170865938526     
  0.35000000000000003       -1.0587943491399647     
  0.35333333333333333       -1.0316094864925971     
  0.35666666666666669       -1.0041138898928845     
  0.36000000000000004      -0.98038120078503077     
  0.36333333333333334      -0.96343799208564407     
  0.36666666666666670      -0.95490176567016172     
  0.37000000000000005      -0.95487305725333216     
  0.37333333333333335      -0.96208325284519125     
  0.37666666666666671      -0.97425549251213028     
  0.38000000000000000      -0.98860096901385264     
  0.38333333333333336       -1.0023534266072045     
  0.38666666666666671       -1.0132440285113138     
  0.39000000000000001       -1.0198365042253248     
  0.39333333333333337       -1.0216744543453586     
  0.39666666666666667       -1.0192319571324477     
  0.40000000000000002       -1.0136969950819656     
  0.40333333333333338       -1.0066470042791384     
  0.40666666666666668      -0.99969147736747277     
  0.41000000000000003      -0.99415571737242747     
  0.41333333333333339      -0.99086387701210143     
  0.41666666666666669      -0.99005284147208938     
  0.42000000000000004      -0.99141785635249957     
  0.42333333333333334      -0.99426304172458613     
  0.42666666666666669      -0.99771087586204088     
  0.43000000000000005       -1.0009177661648514     
  0.43333333333333335       -1.0032483060126958     
  0.43666666666666670       -1.0043762146186668     
  0.44000000000000000       -1.0043006837045287     
  0.44333333333333336       -1.0032875282850269     
  0.44666666666666671       -1.0017603460687279     
  0.45000000000000001       -1.0001746976468664     
  0.45333333333333337      -0.99890727274393853     
  0.45666666666666672      -0.99818350420920932     
  0.46000000000000002      -0.99805419083306568     
  0.46333333333333337      -0.99841815959544189     
  0.46666666666666667      -0.99907727616991959     
  0.47000000000000003      -0.99980447132073025     
  0.47333333333333338       -1.0004055564241519     
  0.47666666666666668       -1.0007605487272293     
  0.48000000000000004       -1.0008379865290482     
  0.48333333333333334       -1.0006838226842230     
  0.48666666666666669       -1.0003927618124404     
  0.49000000000000005       -1.0000730005604996     
  0.49333333333333335      -0.99981496024730632     
  0.49666666666666670      -0.99967147023464165     
  0.50000000000000000      -0.99965230788036297     
  0.50333333333333341      -0.99973152927957332     
  0.50666666666666671      -0.99986285254641882     
  0.51000000000000001      -0.99999712064853952     
  0.51333333333333342       -1.0000965501789396     
  0.51666666666666672       -1.0001425024580608     
  0.52000000000000002       -1.0001360491815419     
  0.52333333333333332       -1.0000928167945486     
  0.52666666666666673       -1.0000349074528363     
  0.53000000000000003      -0.99998291207572343     
  0.53333333333333333      -0.99995031825481362     
  0.53666666666666674      -0.99994138146568490     
  0.54000000000000004      -0.99995225284671774     
  0.54333333333333333      -0.99997423303400312     
  0.54666666666666675      -0.99999765116294892     
  0.55000000000000004       -1.0000150401094225     
  0.55333333333333334       -1.0000228174348846     
  0.55666666666666675       -1.0000213355706093     
  0.56000000000000005       -1.0000137038623780     
  0.56333333333333335       -1.0000040671458186     
  0.56666666666666665      -0.99999602262325049     
  0.57000000000000006      -0.99999163846372219     
  0.57333333333333336      -0.99999122606223423     
  0.57666666666666666      -0.99999373653572721     
  0.58000000000000007      -0.99999748454912873     
  0.58333333333333337       -1.0000008750027027     
  0.58666666666666667       -1.0000028939952395     
  0.59000000000000008       -1.0000032672996080     
  0.59333333333333338       -1.0000023256294415     
  0.59666666666666668       -1.0000007021133908     
  0.60000000000000009      -0.99999900762820249     
  0.60333333333333339      -0.99999759443232683     
  0.60666666666666669      -0.99999645444525675     
  0.60999999999999999      -0.99999523485274022     
  0.61333333333333340      -0.99999331163175842     
  0.61666666666666670      -0.99998984876452390     
  0.62000000000000000      -0.99998378235866758     
  0.62333333333333341      -0.99997369200003761     
  0.62666666666666671      -0.99995754261881331     
  0.63000000000000000      -0.99993228906509091     
  0.63333333333333341      -0.99989332887218596     
  0.63666666666666671      -0.99983376851040884     
  0.64000000000000001      -0.99974344034188345     
  0.64333333333333342      -0.99960757752599272     
  0.64666666666666672      -0.99940502677060428     
  0.65000000000000002      -0.99910585630207538     
  0.65333333333333332      -0.99866819937830464     
  0.65666666666666673      -0.99803416261085109     
  0.66000000000000003      -0.99712462523399004     
  0.66333333333333333      -0.99583276467796289     
  0.66666666666666674      -0.99401617254202190     
  0.67000000000000004      -0.99148748274440479     
  0.67333333333333334      -0.98800353082694692     
  0.67666666666666675      -0.98325321034231694     
  0.68000000000000005      -0.97684439707026305     
  0.68333333333333335      -0.96829057848314326     
  0.68666666666666676      -0.95699815196300198     
  0.69000000000000006      -0.94225572930651025     
  0.69333333333333336      -0.92322718390060832     
  0.69666666666666666      -0.89895056340235213     
  0.70000000000000007      -0.86834531206448473     
  0.70333333333333337      -0.83023043497993754     
  0.70666666666666667      -0.78335621100319641     
  0.71000000000000008      -0.72645173527323337     
  0.71333333333333337      -0.65828986337066986     
  0.71666666666666667      -0.57776997241450145     
  0.72000000000000008      -0.48401732026862487     
  0.72333333333333338      -0.37649569697808266     
  0.72666666666666668      -0.25512761907361159     
  0.73000000000000009      -0.12041369947124325     
  0.73333333333333339        2.6459694119141286E-002
  0.73666666666666669       0.18353744575225017     
  0.74000000000000010       0.34805151517188687     
  0.74333333333333340       0.51642963260200658     
  0.74666666666666670       0.68436913463120475     
  0.75000000000000000       0.84698447469362470     
  0.75333333333333341       0.99903117895377291     
  0.75666666666666671        1.1352014261852155     
  0.76000000000000001        1.2504775246994932     
  0.76333333333333342        1.3405201896996768     
  0.76666666666666672        1.4020598342562423     
  0.77000000000000002        1.4332524155586490     
  0.77333333333333343        1.4339581000785218     
  0.77666666666666673        1.4059023283324741     
  0.78000000000000003        1.3526855656634060     
  0.78333333333333344        1.2796202810557142     
  0.78666666666666674        1.1933908591865969     
  0.79000000000000004        1.1015527029418559     
  0.79333333333333333        1.0119083914156475     
  0.79666666666666675       0.93181849209414191     
  0.80000000000000004       0.86751932660574649     
  0.80333333333333334       0.82352675168402789     
  0.80666666666666675       0.80220172008267743     
  0.81000000000000005       0.80353918423307136     
  0.81333333333333335       0.82521757647302840     
  0.81666666666666676       0.86291416134447940     
  0.82000000000000006       0.91085608420520170     
  0.82333333333333336       0.96254307870649058     
  0.82666666666666677        1.0115509919687766     
  0.83000000000000007        1.0523103736065906     
  0.83333333333333337        1.0807546442399065     
  0.83666666666666667        1.0947488087532293     
  0.84000000000000008        1.0942406091162835     
  0.84333333333333338        1.0811170865938247     
  0.84666666666666668        1.0587943491399772     
  0.85000000000000009        1.0316094864926268     
  0.85333333333333339        1.0041138898929098     
  0.85666666666666669       0.98038120078504154     
  0.86000000000000010       0.96343799208564129     
  0.86333333333333340       0.95490176567015217     
  0.86666666666666670       0.95487305725332294     
  0.87000000000000011       0.96208325284518603     
  0.87333333333333341       0.97425549251212906     
  0.87666666666666671       0.98860096901385341     
  0.88000000000000000        1.0023534266072049     
  0.88333333333333341        1.0132440285113131     
  0.88666666666666671        1.0198365042253232     
  0.89000000000000001        1.0216744543453569     
  0.89333333333333342        1.0192319571324464     
  0.89666666666666672        1.0136969950819652     
  0.90000000000000002        1.0066470042791387     
  0.90333333333333343       0.99969147736747355     
  0.90666666666666673       0.99415571737242847     
  0.91000000000000003       0.99086387701210221     
  0.91333333333333344       0.99005284147208983     
  0.91666666666666674       0.99141785635249990     
  0.92000000000000004       0.99426304172458646     
  0.92333333333333334       0.99771087586204144     
  0.92666666666666675        1.0009177661648521     
  0.93000000000000005        1.0032483060126967     
  0.93333333333333335        1.0043762146186670     
  0.93666666666666676        1.0043006837045285     
  0.94000000000000006        1.0032875282850267     
  0.94333333333333336        1.0017603460687279     
  0.94666666666666677        1.0001746976468662     
  0.95000000000000007       0.99890727274393820     
  0.95333333333333337       0.99818350420920876     
  0.95666666666666678       0.99805419083306524     
  0.96000000000000008       0.99841815959544133     
  0.96333333333333337       0.99907727616991893     
  0.96666666666666667       0.99980447132072958     
  0.97000000000000008        1.0004055564241514     
  0.97333333333333338        1.0007605487272293     
  0.97666666666666668        1.0008379865290482     
  0.98000000000000009        1.0006838226842230     
  0.98333333333333339        1.0003927618124404     
  0.98666666666666669        1.0000730005604999     
  0.99000000000000010       0.99981496024730687     
  0.99333333333333340       0.99967147023464276     
  0.99666666666666670       0.99965230788036497     
