   0.0000000000000000       -1.0000000019844428     
   3.3333333333333335E-003  -1.0000000006489844     
   6.6666666666666671E-003 -0.99999999964948394     
   1.0000000000000000E-002 -0.99999999939751083     
   1.3333333333333334E-002 -0.99999999964103203     
   1.6666666666666666E-002 -0.99999999996654532     
   2.0000000000000000E-002  -1.0000000001336793     
   2.3333333333333334E-002  -1.0000000001278067     
   2.6666666666666668E-002  -1.0000000000474183     
   3.0000000000000002E-002 -0.99999999998274047     
   3.3333333333333333E-002 -0.99999999996481626     
   3.6666666666666667E-002 -0.99999999997869726     
   4.0000000000000001E-002 -0.99999999999798372     
   4.3333333333333335E-002  -1.0000000000076072     
   4.6666666666666669E-002  -1.0000000000069860     
   5.0000000000000003E-002  -1.0000000000023164     
   5.3333333333333337E-002 -0.99999999999885791     
   5.6666666666666671E-002 -0.99999999999811784     
   6.0000000000000005E-002 -0.99999999999900857     
   6.3333333333333339E-002  -1.0000000000000187     
   6.6666666666666666E-002  -1.0000000000004279     
   7.0000000000000007E-002  -1.0000000000003202     
   7.3333333333333334E-002  -1.0000000000000675     
   7.6666666666666675E-002 -0.99999999999991929     
   8.0000000000000002E-002 -0.99999999999991096     
   8.3333333333333343E-002 -0.99999999999996225     
   8.6666666666666670E-002 -0.99999999999999223     
   9.0000000000000011E-002 -0.99999999999994571     
   9.3333333333333338E-002 -0.99999999999971800     
   9.6666666666666679E-002 -0.99999999999890476     
  0.10000000000000001      -0.99999999999605560     
  0.10333333333333335      -0.99999999998631972     
  0.10666666666666667      -0.99999999995415012     
  0.11000000000000000      -0.99999999985145505     
  0.11333333333333334      -0.99999999953451368     
  0.11666666666666667      -0.99999999858815747     
  0.12000000000000001      -0.99999999585250954     
  0.12333333333333334      -0.99999998819210056     
  0.12666666666666668      -0.99999996740159780     
  0.13000000000000000      -0.99999991268554500     
  0.13333333333333333      -0.99999977298500886     
  0.13666666666666669      -0.99999942681149268     
  0.14000000000000001      -0.99999859396746960     
  0.14333333333333334      -0.99999664792472254     
  0.14666666666666667      -0.99999223030560158     
  0.15000000000000002      -0.99998248527088196     
  0.15333333333333335      -0.99996159069605572     
  0.15666666666666668      -0.99991803768769483     
  0.16000000000000000      -0.99982977034160692     
  0.16333333333333333      -0.99965582011802046     
  0.16666666666666669      -0.99932245444702661     
  0.17000000000000001      -0.99870116070830139     
  0.17333333333333334      -0.99757514967647043     
  0.17666666666666667      -0.99559076545748659     
  0.18000000000000002      -0.99219067271284100     
  0.18333333333333335      -0.98652754840986234     
  0.18666666666666668      -0.97736089033760165     
  0.19000000000000000      -0.96294599152695382     
  0.19333333333333336      -0.94093318915231616     
  0.19666666666666668      -0.90830638496266758     
  0.20000000000000001      -0.86140049487039916     
  0.20333333333333334      -0.79604439535165672     
  0.20666666666666669      -0.70787434222210055     
  0.21000000000000002      -0.59284766587318705     
  0.21333333333333335      -0.44795405365404628     
  0.21666666666666667      -0.27207173722499656     
  0.22000000000000000       -6.6854028486897893E-002
  0.22333333333333336       0.16252939811789785     
  0.22666666666666668       0.40701322631281583     
  0.23000000000000001       0.65383538348397585     
  0.23333333333333334       0.88746983086957365     
  0.23666666666666669        1.0913225908918351     
  0.24000000000000002        1.2500411299107395     
  0.24333333333333335        1.3520908743953917     
  0.24666666666666667        1.3920932338193688     
  0.25000000000000000        1.3723568051348565     
  0.25333333333333335        1.3031135869979700     
  0.25666666666666671        1.2012069903588827     
  0.26000000000000001        1.0873320079730817     
  0.26333333333333336       0.98231605751179096     
  0.26666666666666666       0.90323829622995155     
  0.27000000000000002       0.86030676415692520     
  0.27333333333333337       0.85528197125577754     
  0.27666666666666667       0.88186298072294467     
  0.28000000000000003       0.92793097269376945     
  0.28333333333333333       0.97902940992176701     
  0.28666666666666668        1.0221148533168272     
  0.29000000000000004        1.0485568394090659     
  0.29333333333333333        1.0556240108102088     
  0.29666666666666669        1.0461835873741128     
  0.30000000000000004        1.0268968956769504     
  0.30333333333333334        1.0056267447889793     
  0.30666666666666670       0.98894159775342771     
  0.31000000000000000       0.98046478147989058     
  0.31333333333333335       0.98044510364972626     
  0.31666666666666671       0.98647009573022992     
  0.32000000000000001       0.99487509508587180     
  0.32333333333333336        1.0022424380192121     
  0.32666666666666666        1.0064653084832200     
  0.33000000000000002        1.0071059051145979     
  0.33333333333333337        1.0050847407227670     
  0.33666666666666667        1.0019721559460228     
  0.34000000000000002       0.99923808645856005     
  0.34333333333333338       0.99774761540449042     
  0.34666666666666668       0.99762597332910774     
  0.35000000000000003       0.99844290408287384     
  0.35333333333333333       0.99955476264896881     
  0.35666666666666669        1.0004241982832269     
  0.36000000000000004        1.0007967857655908     
  0.36333333333333334        1.0007070004047567     
  0.36666666666666670        1.0003645106916259     
  0.37000000000000005        1.0000062905868543     
  0.37333333333333335       0.99978791348140450     
  0.37666666666666671       0.99974725199712766     
  0.38000000000000000       0.99983160759214440     
  0.38333333333333336       0.99995445062723431     
  0.38666666666666671        1.0000462695707262     
  0.39000000000000001        1.0000789276787299     
  0.39333333333333337        1.0000621863726495     
  0.39666666666666667        1.0000242963996790     
  0.40000000000000002       0.99999161084808064     
  0.40333333333333338       0.99997710416616770     
  0.40666666666666668       0.99997975975707976     
  0.41000000000000003       0.99999085143291422     
  0.41333333333333339        1.0000013571690056     
  0.41666666666666669        1.0000064509441049     
  0.42000000000000004        1.0000060639936112     
  0.42333333333333334        1.0000028605332811     
  0.42666666666666669       0.99999971748678818     
  0.43000000000000005       0.99999818595342804     
  0.43333333333333335       0.99999829610633473     
  0.43666666666666670       0.99999922560523946     
  0.44000000000000000        1.0000001100346887     
  0.44333333333333336        1.0000005111668773     
  0.44666666666666671        1.0000004496804673     
  0.45000000000000001        1.0000001806148140     
  0.45333333333333337       0.99999994773247536     
  0.45666666666666672       0.99999985822774817     
  0.46000000000000002       0.99999988997601386     
  0.46333333333333337       0.99999996570146366     
  0.46666666666666667        1.0000000219997640     
  0.47000000000000003        1.0000000375449518     
  0.47333333333333338        1.0000000242666829     
  0.47666666666666668        1.0000000042319577     
  0.48000000000000004       0.99999999217623325     
  0.48333333333333334       0.99999999083091129     
  0.48666666666666669       0.99999999542391149     
  0.49000000000000005        1.0000000002289828     
  0.49333333333333335        1.0000000023594251     
  0.49666666666666670        1.0000000019844428     
  0.50000000000000000        1.0000000006489844     
  0.50333333333333341       0.99999999964948394     
  0.50666666666666671       0.99999999939751083     
  0.51000000000000001       0.99999999964103203     
  0.51333333333333342       0.99999999996654532     
  0.51666666666666672        1.0000000001336793     
  0.52000000000000002        1.0000000001278067     
  0.52333333333333332        1.0000000000474183     
  0.52666666666666673       0.99999999998274047     
  0.53000000000000003       0.99999999996481626     
  0.53333333333333333       0.99999999997869726     
  0.53666666666666674       0.99999999999798372     
  0.54000000000000004        1.0000000000076072     
  0.54333333333333333        1.0000000000069860     
  0.54666666666666675        1.0000000000023164     
  0.55000000000000004       0.99999999999885791     
  0.55333333333333334       0.99999999999811784     
  0.55666666666666675       0.99999999999900857     
  0.56000000000000005        1.0000000000000187     
  0.56333333333333335        1.0000000000004279     
  0.56666666666666665        1.0000000000003202     
  0.57000000000000006        1.0000000000000675     
  0.57333333333333336       0.99999999999991973     
  0.57666666666666666       0.99999999999991196     
  0.58000000000000007       0.99999999999996669     
  0.58333333333333337        1.0000000000000098     
  0.58666666666666667        1.0000000000000169     
  0.59000000000000008       0.99999999999999234     
  0.59333333333333338       0.99999999999992384     
  0.59666666666666668       0.99999999999970191     
  0.60000000000000009       0.99999999999890166     
  0.60333333333333339       0.99999999999605971     
  0.60666666666666669       0.99999999998632394     
  0.60999999999999999       0.99999999995415145     
  0.61333333333333340       0.99999999985145427     
  0.61666666666666670       0.99999999953451246     
  0.62000000000000000       0.99999999858815691     
  0.62333333333333341       0.99999999585250965     
  0.62666666666666671       0.99999998819210079     
  0.63000000000000000       0.99999996740159791     
  0.63333333333333341       0.99999991268554500     
  0.63666666666666671       0.99999977298500897     
  0.64000000000000001       0.99999942681149290     
  0.64333333333333342       0.99999859396746971     
  0.64666666666666672       0.99999664792472254     
  0.65000000000000002       0.99999223030560169     
  0.65333333333333332       0.99998248527088229     
  0.65666666666666673       0.99996159069605584     
  0.66000000000000003       0.99991803768769494     
  0.66333333333333333       0.99982977034160692     
  0.66666666666666674       0.99965582011802057     
  0.67000000000000004       0.99932245444702661     
  0.67333333333333334       0.99870116070830128     
  0.67666666666666675       0.99757514967647054     
  0.68000000000000005       0.99559076545748659     
  0.68333333333333335       0.99219067271284112     
  0.68666666666666676       0.98652754840986245     
  0.69000000000000006       0.97736089033760187     
  0.69333333333333336       0.96294599152695404     
  0.69666666666666666       0.94093318915231616     
  0.70000000000000007       0.90830638496266747     
  0.70333333333333337       0.86140049487039927     
  0.70666666666666667       0.79604439535165683     
  0.71000000000000008       0.70787434222210066     
  0.71333333333333337       0.59284766587318716     
  0.71666666666666667       0.44795405365404628     
  0.72000000000000008       0.27207173722499650     
  0.72333333333333338        6.6854028486897976E-002
  0.72666666666666668      -0.16252939811789777     
  0.73000000000000009      -0.40701322631281583     
  0.73333333333333339      -0.65383538348397574     
  0.73666666666666669      -0.88746983086957354     
  0.74000000000000010       -1.0913225908918354     
  0.74333333333333340       -1.2500411299107395     
  0.74666666666666670       -1.3520908743953917     
  0.75000000000000000       -1.3920932338193688     
  0.75333333333333341       -1.3723568051348565     
  0.75666666666666671       -1.3031135869979700     
  0.76000000000000001       -1.2012069903588827     
  0.76333333333333342       -1.0873320079730817     
  0.76666666666666672      -0.98231605751179096     
  0.77000000000000002      -0.90323829622995155     
  0.77333333333333343      -0.86030676415692520     
  0.77666666666666673      -0.85528197125577754     
  0.78000000000000003      -0.88186298072294467     
  0.78333333333333344      -0.92793097269376945     
  0.78666666666666674      -0.97902940992176701     
  0.79000000000000004       -1.0221148533168272     
  0.79333333333333333       -1.0485568394090659     
  0.79666666666666675       -1.0556240108102088     
  0.80000000000000004       -1.0461835873741128     
  0.80333333333333334       -1.0268968956769504     
  0.80666666666666675       -1.0056267447889793     
  0.81000000000000005      -0.98894159775342771     
  0.81333333333333335      -0.98046478147989058     
  0.81666666666666676      -0.98044510364972626     
  0.82000000000000006      -0.98647009573022992     
  0.82333333333333336      -0.99487509508587180     
  0.82666666666666677       -1.0022424380192121     
  0.83000000000000007       -1.0064653084832200     
  0.83333333333333337       -1.0071059051145979     
  0.83666666666666667       -1.0050847407227670     
  0.84000000000000008       -1.0019721559460228     
  0.84333333333333338      -0.99923808645856005     
  0.84666666666666668      -0.99774761540449042     
  0.85000000000000009      -0.99762597332910774     
  0.85333333333333339      -0.99844290408287384     
  0.85666666666666669      -0.99955476264896881     
  0.86000000000000010       -1.0004241982832269     
  0.86333333333333340       -1.0007967857655908     
  0.86666666666666670       -1.0007070004047567     
  0.87000000000000011       -1.0003645106916259     
  0.87333333333333341       -1.0000062905868543     
  0.87666666666666671      -0.99978791348140450     
  0.88000000000000000      -0.99974725199712766     
  0.88333333333333341      -0.99983160759214440     
  0.88666666666666671      -0.99995445062723431     
  0.89000000000000001       -1.0000462695707262     
  0.89333333333333342       -1.0000789276787299     
  0.89666666666666672       -1.0000621863726495     
  0.90000000000000002       -1.0000242963996790     
  0.90333333333333343      -0.99999161084808064     
  0.90666666666666673      -0.99997710416616770     
  0.91000000000000003      -0.99997975975707976     
  0.91333333333333344      -0.99999085143291422     
  0.91666666666666674       -1.0000013571690056     
  0.92000000000000004       -1.0000064509441049     
  0.92333333333333334       -1.0000060639936112     
  0.92666666666666675       -1.0000028605332811     
  0.93000000000000005      -0.99999971748678818     
  0.93333333333333335      -0.99999818595342804     
  0.93666666666666676      -0.99999829610633473     
  0.94000000000000006      -0.99999922560523946     
  0.94333333333333336       -1.0000001100346887     
  0.94666666666666677       -1.0000005111668773     
  0.95000000000000007       -1.0000004496804673     
  0.95333333333333337       -1.0000001806148140     
  0.95666666666666678      -0.99999994773247536     
  0.96000000000000008      -0.99999985822774817     
  0.96333333333333337      -0.99999988997601386     
  0.96666666666666667      -0.99999996570146366     
  0.97000000000000008       -1.0000000219997640     
  0.97333333333333338       -1.0000000375449518     
  0.97666666666666668       -1.0000000242666829     
  0.98000000000000009       -1.0000000042319577     
  0.98333333333333339      -0.99999999217623325     
  0.98666666666666669      -0.99999999083091129     
  0.99000000000000010      -0.99999999542391149     
  0.99333333333333340       -1.0000000002289828     
  0.99666666666666670       -1.0000000023594251     
