   0.0000000000000000       -1.0114187444981870     
   3.3333333333333335E-003  -1.0119600135870990     
   6.6666666666666671E-003  -1.0091911253735357     
   1.0000000000000000E-002  -1.0046860215484614     
   1.3333333333333334E-002  -1.0001202947893328     
   1.6666666666666666E-002 -0.99678084908045395     
   2.0000000000000000E-002 -0.99528981250316961     
   2.3333333333333334E-002 -0.99558094842269129     
   2.6666666666666668E-002 -0.99708396006937894     
   3.0000000000000002E-002 -0.99901745932859554     
   3.3333333333333333E-002  -1.0006776336552445     
   3.6666666666666667E-002  -1.0016341898808057     
   4.0000000000000001E-002  -1.0017931992213944     
   4.3333333333333335E-002  -1.0013379138205845     
   4.6666666666666669E-002  -1.0005957638042970     
   5.0000000000000003E-002 -0.99989296104314662     
   5.3333333333333337E-002 -0.99944784535538633     
   5.6666666666666671E-002 -0.99932879076965020     
   6.0000000000000005E-002 -0.99947416891259477     
   6.3333333333333339E-002 -0.99975112218708062     
   6.6666666666666666E-002  -1.0000223334478582     
   7.0000000000000007E-002  -1.0001952061364960     
   7.3333333333333334E-002  -1.0002409349038728     
   7.6666666666666675E-002  -1.0001851681175671     
   8.0000000000000002E-002  -1.0000818188678724     
   8.3333333333333343E-002 -0.99998452734902865     
   8.6666666666666670E-002 -0.99992701433762521     
   9.0000000000000011E-002 -0.99991698076504509     
   9.3333333333333338E-002 -0.99994171750494842     
   9.6666666666666679E-002 -0.99997966774871239     
  0.10000000000000001       -1.0000116347370340     
  0.10333333333333335       -1.0000274026054514     
  0.10666666666666667       -1.0000266551761690     
  0.11000000000000000       -1.0000156860861411     
  0.11333333333333334       -1.0000025966373367     
  0.11666666666666667      -0.99999341420114030     
  0.12000000000000001      -0.99999039341353013     
  0.12333333333333334      -0.99999245042888496     
  0.12666666666666668      -0.99999681679490193     
  0.13000000000000000       -1.0000008018182478     
  0.13333333333333333       -1.0000028876987297     
  0.13666666666666669       -1.0000029324421562     
  0.14000000000000001       -1.0000017142403796     
  0.14333333333333334       -1.0000002508539041     
  0.14666666666666667      -0.99999926988505972     
  0.15000000000000002      -0.99999900454269741     
  0.15333333333333335      -0.99999928320247444     
  0.15666666666666668      -0.99999976299831328     
  0.16000000000000000       -1.0000001492016699     
  0.16333333333333333       -1.0000003077358808     
  0.16666666666666669       -1.0000002613164609     
  0.17000000000000001       -1.0000001161248311     
  0.17333333333333334      -0.99999997963183451     
  0.17666666666666667      -0.99999991078639039     
  0.18000000000000002      -0.99999991272913047     
  0.18333333333333335      -0.99999995440191469     
  0.18666666666666668      -0.99999999929482675     
  0.19000000000000000       -1.0000000249004841     
  0.19333333333333336       -1.0000000274621592     
  0.19666666666666668       -1.0000000158089088     
  0.20000000000000001       -1.0000000017562558     
  0.20333333333333334      -0.99999999313277366     
  0.20666666666666669      -0.99999999170992360     
  0.21000000000000002      -0.99999999497104697     
  0.21333333333333335      -0.99999999921851579     
  0.21666666666666667       -1.0000000019143038     
  0.22000000000000000       -1.0000000024240570     
  0.22333333333333336       -1.0000000014855392     
  0.22666666666666668       -1.0000000002229594     
  0.23000000000000001      -0.99999999940027873     
  0.23333333333333334      -0.99999999918041238     
  0.23666666666666669      -0.99999999927573946     
  0.24000000000000002      -0.99999999921038374     
  0.24333333333333335      -0.99999999844845278     
  0.24666666666666667      -0.99999999625244063     
  0.25000000000000000      -0.99999999119508232     
  0.25333333333333335      -0.99999998017660641     
  0.25666666666666671      -0.99999995655757701     
  0.26000000000000001      -0.99999990655724602     
  0.26333333333333336      -0.99999980227268082     
  0.26666666666666666      -0.99999958830471680     
  0.27000000000000002      -0.99999915661198879     
  0.27333333333333337      -0.99999830018145031     
  0.27666666666666667      -0.99999662938187206     
  0.28000000000000003      -0.99999342396023361     
  0.28333333333333333      -0.99998737644040514     
  0.28666666666666668      -0.99997615635167225     
  0.29000000000000004      -0.99995568566408310     
  0.29333333333333333      -0.99991895987616064     
  0.29666666666666669      -0.99985417217153971     
  0.30000000000000004      -0.99974179671525265     
  0.30333333333333334      -0.99955016106100214     
  0.30666666666666670      -0.99922889181463004     
  0.31000000000000000      -0.99869946624018990     
  0.31333333333333335      -0.99784197284892084     
  0.31666666666666671      -0.99647712125968657     
  0.32000000000000001      -0.99434261149403802     
  0.32333333333333336      -0.99106326154441204     
  0.32666666666666666      -0.98611490016955849     
  0.33000000000000002      -0.97878306000247939     
  0.33333333333333337      -0.96811902935082550     
  0.33666666666666667      -0.95289785241138003     
  0.34000000000000002      -0.93158531176654780     
  0.34333333333333338      -0.90232353271483001     
  0.34666666666666668      -0.86294717144481647     
  0.35000000000000003      -0.81104354062589223     
  0.35333333333333333      -0.74406967529939405     
  0.35666666666666669      -0.65953638047089946     
  0.36000000000000004      -0.55526298722039324     
  0.36333333333333334      -0.42969651260990904     
  0.36666666666666670      -0.28227547217534826     
  0.37000000000000005      -0.11380295979328801     
  0.37333333333333335        7.3221915393250042E-002
  0.37666666666666671       0.27437726785462563     
  0.38000000000000000       0.48326418271400595     
  0.38333333333333336       0.69168643555825604     
  0.38666666666666671       0.89010533218857613     
  0.39000000000000001        1.0683759370915433     
  0.39333333333333337        1.2167240501923351     
  0.39666666666666667        1.3268705227785007     
  0.40000000000000002        1.3931603966346542     
  0.40333333333333338        1.4135204883580121     
  0.40666666666666668        1.3900618022023306     
  0.41000000000000003        1.3291707905455081     
  0.41333333333333339        1.2409981588499184     
  0.41666666666666669        1.1383495634802936     
  0.42000000000000004        1.0350943683698575     
  0.42333333333333334       0.94431480237131160     
  0.42666666666666669       0.87649364312582811     
  0.43000000000000005       0.83806202389884599     
  0.43333333333333335       0.83058723066439122     
  0.43666666666666670       0.85077451295561446     
  0.44000000000000000       0.89130400576216129     
  0.44333333333333336       0.94235471347421329     
  0.44666666666666671       0.99352053366325932     
  0.45000000000000001        1.0357351207099155     
  0.45333333333333337        1.0628178594602364     
  0.45666666666666672        1.0723375953862038     
  0.46000000000000002        1.0656466616588338     
  0.46333333333333337        1.0471282779749558     
  0.46666666666666667        1.0228782291656926     
  0.47000000000000003       0.99916171914276708     
  0.47333333333333338       0.98101820675226870     
  0.47666666666666668       0.97132443046496708     
  0.48000000000000004       0.97048820240836997     
  0.48333333333333334       0.97677273557274980     
  0.48666666666666669       0.98709171245162663     
  0.49000000000000005       0.99801173584761260     
  0.49333333333333335        1.0066757929793597     
  0.49666666666666670        1.0114187444981868     
  0.50000000000000000        1.0119600135870988     
  0.50333333333333341        1.0091911253735355     
  0.50666666666666671        1.0046860215484612     
  0.51000000000000001        1.0001202947893328     
  0.51333333333333342       0.99678084908045383     
  0.51666666666666672       0.99528981250316939     
  0.52000000000000002       0.99558094842269085     
  0.52333333333333332       0.99708396006937861     
  0.52666666666666673       0.99901745932859554     
  0.53000000000000003        1.0006776336552448     
  0.53333333333333333        1.0016341898808061     
  0.53666666666666674        1.0017931992213951     
  0.54000000000000004        1.0013379138205849     
  0.54333333333333333        1.0005957638042973     
  0.54666666666666675       0.99989296104314651     
  0.55000000000000004       0.99944784535538622     
  0.55333333333333334       0.99932879076964976     
  0.55666666666666675       0.99947416891259433     
  0.56000000000000005       0.99975112218708029     
  0.56333333333333335        1.0000223334478580     
  0.56666666666666665        1.0001952061364960     
  0.57000000000000006        1.0002409349038730     
  0.57333333333333336        1.0001851681175669     
  0.57666666666666666        1.0000818188678726     
  0.58000000000000007       0.99998452734902887     
  0.58333333333333337       0.99992701433762532     
  0.58666666666666667       0.99991698076504498     
  0.59000000000000008       0.99994171750494820     
  0.59333333333333338       0.99997966774871228     
  0.59666666666666668        1.0000116347370338     
  0.60000000000000009        1.0000274026054512     
  0.60333333333333339        1.0000266551761687     
  0.60666666666666669        1.0000156860861409     
  0.60999999999999999        1.0000025966373367     
  0.61333333333333340       0.99999341420114030     
  0.61666666666666670       0.99999039341353013     
  0.62000000000000000       0.99999245042888507     
  0.62333333333333341       0.99999681679490182     
  0.62666666666666671        1.0000008018182476     
  0.63000000000000000        1.0000028876987297     
  0.63333333333333341        1.0000029324421562     
  0.63666666666666671        1.0000017142403799     
  0.64000000000000001        1.0000002508539043     
  0.64333333333333342       0.99999926988505972     
  0.64666666666666672       0.99999900454269741     
  0.65000000000000002       0.99999928320247444     
  0.65333333333333332       0.99999976299831317     
  0.65666666666666673        1.0000001492016697     
  0.66000000000000003        1.0000003077358808     
  0.66333333333333333        1.0000002613164609     
  0.66666666666666674        1.0000001161248311     
  0.67000000000000004       0.99999997963183451     
  0.67333333333333334       0.99999991078639039     
  0.67666666666666675       0.99999991272913047     
  0.68000000000000005       0.99999995440191469     
  0.68333333333333335       0.99999999929482675     
  0.68666666666666676        1.0000000249004841     
  0.69000000000000006        1.0000000274621594     
  0.69333333333333336        1.0000000158089106     
  0.69666666666666666        1.0000000017562616     
  0.70000000000000007       0.99999999313279075     
  0.70333333333333337       0.99999999170997322     
  0.70666666666666667       0.99999999497118575     
  0.71000000000000008       0.99999999921889482     
  0.71333333333333337        1.0000000019153179     
  0.71666666666666667        1.0000000024267228     
  0.72000000000000008        1.0000000014924217     
  0.72333333333333338        1.0000000002404117     
  0.72666666666666668       0.99999999944375295     
  0.73000000000000009       0.99999999928681593     
  0.73333333333333339       0.99999999953164276     
  0.73666666666666669       0.99999999981522092     
  0.74000000000000010       0.99999999985349708     
  0.74333333333333340       0.99999999946072082     
  0.74666666666666670       0.99999999839660381     
  0.75000000000000000       0.99999999606870715     
  0.75333333333333341       0.99999999103821136     
  0.75666666666666671       0.99999998011600111     
  0.76000000000000001       0.99999995657888296     
  0.76333333333333342       0.99999990660963289     
  0.76666666666666672       0.99999980231322128     
  0.77000000000000002       0.99999958831752689     
  0.77333333333333343       0.99999915660375682     
  0.77666666666666673       0.99999830016694502     
  0.78000000000000003       0.99999662937203715     
  0.78333333333333344       0.99999342395810276     
  0.78666666666666674       0.99998737644331237     
  0.79000000000000004       0.99997615635551018     
  0.79333333333333333       0.99995568566627291     
  0.79666666666666675       0.99991895987632073     
  0.80000000000000004       0.99985417217060590     
  0.80333333333333334       0.99974179671429964     
  0.80666666666666675       0.99955016106057271     
  0.81000000000000005       0.99922889181469843     
  0.81333333333333335       0.99869946624046246     
  0.81666666666666676       0.99784197284913856     
  0.82000000000000006       0.99647712125975396     
  0.82333333333333336       0.99434261149399450     
  0.82666666666666677       0.99106326154434032     
  0.83000000000000007       0.98611490016951442     
  0.83333333333333337       0.97878306000247395     
  0.83666666666666667       0.96811902935084171     
  0.84000000000000008       0.95289785241139735     
  0.84333333333333338       0.93158531176655568     
  0.84666666666666668       0.90232353271482912     
  0.85000000000000009       0.86294717144481203     
  0.85333333333333339       0.81104354062588890     
  0.85666666666666669       0.74406967529939316     
  0.86000000000000010       0.65953638047090046     
  0.86333333333333340       0.55526298722039424     
  0.86666666666666670       0.42969651260990949     
  0.87000000000000011       0.28227547217534810     
  0.87333333333333341       0.11380295979328763     
  0.87666666666666671       -7.3221915393250403E-002
  0.88000000000000000      -0.27437726785462579     
  0.88333333333333341      -0.48326418271400590     
  0.88666666666666671      -0.69168643555825615     
  0.89000000000000001      -0.89010533218857624     
  0.89333333333333342       -1.0683759370915435     
  0.89666666666666672       -1.2167240501923353     
  0.90000000000000002       -1.3268705227785011     
  0.90333333333333343       -1.3931603966346549     
  0.90666666666666673       -1.4135204883580128     
  0.91000000000000003       -1.3900618022023308     
  0.91333333333333344       -1.3291707905455079     
  0.91666666666666674       -1.2409981588499177     
  0.92000000000000004       -1.1383495634802929     
  0.92333333333333334       -1.0350943683698570     
  0.92666666666666675      -0.94431480237131138     
  0.93000000000000005      -0.87649364312582789     
  0.93333333333333335      -0.83806202389884565     
  0.93666666666666676      -0.83058723066439111     
  0.94000000000000006      -0.85077451295561457     
  0.94333333333333336      -0.89130400576216140     
  0.94666666666666677      -0.94235471347421329     
  0.95000000000000007      -0.99352053366325910     
  0.95333333333333337       -1.0357351207099150     
  0.95666666666666678       -1.0628178594602358     
  0.96000000000000008       -1.0723375953862027     
  0.96333333333333337       -1.0656466616588331     
  0.96666666666666667       -1.0471282779749547     
  0.97000000000000008       -1.0228782291656919     
  0.97333333333333338      -0.99916171914276619     
  0.97666666666666668      -0.98101820675226814     
  0.98000000000000009      -0.97132443046496697     
  0.98333333333333339      -0.97048820240837008     
  0.98666666666666669      -0.97677273557274991     
  0.99000000000000010      -0.98709171245162663     
  0.99333333333333340      -0.99801173584761260     
  0.99666666666666670       -1.0066757929793597     
