   0.0000000000000000        1.0109043870772534     
   3.3333333333333335E-003  0.98515597886182316     
   6.6666666666666671E-003  0.96517738014603949     
   1.0000000000000000E-002  0.95296312915327785     
   1.3333333333333334E-002  0.94920090157643511     
   1.6666666666666666E-002  0.95329512726050480     
   2.0000000000000000E-002  0.96357867030122657     
   2.3333333333333334E-002  0.97766879857958489     
   2.6666666666666668E-002  0.99290267009267863     
   3.0000000000000002E-002   1.0067779492178051     
   3.3333333333333333E-002   1.0173273823149378     
   3.6666666666666667E-002   1.0233713437846081     
   4.0000000000000001E-002   1.0246164882111002     
   4.3333333333333335E-002   1.0215971042131349     
   4.6666666666666669E-002   1.0154832554996587     
   5.0000000000000003E-002   1.0078013362945351     
   5.3333333333333337E-002   1.0001245688751990     
   5.6666666666666671E-002  0.99379151546896483     
   6.0000000000000005E-002  0.98970041223254401     
   6.3333333333333339E-002  0.98820868698205844     
   6.6666666666666666E-002  0.98914449781880409     
   7.0000000000000007E-002  0.99191521181512665     
   7.3333333333333334E-002  0.99568071232117261     
   7.6666666666666675E-002  0.99955029281674246     
   8.0000000000000002E-002   1.0027618507133322     
   8.3333333333333343E-002   1.0048103552062020     
   8.6666666666666670E-002   1.0055066731360296     
   9.0000000000000011E-002   1.0049643056641240     
   9.3333333333333338E-002   1.0035267221446074     
   9.6666666666666679E-002   1.0016586996056456     
  0.10000000000000001       0.99982955596106760     
  0.10333333333333335       0.99841411827823179     
  0.10666666666666667       0.99762988277234033     
  0.11000000000000000       0.99751835666251731     
  0.11333333333333334       0.99796772911089415     
  0.11666666666666667       0.99876528650484797     
  0.12000000000000001       0.99966308102168910     
  0.12333333333333334        1.0004399049040273     
  0.12666666666666668        1.0009461242719455     
  0.13000000000000000        1.0011240233611689     
  0.13333333333333333        1.0010032005589053     
  0.13666666666666669        1.0006764891608695     
  0.14000000000000001        1.0002655671025966     
  0.14333333333333334       0.99988631495996738     
  0.14666666666666667       0.99962229104213807     
  0.15000000000000002       0.99951123706396383     
  0.15333333333333335       0.99954544659506261     
  0.15666666666666668       0.99968324401316477     
  0.16000000000000000       0.99986655591032536     
  0.16333333333333333        1.0000389638351843     
  0.16666666666666669        1.0001595723507077     
  0.17000000000000001        1.0002099975768910     
  0.17333333333333334        1.0001940838119798     
  0.17666666666666667        1.0001319257957060     
  0.18000000000000002        1.0000509515240392     
  0.18333333333333335       0.99997703846942831     
  0.18666666666666668       0.99992801648659690     
  0.19000000000000000       0.99991078083363072     
  0.19333333333333336       0.99992200502246364     
  0.19666666666666668       0.99995146446462169     
  0.20000000000000001       0.99998647791677897     
  0.20333333333333334        1.0000159892914811     
  0.20666666666666669        1.0000332372833909     
  0.21000000000000002        1.0000365901481156     
  0.21333333333333335        1.0000287360903644     
  0.21666666666666667        1.0000148442137462     
  0.22000000000000000        1.0000004649000085     
  0.22333333333333336       0.99998983565782706     
  0.22666666666666668       0.99998498499218591     
  0.23000000000000001       0.99998570067765558     
  0.23333333333333334       0.99999015808045733     
  0.23666666666666669       0.99999585679364356     
  0.24000000000000002        1.0000005056711350     
  0.24333333333333335        1.0000025975572981     
  0.24666666666666667        1.0000015691829269     
  0.25000000000000000       0.99999758895778657     
  0.25333333333333335       0.99999111162026810     
  0.25666666666666671       0.99998236565174159     
  0.26000000000000001       0.99997090438733571     
  0.26333333333333336       0.99995527956699704     
  0.26666666666666666       0.99993281683800983     
  0.27000000000000002       0.99989941115579017     
  0.27333333333333337       0.99984922876218230     
  0.27666666666666667       0.99977420082891377     
  0.28000000000000003       0.99966321151514748     
  0.28333333333333333       0.99950090576499673     
  0.28666666666666668       0.99926605726659867     
  0.29000000000000004       0.99892943807985768     
  0.29333333333333333       0.99845111904401085     
  0.29666666666666669       0.99777711052887330     
  0.30000000000000004       0.99683523585972589     
  0.30333333333333334       0.99553012459436951     
  0.30666666666666670       0.99373722781493345     
  0.31000000000000000       0.99129579826394920     
  0.31333333333333335       0.98800084782922470     
  0.31666666666666671       0.98359419547500637     
  0.32000000000000001       0.97775485138759510     
  0.32333333333333336       0.97008914826925052     
  0.32666666666666666       0.96012122718519544     
  0.33000000000000002       0.94728470872722192     
  0.33333333333333337       0.93091662084615190     
  0.33666666666666667       0.91025489571121054     
  0.34000000000000002       0.88444096407943862     
  0.34333333333333338       0.85252913279229026     
  0.34666666666666668       0.81350448722648250     
  0.35000000000000003       0.76631096858742287     
  0.35333333333333333       0.70989098754119440     
  0.35666666666666669       0.64323740737467261     
  0.36000000000000004       0.56545793054614413     
  0.36333333333333334       0.47585084209991635     
  0.36666666666666670       0.37398972218336390     
  0.37000000000000005       0.25981319683449344     
  0.37333333333333335       0.13371415547198592     
  0.37666666666666671       -3.3787231831220801E-003
  0.38000000000000000      -0.14993563198256032     
  0.38333333333333336      -0.30378583680350668     
  0.38666666666666671      -0.46211291054581288     
  0.39000000000000001      -0.62149368242375469     
  0.39333333333333337      -0.77798765194606923     
  0.39666666666666667      -0.92728047248423906     
  0.40000000000000002       -1.0648807951268870     
  0.40333333333333338       -1.1863644811455891     
  0.40666666666666668       -1.2876543200550199     
  0.41000000000000003       -1.3653174832171795     
  0.41333333333333339       -1.4168576971991469     
  0.41666666666666669       -1.4409753172934801     
  0.42000000000000004       -1.4377668955936602     
  0.42333333333333334       -1.4088371302937526     
  0.42666666666666669       -1.3573006778700984     
  0.43000000000000005       -1.2876592815942891     
  0.43333333333333335       -1.2055506544934602     
  0.43666666666666670       -1.1173787099155090     
  0.44000000000000000       -1.0298487613901648     
  0.44333333333333336      -0.94944456387774501     
  0.44666666666666671      -0.88189470966654260     
  0.45000000000000001      -0.83168215154268299     
  0.45333333333333337      -0.80165106347933535     
  0.45666666666666672      -0.79275902936766440     
  0.46000000000000002      -0.80400966523875039     
  0.46333333333333337      -0.83258217800403278     
  0.46666666666666667      -0.87415194300299370     
  0.47000000000000003      -0.92337263356464550     
  0.47333333333333338      -0.97446892627198523     
  0.47666666666666668       -1.0218725456822231     
  0.48000000000000004       -1.0608261526084477     
  0.48333333333333334       -1.0878811231915526     
  0.48666666666666669       -1.1012270771839778     
  0.49000000000000005       -1.1008120138247761     
  0.49333333333333335       -1.0882395117161985     
  0.49666666666666670       -1.0664598389944218     
  0.50000000000000000       -1.0393005141457610     
  0.50333333333333341       -1.0109043870767231     
  0.50666666666666671      -0.98515597886182282     
  0.51000000000000001      -0.96517738014636068     
  0.51333333333333342      -0.95296312915365589     
  0.51666666666666672      -0.94920090157668524     
  0.52000000000000002      -0.95329512726057031     
  0.52333333333333332      -0.96357867030115307     
  0.52666666666666673      -0.97766879857946076     
  0.53000000000000003      -0.99290267009257882     
  0.53333333333333333       -1.0067779492177638     
  0.53666666666666674       -1.0173273823149498     
  0.54000000000000004       -1.0233713437846468     
  0.54333333333333333       -1.0246164882111375     
  0.54666666666666675       -1.0215971042131553     
  0.55000000000000004       -1.0154832554996596     
  0.55333333333333334       -1.0078013362945242     
  0.55666666666666675       -1.0001245688751852     
  0.56000000000000005      -0.99379151546895539     
  0.56333333333333335      -0.98970041223254102     
  0.56666666666666665      -0.98820868698206021     
  0.57000000000000006      -0.98914449781880764     
  0.57333333333333336      -0.99191521181512976     
  0.57666666666666666      -0.99568071232117372     
  0.58000000000000007      -0.99955029281674224     
  0.58333333333333337       -1.0027618507133309     
  0.58666666666666667       -1.0048103552062009     
  0.59000000000000008       -1.0055066731360296     
  0.59333333333333338       -1.0049643056641244     
  0.59666666666666668       -1.0035267221446083     
  0.60000000000000009       -1.0016586996056465     
  0.60333333333333339      -0.99982955596106859     
  0.60666666666666669      -0.99841411827823268     
  0.60999999999999999      -0.99762988277234110     
  0.61333333333333340      -0.99751835666251798     
  0.61666666666666670      -0.99796772911089460     
  0.62000000000000000      -0.99876528650484775     
  0.62333333333333341      -0.99966308102168822     
  0.62666666666666671       -1.0004399049040247     
  0.63000000000000000       -1.0009461242719397     
  0.63333333333333341       -1.0011240233611569     
  0.63666666666666671       -1.0010032005588814     
  0.64000000000000001       -1.0006764891608213     
  0.64333333333333342       -1.0002655671025014     
  0.64666666666666672      -0.99988631495978009     
  0.65000000000000002      -0.99962229104177269     
  0.65333333333333332      -0.99951123706325551     
  0.65666666666666673      -0.99954544659369915     
  0.66000000000000003      -0.99968324401055841     
  0.66333333333333333      -0.99986655590537699     
  0.66666666666666674       -1.0000389638258564     
  0.67000000000000004       -1.0001595723332497     
  0.67333333333333334       -1.0002099975444503     
  0.67666666666666675       -1.0001940837521281     
  0.68000000000000005       -1.0001319256860741     
  0.68333333333333335       -1.0000509513246634     
  0.68666666666666676      -0.99997703810944905     
  0.69000000000000006      -0.99992801584131874     
  0.69333333333333336      -0.99991077968527620     
  0.69666666666666666      -0.99992200299356915     
  0.70000000000000007      -0.99995146090591835     
  0.70333333333333337      -0.99998647171998756     
  0.70666666666666667       -1.0000159785792970     
  0.71000000000000008       -1.0000332189003200     
  0.71333333333333337       -1.0000365588311824     
  0.71666666666666667       -1.0000286831297349     
  0.72000000000000008       -1.0000147553078012     
  0.72333333333333338       -1.0000003167496947     
  0.72666666666666668      -0.99998959060589032     
  0.73000000000000009      -0.99998458265843304     
  0.73333333333333339      -0.99998504502201779     
  0.73666666666666669      -0.99998909757331567     
  0.74000000000000010      -0.99999415429602512     
  0.74333333333333340      -0.99999779310493131     
  0.74666666666666670      -0.99999830832072123     
  0.75000000000000000      -0.99999483834033109     
  0.75333333333333341      -0.99998710726060369     
  0.75666666666666671      -0.99997491410377404     
  0.76000000000000001      -0.99995752856282627     
  0.76333333333333342      -0.99993311516106398     
  0.76666666666666672      -0.99989823310639403     
  0.77000000000000002      -0.99984737711811134     
  0.77333333333333343      -0.99977245992423991     
  0.77666666666666673      -0.99966210279039880     
  0.78000000000000003      -0.99950059604242369     
  0.78333333333333344      -0.99926640713769110     
  0.78666666666666674      -0.99893013575655565     
  0.79000000000000004      -0.99845183211656185     
  0.79333333333333333      -0.99777760084429612     
  0.79666666666666675      -0.99683541012479893     
  0.80000000000000004      -0.99553002228700960     
  0.80333333333333334      -0.99373696844124482     
  0.80666666666666675      -0.99129551737385757     
  0.81000000000000005      -0.98800064659619591     
  0.81333333333333335      -0.98359411692764775     
  0.81666666666666676      -0.97775488352752815     
  0.82000000000000006      -0.97008924504526572     
  0.82333333333333336      -0.96012133479852257     
  0.82666666666666677      -0.94728478658952953     
  0.83000000000000007      -0.93091665153188252     
  0.83333333333333337      -0.91025488377157349     
  0.83666666666666667      -0.88444092752947756     
  0.84000000000000008      -0.85252909251368569     
  0.84333333333333338      -0.81350445867625243     
  0.84666666666666668      -0.76631095804373994     
  0.85000000000000009      -0.70989099281249324     
  0.85333333333333339      -0.64323742131937323     
  0.85666666666666669      -0.56545794524970838     
  0.86000000000000010      -0.47585085198940891     
  0.86333333333333340      -0.37398972528537011     
  0.86666666666666670      -0.25981319431092070     
  0.87000000000000011      -0.13371415015764260     
  0.87333333333333341        3.3787283798953002E-003
  0.87666666666666671       0.14993563517996389     
  0.88000000000000000       0.30378583750117721     
  0.88333333333333341       0.46211290934641064     
  0.88666666666666671       0.62149368043422415     
  0.89000000000000001       0.77798765018994687     
  0.89333333333333342       0.92728047154344606     
  0.89666666666666672        1.0648807950722767     
  0.90000000000000002        1.1863644816857954     
  0.90333333333333343        1.2876543207730475     
  0.90666666666666673        1.3653174837741253     
  0.91000000000000003        1.4168576974376597     
  0.91333333333333344        1.4409753172351536     
  0.91666666666666674        1.4377668953677791     
  0.92000000000000004        1.4088371300488676     
  0.92333333333333334        1.3573006777090177     
  0.92666666666666675        1.2876592815499179     
  0.93000000000000005        1.2055506545407653     
  0.93333333333333335        1.1173787100021995     
  0.93666666666666676        1.0298487614672940     
  0.94000000000000006       0.94944456391804277     
  0.94333333333333336       0.88189470966748351     
  0.94666666666666677       0.83168215151849811     
  0.95000000000000007       0.80165106344914783     
  0.95333333333333337       0.79275902934594888     
  0.95666666666666678       0.80400966523115869     
  0.96000000000000008       0.83258217800834644     
  0.96333333333333337       0.87415194301294907     
  0.96666666666666667       0.92337263357401267     
  0.97000000000000008       0.97446892627712400     
  0.97333333333333338        1.0218725456826196     
  0.97666666666666668        1.0608261526057521     
  0.98000000000000009        1.0878811231880752     
  0.98333333333333339        1.1012270771814732     
  0.98666666666666669        1.1008120138239188     
  0.99000000000000010        1.0882395117167103     
  0.99333333333333340        1.0664598389955537     
  0.99666666666666670        1.0393005141467915     
