   0.0000000000000000       0.99967664004290191     
   3.3333333333333335E-003  0.99948764815741842     
   6.6666666666666671E-003  0.99919701486950963     
   1.0000000000000000E-002  0.99875525647364372     
   1.3333333333333334E-002  0.99809164080580970     
   1.6666666666666666E-002  0.99710651721686216     
   2.0000000000000000E-002  0.99566157036946290     
   2.3333333333333334E-002  0.99356774895959410     
   2.6666666666666668E-002  0.99057074102890597     
   3.0000000000000002E-002  0.98633407488661806     
   3.3333333333333333E-002  0.98042023920418764     
   3.6666666666666667E-002  0.97227065274618674     
   4.0000000000000001E-002  0.96118587763867347     
   4.3333333333333335E-002  0.94630814621067139     
   4.6666666666666669E-002  0.92660902075154650     
   5.0000000000000003E-002  0.90088575573443397     
   5.3333333333333337E-002  0.86777057343920261     
   5.6666666666666671E-002  0.82575744920030547     
   6.0000000000000005E-002  0.77325095389115428     
   6.3333333333333339E-002  0.70864102672847307     
   6.6666666666666666E-002  0.63040607196511922     
   7.0000000000000007E-002  0.53724436012549814     
   7.3333333333333334E-002  0.42823033610553268     
   7.6666666666666675E-002  0.30298820525845971     
   8.0000000000000002E-002  0.16187038351102961     
   8.3333333333333343E-002   6.1235682275937939E-003
   8.6666666666666670E-002 -0.16197897291664490     
   9.0000000000000011E-002 -0.33906291676713612     
   9.3333333333333338E-002 -0.52066037351271266     
   9.6666666666666679E-002 -0.70132035463382447     
  0.10000000000000001      -0.87483617287304960     
  0.10333333333333335       -1.0345926813215782     
  0.10666666666666667       -1.1740217543080407     
  0.11000000000000000       -1.2871377341926142     
  0.11333333333333334       -1.3691077455622571     
  0.11666666666666667       -1.4167974359284248     
  0.12000000000000001       -1.4292237431918073     
  0.12333333333333334       -1.4078454348496461     
  0.12666666666666668       -1.3566313924930353     
  0.13000000000000000       -1.2818666087959116     
  0.13333333333333333       -1.1916855604578334     
  0.13666666666666669       -1.0953590086904395     
  0.14000000000000001       -1.0023985403663398     
  0.14333333333333334      -0.92157721175272767     
  0.14666666666666667      -0.85998805611935503     
  0.15000000000000002      -0.82226935952832836     
  0.15333333333333335      -0.81011296234810681     
  0.15666666666666668      -0.82213899591783846     
  0.16000000000000000      -0.85417070956150520     
  0.16333333333333333      -0.89988329138847745     
  0.16666666666666669      -0.95174048829295554     
  0.17000000000000001       -1.0020831968642079     
  0.17333333333333334       -1.0442049436798737     
  0.17666666666666667       -1.0732471909142021     
  0.18000000000000002       -1.0867748182280188     
  0.18333333333333335       -1.0849454112630736     
  0.18666666666666668       -1.0702561882843284     
  0.19000000000000000       -1.0469266373742796     
  0.19333333333333336       -1.0200388682997770     
  0.19666666666666668      -0.99459848549371221     
  0.20000000000000001      -0.97468802850398828     
  0.20333333333333334      -0.96286069397407870     
  0.20666666666666669      -0.95986923376830757     
  0.21000000000000002      -0.96475485961666707     
  0.21333333333333335      -0.97524866917702713     
  0.21666666666666667      -0.98837892957881512     
  0.22000000000000000       -1.0011437728776134     
  0.22333333333333336       -1.0111067834297462     
  0.22666666666666668       -1.0168015413413418     
  0.23000000000000001       -1.0178824016296240     
  0.23333333333333334       -1.0150197152497453     
  0.23666666666666669       -1.0095937834201947     
  0.24000000000000002       -1.0032804899039793     
  0.24333333333333335      -0.99763514152558130     
  0.24666666666666667      -0.99376851335269623     
  0.25000000000000000      -0.99217584784476986     
  0.25333333333333335      -0.99273567562757792     
  0.25666666666666671      -0.99485265942813694     
  0.26000000000000001      -0.99768764856555325     
  0.26333333333333336       -1.0004052009749989     
  0.26666666666666666       -1.0023750834256171     
  0.27000000000000002       -1.0032856857193919     
  0.27333333333333337       -1.0031563456710471     
  0.27666666666666667       -1.0022636295215761     
  0.28000000000000003       -1.0010163650333668     
  0.28333333333333333      -0.99982160731706859     
  0.28666666666666668      -0.99897859891038432     
  0.29000000000000004      -0.99862350784943077     
  0.29333333333333333      -0.99872969790514754     
  0.29666666666666669      -0.99915214839649791     
  0.30000000000000004      -0.99969462051052682     
  0.30333333333333334       -1.0001760499346950     
  0.30666666666666670       -1.0004776323775761     
  0.31000000000000000       -1.0005614179600164     
  0.31333333333333335       -1.0004613921920626     
  0.31666666666666671       -1.0002558384984113     
  0.32000000000000001       -1.0000333762629354     
  0.32333333333333336      -0.99986420540423726     
  0.32666666666666666      -0.99978393087078754     
  0.33000000000000002      -0.99979184293719214     
  0.33333333333333337      -0.99986067260315337     
  0.33666666666666667      -0.99995200173922172     
  0.34000000000000002       -1.0000311371575856     
  0.34333333333333338       -1.0000769258292370     
  0.34666666666666668       -1.0000847019815819     
  0.35000000000000003       -1.0000632018059363     
  0.35333333333333333       -1.0000280147845926     
  0.35666666666666669      -0.99999461016327462     
  0.36000000000000004      -0.99997333094946650     
  0.36333333333333334      -0.99996747225861582     
  0.36666666666666670      -0.99997423856325129     
  0.37000000000000005      -0.99998746360600943     
  0.37333333333333335       -1.0000006830752957     
  0.37666666666666671       -1.0000094159552970     
  0.38000000000000000       -1.0000120986619745     
  0.38333333333333336       -1.0000097373619217     
  0.38666666666666671       -1.0000047718557212     
  0.39000000000000001      -0.99999978018464752     
  0.39333333333333337      -0.99999652802931660     
  0.39666666666666667      -0.99999559756027978     
  0.40000000000000002      -0.99999655382790664     
  0.40333333333333338      -0.99999842529116845     
  0.40666666666666668       -1.0000002278639839     
  0.41000000000000003       -1.0000013276871580     
  0.41333333333333339       -1.0000015595951088     
  0.41666666666666669       -1.0000011342693420     
  0.42000000000000004       -1.0000004356254428     
  0.42333333333333334      -0.99999981941629723     
  0.42666666666666669      -0.99999948858446208     
  0.43000000000000005      -0.99999946771833459     
  0.43333333333333335      -0.99999965388720768     
  0.43666666666666670      -0.99999989902441566     
  0.44000000000000000       -1.0000000812840062     
  0.44333333333333336       -1.0000001408305366     
  0.44666666666666671       -1.0000000771856945     
  0.45000000000000001      -0.99999992073439270     
  0.45333333333333337      -0.99999969597403204     
  0.45666666666666672      -0.99999938974145997     
  0.46000000000000002      -0.99999892837622917     
  0.46333333333333337      -0.99999815833457395     
  0.46666666666666667      -0.99999681812164454     
  0.47000000000000003      -0.99999448596626650     
  0.47333333333333338      -0.99999048576341665     
  0.47666666666666668      -0.99998373087493497     
  0.48000000000000004      -0.99997247902047348     
  0.48333333333333334      -0.99995396014347171     
  0.48666666666666669      -0.99992382212405662     
  0.49000000000000005      -0.99987531644398675     
  0.49333333333333335      -0.99979811754750636     
  0.49666666666666670      -0.99967663598326340     
  0.50000000000000000      -0.99948764713768323     
  0.50333333333333341      -0.99919701612310907     
  0.50666666666666671      -0.99875525855264558     
  0.51000000000000001      -0.99809164247635607     
  0.51333333333333342      -0.99710651791372551     
  0.51666666666666672      -0.99566157018009516     
  0.52000000000000002      -0.99356774832683703     
  0.52333333333333332      -0.99057074041344828     
  0.52666666666666673      -0.98633407455505151     
  0.53000000000000003      -0.98042023918798693     
  0.53333333333333333      -0.97227065292253145     
  0.53666666666666674      -0.96118587784835452     
  0.54000000000000004      -0.94630814634494109     
  0.54333333333333333      -0.92660902078087970     
  0.54666666666666675      -0.90088575568944385     
  0.55000000000000004      -0.86777057337179542     
  0.55333333333333334      -0.82575744915097538     
  0.55666666666666675      -0.77325095387502585     
  0.56000000000000005      -0.70864102673888685     
  0.56333333333333335      -0.63040607198587539     
  0.56666666666666665      -0.53724436014244970     
  0.57000000000000006      -0.42823033611235900     
  0.57333333333333336      -0.30298820525632131     
  0.57666666666666666      -0.16187038350482963     
  0.58000000000000007       -6.1235682220470364E-003
  0.58333333333333337       0.16197897291917884     
  0.58666666666666667       0.33906291676676620     
  0.59000000000000008       0.52066037351089522     
  0.59333333333333338       0.70132035463207554     
  0.59666666666666668       0.87483617287218562     
  0.60000000000000009        1.0345926813216249     
  0.60333333333333339        1.1740217543085685     
  0.60666666666666669        1.2871377341931498     
  0.60999999999999999        1.3691077455625333     
  0.61333333333333340        1.4167974359284230     
  0.61666666666666670        1.4292237431916539     
  0.62000000000000000        1.4078454348494858     
  0.62333333333333341        1.3566313924929516     
  0.62666666666666671        1.2818666087959107     
  0.63000000000000000        1.1916855604578782     
  0.63333333333333341        1.0953590086904859     
  0.63666666666666671        1.0023985403663640     
  0.64000000000000001       0.92157721175272755     
  0.64333333333333342       0.85998805611934170     
  0.64666666666666672       0.82226935952831504     
  0.65000000000000002       0.81011296234810026     
  0.65333333333333332       0.82213899591783868     
  0.65666666666666673       0.85417070956150887     
  0.66000000000000003       0.89988329138848078     
  0.66333333333333333       0.95174048829295688     
  0.66666666666666674        1.0020831968642074     
  0.67000000000000004        1.0442049436798724     
  0.67333333333333334        1.0732471909142007     
  0.67666666666666675        1.0867748182280188     
  0.68000000000000005        1.0849454112630745     
  0.68333333333333335        1.0702561882843300     
  0.68666666666666676        1.0469266373742809     
  0.69000000000000006        1.0200388682997779     
  0.69333333333333336       0.99459848549371255     
  0.69666666666666666       0.97468802850398850     
  0.70000000000000007       0.96286069397407859     
  0.70333333333333337       0.95986923376830735     
  0.70666666666666667       0.96475485961666640     
  0.71000000000000008       0.97524866917702602     
  0.71333333333333337       0.98837892957881357     
  0.71666666666666667        1.0011437728776116     
  0.72000000000000008        1.0111067834297447     
  0.72333333333333338        1.0168015413413405     
  0.72666666666666668        1.0178824016296226     
  0.73000000000000009        1.0150197152497447     
  0.73333333333333339        1.0095937834201945     
  0.73666666666666669        1.0032804899039793     
  0.74000000000000010       0.99763514152558153     
  0.74333333333333340       0.99376851335269645     
  0.74666666666666670       0.99217584784476998     
  0.75000000000000000       0.99273567562757814     
  0.75333333333333341       0.99485265942813750     
  0.75666666666666671       0.99768764856555392     
  0.76000000000000001        1.0004052009749997     
  0.76333333333333342        1.0023750834256182     
  0.76666666666666672        1.0032856857193930     
  0.77000000000000002        1.0031563456710477     
  0.77333333333333343        1.0022636295215763     
  0.77666666666666673        1.0010163650333666     
  0.78000000000000003       0.99982160731706837     
  0.78333333333333344       0.99897859891038399     
  0.78666666666666674       0.99862350784943044     
  0.79000000000000004       0.99872969790514732     
  0.79333333333333333       0.99915214839649769     
  0.79666666666666675       0.99969462051052660     
  0.80000000000000004        1.0001760499346946     
  0.80333333333333334        1.0004776323775759     
  0.80666666666666675        1.0005614179600164     
  0.81000000000000005        1.0004613921920629     
  0.81333333333333335        1.0002558384984115     
  0.81666666666666676        1.0000333762629354     
  0.82000000000000006       0.99986420540423671     
  0.82333333333333336       0.99978393087078665     
  0.82666666666666677       0.99979184293719126     
  0.83000000000000007       0.99986067260315248     
  0.83333333333333337       0.99995200173922105     
  0.83666666666666667        1.0000311371575852     
  0.84000000000000008        1.0000769258292372     
  0.84333333333333338        1.0000847019815824     
  0.84666666666666668        1.0000632018059370     
  0.85000000000000009        1.0000280147845935     
  0.85333333333333339       0.99999461016327540     
  0.85666666666666669       0.99997333094946772     
  0.86000000000000010       0.99996747225861748     
  0.86333333333333340       0.99997423856325329     
  0.86666666666666670       0.99998746360601276     
  0.87000000000000011        1.0000006830753019     
  0.87333333333333341        1.0000094159553112     
  0.87666666666666671        1.0000120986620069     
  0.88000000000000000        1.0000097373619958     
  0.88333333333333341        1.0000047718558893     
  0.88666666666666671       0.99999978018502489     
  0.89000000000000001       0.99999652803015282     
  0.89333333333333342       0.99999559756211298     
  0.89666666666666672       0.99999655383188102     
  0.90000000000000002       0.99999842529969141     
  0.90333333333333343        1.0000002278820626     
  0.90666666666666673        1.0000013277250923     
  0.91000000000000003        1.0000015596738476     
  0.91333333333333344        1.0000011344310200     
  0.91666666666666674        1.0000004359538610     
  0.92000000000000004       0.99999982007626398     
  0.92333333333333334       0.99999948989648157     
  0.92666666666666675       0.99999947029872094     
  0.93000000000000005       0.99999965890782605     
  0.93333333333333335       0.99999990868844657     
  0.93666666666666676        1.0000000996869567     
  0.94000000000000006        1.0000001754996575     
  0.94333333333333336        1.0000001417989137     
  0.94666666666666677        1.0000000398637310     
  0.95000000000000007       0.99999991325873161     
  0.95333333333333337       0.99999978179510418     
  0.95666666666666678       0.99999962815243382     
  0.96000000000000008       0.99999939388374448     
  0.96333333333333337       0.99999897604661225     
  0.96666666666666667       0.99999821395559940     
  0.97000000000000008       0.99999685606209487     
  0.97333333333333338       0.99999449737804780     
  0.97666666666666668       0.99999047602542901     
  0.98000000000000009       0.99998371208726877     
  0.98333333333333339       0.99997246246579330     
  0.98666666666666669       0.99995395187947045     
  0.99000000000000010       0.99992382241057298     
  0.99333333333333340       0.99987532183204486     
  0.99666666666666670       0.99979812375607124     
