   0.0000000000000000       -1.0000000000000240     
   3.3333333333333335E-003 -0.99999999999999234     
   6.6666666666666671E-003 -0.99999999999998601     
   1.0000000000000000E-002 -0.99999999999999367     
   1.3333333333333334E-002  -1.0000000000000009     
   1.6666666666666666E-002  -1.0000000000000027     
   2.0000000000000000E-002  -1.0000000000000013     
   2.3333333333333334E-002 -0.99999999999999978     
   2.6666666666666668E-002 -0.99999999999999933     
   3.0000000000000002E-002 -0.99999999999999967     
   3.3333333333333333E-002 -0.99999999999999989     
   3.6666666666666667E-002  -1.0000000000000000     
   4.0000000000000001E-002  -1.0000000000000000     
   4.3333333333333335E-002  -1.0000000000000000     
   4.6666666666666669E-002 -0.99999999999999911     
   5.0000000000000003E-002 -0.99999999999999423     
   5.3333333333333337E-002 -0.99999999999996814     
   5.6666666666666671E-002 -0.99999999999983857     
   6.0000000000000005E-002 -0.99999999999923295     
   6.3333333333333339E-002 -0.99999999999655775     
   6.6666666666666666E-002 -0.99999999998536404     
   7.0000000000000007E-002 -0.99999999994091304     
   7.3333333333333334E-002 -0.99999999977305110     
   7.6666666666666675E-002 -0.99999999916912841     
   8.0000000000000002E-002 -0.99999999709573473     
   8.3333333333333343E-002 -0.99999999029280306     
   8.6666666666666670E-002 -0.99999996893267140     
   9.0000000000000011E-002 -0.99999990467452260     
   9.3333333333333338E-002 -0.99999971926134879     
   9.6666666666666679E-002 -0.99999920561329381     
  0.10000000000000001      -0.99999783824811150     
  0.10333333333333335      -0.99999433768588941     
  0.10666666666666667      -0.99998571330475983     
  0.11000000000000000      -0.99996525257873980     
  0.11333333333333334      -0.99991848464216326     
  0.11666666666666667      -0.99981544450722115     
  0.12000000000000001      -0.99959653789700365     
  0.12333333333333334      -0.99914796307620113     
  0.12666666666666668      -0.99826115589076492     
  0.13000000000000000      -0.99656954425058997     
  0.13333333333333333      -0.99345589119066180     
  0.13666666666666669      -0.98792598228950057     
  0.14000000000000001      -0.97845098300495426     
  0.14333333333333334      -0.96279289325524786     
  0.14666666666666667      -0.93784556610557446     
  0.15000000000000002      -0.89954593316023501     
  0.15333333333333335      -0.84293123843210449     
  0.15666666666666668      -0.76242924888715413     
  0.16000000000000000      -0.65245780883096272     
  0.16333333333333333      -0.50836636349715636     
  0.16666666666666669      -0.32766961157294222     
  0.17000000000000001      -0.11140887125444741     
  0.17333333333333334       0.13464625555410453     
  0.17666666666666667       0.39933411237287492     
  0.18000000000000002       0.66636231917842681     
  0.18333333333333335       0.91576689519452159     
  0.18666666666666668        1.1265914731147932     
  0.19000000000000000        1.2804584711115528     
  0.19333333333333336        1.3653429172208973     
  0.19666666666666668        1.3786139134149216     
  0.20000000000000001        1.3284020273689408     
  0.20333333333333334        1.2326515745302089     
  0.20666666666666669        1.1157927604526525     
  0.21000000000000002        1.0036732442071177     
  0.21333333333333335       0.91799290451307203     
  0.21666666666666667       0.87175504852006669     
  0.22000000000000000       0.86703824792271844     
  0.22333333333333336       0.89572729586142696     
  0.22666666666666668       0.94292197971337488     
  0.23000000000000001       0.99188951783733459     
  0.23333333333333334        1.0289583079227975     
  0.23666666666666669        1.0468486565792350     
  0.24000000000000002        1.0455625112429834     
  0.24333333333333335        1.0308601748737887     
  0.24666666666666667        1.0111802039168405     
  0.25000000000000000       0.99429534290632693     
  0.25333333333333335       0.98490455717126169     
  0.25666666666666671       0.98382807051825194     
  0.26000000000000001       0.98876199514830676     
  0.26333333333333336       0.99597067708312370     
  0.26666666666666666        1.0020636727183589     
  0.27000000000000002        1.0051581115793606     
  0.27333333333333337        1.0051327636939127     
  0.27666666666666667        1.0031175964159902     
  0.28000000000000003        1.0006386569997616     
  0.28333333333333333       0.99886914785981140     
  0.28666666666666668       0.99826722254764266     
  0.29000000000000004       0.99863421684001541     
  0.29333333333333333       0.99943403853352131     
  0.29666666666666669        1.0001483507312627     
  0.30000000000000004        1.0004978637581492     
  0.30333333333333334        1.0004763335454865     
  0.30666666666666670        1.0002479338615957     
  0.31000000000000000        1.0000048575272129     
  0.31333333333333335       0.99986659207872841     
  0.31666666666666671       0.99985302265464360     
  0.32000000000000001       0.99991597431715717     
  0.32333333333333336       0.99999100942857033     
  0.32666666666666666        1.0000359158478629     
  0.33000000000000002        1.0000420892097333     
  0.33333333333333337        1.0000242063514977     
  0.33666666666666667        1.0000025027236044     
  0.34000000000000002       0.99998990729261983     
  0.34333333333333338       0.99998864191978243     
  0.34666666666666668       0.99999395402600566     
  0.35000000000000003       0.99999985710528272     
  0.35333333333333333        1.0000029070121901     
  0.35666666666666669        1.0000028594224109     
  0.36000000000000004        1.0000012759320105     
  0.36333333333333334       0.99999979538137818     
  0.36666666666666670       0.99999918740490434     
  0.37000000000000005       0.99999934876071683     
  0.37333333333333335       0.99999979416588880     
  0.37666666666666671        1.0000001233927449     
  0.38000000000000000        1.0000002079346701     
  0.38333333333333336        1.0000001271310532     
  0.38666666666666671        1.0000000153855597     
  0.39000000000000001       0.99999995480110015     
  0.39333333333333337       0.99999995384996188     
  0.39666666666666667       0.99999998095879628     
  0.40000000000000002        1.0000000046236941     
  0.40333333333333338        1.0000000124129313     
  0.40666666666666668        1.0000000083069265     
  0.41000000000000003        1.0000000014001214     
  0.41333333333333339       0.99999999751315560     
  0.41666666666666669       0.99999999737068213     
  0.42000000000000004       0.99999999895418445     
  0.42333333333333334        1.0000000002905103     
  0.42666666666666669        1.0000000006745393     
  0.43000000000000005        1.0000000004067899     
  0.43333333333333335        1.0000000000338298     
  0.43666666666666670       0.99999999985681487     
  0.44000000000000000       0.99999999987650867     
  0.44333333333333336       0.99999999996511468     
  0.44666666666666671        1.0000000000240996     
  0.45000000000000001        1.0000000000320877     
  0.45333333333333337        1.0000000000140326     
  0.45666666666666672       0.99999999999747402     
  0.46000000000000002       0.99999999999259781     
  0.46333333333333337       0.99999999999565892     
  0.46666666666666667       0.99999999999979317     
  0.47000000000000003        1.0000000000015408     
  0.47333333333333338        1.0000000000011633     
  0.47666666666666668        1.0000000000002198     
  0.48000000000000004       0.99999999999970857     
  0.48333333333333334       0.99999999999971667     
  0.48666666666666669       0.99999999999991684     
  0.49000000000000005        1.0000000000000497     
  0.49333333333333335        1.0000000000000642     
  0.49666666666666670        1.0000000000000240     
  0.50000000000000000       0.99999999999999234     
  0.50333333333333341       0.99999999999998601     
  0.50666666666666671       0.99999999999999367     
  0.51000000000000001        1.0000000000000009     
  0.51333333333333342        1.0000000000000027     
  0.51666666666666672        1.0000000000000013     
  0.52000000000000002       0.99999999999999978     
  0.52333333333333332       0.99999999999999933     
  0.52666666666666673       0.99999999999999967     
  0.53000000000000003       0.99999999999999989     
  0.53333333333333333        1.0000000000000000     
  0.53666666666666674        1.0000000000000000     
  0.54000000000000004        1.0000000000000000     
  0.54333333333333333        1.0000000000000000     
  0.54666666666666675       0.99999999999999989     
  0.55000000000000004       0.99999999999999900     
  0.55333333333333334       0.99999999999999389     
  0.55666666666666675       0.99999999999996791     
  0.56000000000000005       0.99999999999983835     
  0.56333333333333335       0.99999999999923295     
  0.56666666666666665       0.99999999999655786     
  0.57000000000000006       0.99999999998536393     
  0.57333333333333336       0.99999999994091293     
  0.57666666666666666       0.99999999977305098     
  0.58000000000000007       0.99999999916912830     
  0.58333333333333337       0.99999999709573473     
  0.58666666666666667       0.99999999029280306     
  0.59000000000000008       0.99999996893267140     
  0.59333333333333338       0.99999990467452260     
  0.59666666666666668       0.99999971926134879     
  0.60000000000000009       0.99999920561329392     
  0.60333333333333339       0.99999783824811173     
  0.60666666666666669       0.99999433768588952     
  0.60999999999999999       0.99998571330476005     
  0.61333333333333340       0.99996525257873980     
  0.61666666666666670       0.99991848464216349     
  0.62000000000000000       0.99981544450722115     
  0.62333333333333341       0.99959653789700376     
  0.62666666666666671       0.99914796307620113     
  0.63000000000000000       0.99826115589076481     
  0.63333333333333341       0.99656954425058997     
  0.63666666666666671       0.99345589119066191     
  0.64000000000000001       0.98792598228950079     
  0.64333333333333342       0.97845098300495437     
  0.64666666666666672       0.96279289325524808     
  0.65000000000000002       0.93784556610557457     
  0.65333333333333332       0.89954593316023512     
  0.65666666666666673       0.84293123843210449     
  0.66000000000000003       0.76242924888715413     
  0.66333333333333333       0.65245780883096272     
  0.66666666666666674       0.50836636349715636     
  0.67000000000000004       0.32766961157294222     
  0.67333333333333334       0.11140887125444741     
  0.67666666666666675      -0.13464625555410453     
  0.68000000000000005      -0.39933411237287492     
  0.68333333333333335      -0.66636231917842681     
  0.68666666666666676      -0.91576689519452159     
  0.69000000000000006       -1.1265914731147932     
  0.69333333333333336       -1.2804584711115528     
  0.69666666666666666       -1.3653429172208973     
  0.70000000000000007       -1.3786139134149216     
  0.70333333333333337       -1.3284020273689408     
  0.70666666666666667       -1.2326515745302089     
  0.71000000000000008       -1.1157927604526525     
  0.71333333333333337       -1.0036732442071177     
  0.71666666666666667      -0.91799290451307203     
  0.72000000000000008      -0.87175504852006669     
  0.72333333333333338      -0.86703824792271844     
  0.72666666666666668      -0.89572729586142696     
  0.73000000000000009      -0.94292197971337488     
  0.73333333333333339      -0.99188951783733459     
  0.73666666666666669       -1.0289583079227975     
  0.74000000000000010       -1.0468486565792350     
  0.74333333333333340       -1.0455625112429834     
  0.74666666666666670       -1.0308601748737887     
  0.75000000000000000       -1.0111802039168405     
  0.75333333333333341      -0.99429534290632693     
  0.75666666666666671      -0.98490455717126169     
  0.76000000000000001      -0.98382807051825194     
  0.76333333333333342      -0.98876199514830676     
  0.76666666666666672      -0.99597067708312370     
  0.77000000000000002       -1.0020636727183589     
  0.77333333333333343       -1.0051581115793606     
  0.77666666666666673       -1.0051327636939127     
  0.78000000000000003       -1.0031175964159902     
  0.78333333333333344       -1.0006386569997616     
  0.78666666666666674      -0.99886914785981140     
  0.79000000000000004      -0.99826722254764266     
  0.79333333333333333      -0.99863421684001541     
  0.79666666666666675      -0.99943403853352131     
  0.80000000000000004       -1.0001483507312627     
  0.80333333333333334       -1.0004978637581492     
  0.80666666666666675       -1.0004763335454865     
  0.81000000000000005       -1.0002479338615957     
  0.81333333333333335       -1.0000048575272129     
  0.81666666666666676      -0.99986659207872841     
  0.82000000000000006      -0.99985302265464360     
  0.82333333333333336      -0.99991597431715717     
  0.82666666666666677      -0.99999100942857033     
  0.83000000000000007       -1.0000359158478629     
  0.83333333333333337       -1.0000420892097333     
  0.83666666666666667       -1.0000242063514977     
  0.84000000000000008       -1.0000025027236044     
  0.84333333333333338      -0.99998990729261983     
  0.84666666666666668      -0.99998864191978243     
  0.85000000000000009      -0.99999395402600566     
  0.85333333333333339      -0.99999985710528272     
  0.85666666666666669       -1.0000029070121901     
  0.86000000000000010       -1.0000028594224109     
  0.86333333333333340       -1.0000012759320105     
  0.86666666666666670      -0.99999979538137818     
  0.87000000000000011      -0.99999918740490434     
  0.87333333333333341      -0.99999934876071683     
  0.87666666666666671      -0.99999979416588880     
  0.88000000000000000       -1.0000001233927449     
  0.88333333333333341       -1.0000002079346701     
  0.88666666666666671       -1.0000001271310532     
  0.89000000000000001       -1.0000000153855597     
  0.89333333333333342      -0.99999995480110015     
  0.89666666666666672      -0.99999995384996188     
  0.90000000000000002      -0.99999998095879628     
  0.90333333333333343       -1.0000000046236941     
  0.90666666666666673       -1.0000000124129313     
  0.91000000000000003       -1.0000000083069265     
  0.91333333333333344       -1.0000000014001214     
  0.91666666666666674      -0.99999999751315560     
  0.92000000000000004      -0.99999999737068213     
  0.92333333333333334      -0.99999999895418445     
  0.92666666666666675       -1.0000000002905103     
  0.93000000000000005       -1.0000000006745393     
  0.93333333333333335       -1.0000000004067899     
  0.93666666666666676       -1.0000000000338298     
  0.94000000000000006      -0.99999999985681487     
  0.94333333333333336      -0.99999999987650867     
  0.94666666666666677      -0.99999999996511468     
  0.95000000000000007       -1.0000000000240996     
  0.95333333333333337       -1.0000000000320877     
  0.95666666666666678       -1.0000000000140326     
  0.96000000000000008      -0.99999999999747402     
  0.96333333333333337      -0.99999999999259781     
  0.96666666666666667      -0.99999999999565892     
  0.97000000000000008      -0.99999999999979317     
  0.97333333333333338       -1.0000000000015408     
  0.97666666666666668       -1.0000000000011633     
  0.98000000000000009       -1.0000000000002198     
  0.98333333333333339      -0.99999999999970857     
  0.98666666666666669      -0.99999999999971667     
  0.99000000000000010      -0.99999999999991684     
  0.99333333333333340       -1.0000000000000497     
  0.99666666666666670       -1.0000000000000642     
