   0.0000000000000000        1.0000013425601106     
   3.3333333333333335E-003   1.0000003074545061     
   6.6666666666666671E-003  0.99999950284253181     
   1.0000000000000000E-002  0.99999913417491648     
   1.3333333333333334E-002  0.99999917898423585     
   1.6666666666666666E-002  0.99999946491172109     
   2.0000000000000000E-002  0.99999977492636805     
   2.3333333333333334E-002  0.99999993096869555     
   2.6666666666666668E-002  0.99999982918917285     
   3.0000000000000002E-002  0.99999942448201229     
   3.3333333333333333E-002  0.99999867882443161     
   3.6666666666666667E-002  0.99999749251168379     
   4.0000000000000001E-002  0.99999563096127786     
   4.3333333333333335E-002  0.99999264705278945     
   4.6666666666666669E-002  0.99998778519027964     
   5.0000000000000003E-002  0.99997984183832478     
   5.3333333333333337E-002  0.99996694885553294     
   5.6666666666666671E-002  0.99994623884144640     
   6.0000000000000005E-002  0.99991334308082214     
   6.3333333333333339E-002  0.99986165984021280     
   6.6666666666666666E-002  0.99978131217246746     
   7.0000000000000007E-002  0.99965768989727100     
   7.3333333333333334E-002  0.99946944129389792     
   7.6666666666666675E-002  0.99918574862229892     
   8.0000000000000002E-002  0.99876269122784989     
   8.3333333333333343E-002  0.99813847517705667     
   8.6666666666666670E-002  0.99722729515852926     
   9.0000000000000011E-002  0.99591160083357333     
   9.3333333333333338E-002  0.99403257633025854     
   9.6666666666666679E-002  0.99137872074445132     
  0.10000000000000001       0.98767255338147730     
  0.10333333333333335       0.98255567396368892     
  0.10666666666666667       0.97557269650019118     
  0.11000000000000000       0.96615495142509622     
  0.11333333333333334       0.95360530940796540     
  0.11666666666666667       0.93708600276252452     
  0.12000000000000001       0.91561186831623587     
  0.12333333333333334       0.88805194785509189     
  0.12666666666666668       0.85314277333887301     
  0.13000000000000000       0.80951682591414964     
  0.13333333333333333       0.75574946625327721     
  0.13666666666666669       0.69042696136560355     
  0.14000000000000001       0.61223696776389613     
  0.14333333333333334       0.52008090130213946     
  0.14666666666666667       0.41320502838512729     
  0.15000000000000002       0.29134394908050132     
  0.15333333333333335       0.15486663135932463     
  0.15666666666666668        4.9116556857390359E-003
  0.16000000000000000      -0.15650466986854922     
  0.16333333333333333      -0.32642557222466084     
  0.16666666666666669      -0.50095489075800681     
  0.17000000000000001      -0.67533829829980452     
  0.17333333333333334      -0.84413617520667306     
  0.17666666666666667       -1.0014919911737228     
  0.18000000000000002       -1.1414898361371399     
  0.18333333333333335       -1.2585827283071667     
  0.18666666666666668       -1.3480607712278272     
  0.19000000000000000       -1.4065168210066832     
  0.19333333333333336       -1.4322590128760411     
  0.19666666666666668       -1.4256162395386689     
  0.20000000000000001       -1.3890860965667056     
  0.20333333333333334       -1.3272858403074934     
  0.20666666666666669       -1.2466854431464398     
  0.21000000000000002       -1.1551265341944112     
  0.21333333333333335       -1.0611592461995651     
  0.21666666666666667      -0.97325701863056857     
  0.22000000000000000      -0.89899283936137653     
  0.22333333333333336      -0.84427484644438122     
  0.22666666666666668      -0.81274104613947196     
  0.23000000000000001      -0.80540009998103224     
  0.23333333333333334      -0.82057786937856902     
  0.23666666666666669      -0.85419038585629203     
  0.24000000000000002      -0.90031824854067000     
  0.24333333333333335      -0.95201204056250521     
  0.24666666666666667       -1.0022208412278724     
  0.25000000000000000       -1.0447133149091590     
  0.25333333333333335       -1.0748581837397262     
  0.25666666666666671       -1.0901499486163335     
  0.26000000000000001       -1.0904044650244356     
  0.26333333333333336       -1.0776015568345305     
  0.26666666666666666       -1.0554094474342692     
  0.27000000000000002       -1.0284781503264997     
  0.27333333333333337       -1.0016263526600306     
  0.27666666666666667      -0.97906151382781803     
  0.28000000000000003      -0.96376275879909168     
  0.28333333333333333      -0.95712246398278256     
  0.28666666666666668      -0.95889172774317744     
  0.29000000000000004      -0.96741719992527697     
  0.29333333333333333      -0.98010348577895368     
  0.29666666666666669      -0.99399704935661237     
  0.30000000000000004       -1.0063715049080910     
  0.30333333333333334       -1.0152028827783575     
  0.30666666666666670       -1.0194540544228730     
  0.31000000000000000       -1.0191325469732353     
  0.31333333333333335       -1.0151351552622307     
  0.31666666666666671       -1.0089352878273137     
  0.32000000000000001       -1.0021960854911822     
  0.32333333333333336      -0.99639919035429059     
  0.32666666666666666      -0.99256566948327829     
  0.33000000000000002      -0.99111668783770956     
  0.33333333333333337      -0.99188501438327548     
  0.33666666666666667      -0.99425343019557300     
  0.34000000000000002      -0.99737057337426627     
  0.34333333333333338       -1.0003837163163378     
  0.34666666666666668       -1.0026324711303791     
  0.35000000000000003       -1.0037646109557350     
  0.35333333333333333       -1.0037594009077329     
  0.35666666666666669       -1.0028682483599443     
  0.36000000000000004       -1.0015010267141859     
  0.36333333333333334       -1.0000952305253139     
  0.36666666666666670      -0.99900328809863692     
  0.37000000000000005      -0.99842286300436445     
  0.37333333333333335      -0.99837979294084966     
  0.37666666666666671      -0.99875810920869812     
  0.38000000000000000      -0.99936036402306283     
  0.38333333333333336      -0.99997661946935223     
  0.38666666666666671       -1.0004422002564572     
  0.39000000000000001       -1.0006711057043007     
  0.39333333333333337       -1.0006610942506879     
  0.39666666666666667       -1.0004749705903089     
  0.40000000000000002       -1.0002082526896363     
  0.40333333333333338      -0.99995510606097826     
  0.40666666666666668      -0.99978245137449007     
  0.41000000000000003      -0.99971774564953830     
  0.41333333333333339      -0.99975084833627892     
  0.41666666666666669      -0.99984622937634682     
  0.42000000000000004      -0.99995959101239273     
  0.42333333333333334       -1.0000530055443035     
  0.42666666666666669       -1.0001044493675431     
  0.43000000000000005       -1.0001102356402036     
  0.43333333333333335       -1.0000813367047687     
  0.43666666666666670       -1.0000362097069779     
  0.44000000000000000      -0.99999318501477241     
  0.44333333333333336      -0.99996487141022683     
  0.44666666666666671      -0.99995580314384835     
  0.45000000000000001      -0.99996323335800352     
  0.45333333333333337      -0.99998000772874895     
  0.45666666666666672      -0.99999805992202828     
  0.46000000000000002       -1.0000112448210954     
  0.46333333333333337       -1.0000167723895006     
  0.46666666666666667       -1.0000151538973812     
  0.47000000000000003       -1.0000090836645830     
  0.47333333333333338       -1.0000019180901929     
  0.47666666666666668      -0.99999636906529865     
  0.48000000000000004      -0.99999378876748868     
  0.48333333333333334      -0.99999411950924966     
  0.48666666666666669      -0.99999633590210857     
  0.49000000000000005      -0.99999908665673010     
  0.49333333333333335       -1.0000012574227790     
  0.49666666666666670       -1.0000022829647521     
  0.50000000000000000       -1.0000021738303200     
  0.50333333333333341       -1.0000013329679682     
  0.50666666666666671       -1.0000002897651687     
  0.51000000000000001      -0.99999947053220350     
  0.51333333333333342      -0.99999907572292035     
  0.51666666666666672      -0.99999907425238865     
  0.52000000000000002      -0.99999927905776231     
  0.52333333333333332      -0.99999944828620491     
  0.52666666666666673      -0.99999936242745247     
  0.53000000000000003      -0.99999884916299797     
  0.53333333333333333      -0.99999775152766512     
  0.53666666666666674      -0.99999585077316622     
  0.54000000000000004      -0.99999275847212221     
  0.54333333333333333      -0.99998778400819766     
  0.54666666666666675      -0.99997976822400203     
  0.55000000000000004      -0.99996685670838514     
  0.55333333333333334      -0.99994617027696386     
  0.55666666666666675      -0.99991331621300172     
  0.56000000000000005      -0.99986167011813742     
  0.56333333333333335      -0.99978134212862901     
  0.56666666666666665      -0.99965772058559588     
  0.57000000000000006      -0.99946946030806938     
  0.57333333333333336      -0.99918575269105214     
  0.57666666666666666      -0.99876268424142489     
  0.58000000000000007      -0.99813846404034878     
  0.58333333333333337      -0.99722728591160392     
  0.58666666666666667      -0.99591159651838224     
  0.59000000000000008      -0.99403257685028090     
  0.59333333333333338      -0.99137872406014627     
  0.59666666666666668      -0.98767255706815416     
  0.60000000000000009      -0.98255567635651153     
  0.60333333333333339      -0.97557269710122119     
  0.60666666666666669      -0.96615495067276369     
  0.60999999999999999      -0.95360530814018674     
  0.61333333333333340      -0.93708600171275291     
  0.61666666666666670      -0.91561186784327064     
  0.62000000000000000      -0.88805194793407405     
  0.62333333333333341      -0.85314277371928560     
  0.62666666666666671      -0.80951682631416721     
  0.63000000000000000      -0.75574946649308805     
  0.63333333333333341      -0.69042696140534532     
  0.63666666666666671      -0.61223696766622338     
  0.64000000000000001      -0.52008090116468564     
  0.64333333333333342      -0.41320502828402011     
  0.64666666666666672      -0.29134394904545480     
  0.65000000000000002      -0.15486663137899453     
  0.65333333333333332       -4.9116557291366408E-003
  0.65666666666666673       0.15650466983041147     
  0.66000000000000003       0.32642557220664287     
  0.66333333333333333       0.50095489075989419     
  0.66666666666666674       0.67533829831252012     
  0.67000000000000004       0.84413617521998408     
  0.67333333333333334        1.0014919911813494     
  0.67666666666666675        1.1414898361379882     
  0.68000000000000005        1.2585827283036926     
  0.68333333333333335        1.3480607712234420     
  0.68666666666666676        1.4065168210037891     
  0.69000000000000006        1.4322590128753425     
  0.69333333333333336        1.4256162395395555     
  0.69666666666666666        1.3890860965680889     
  0.70000000000000007        1.3272858403085153     
  0.70333333333333337        1.2466854431467769     
  0.70666666666666667        1.1551265341942003     
  0.71000000000000008        1.0611592461991426     
  0.71333333333333337       0.97325701863022640     
  0.71666666666666667       0.89899283936124186     
  0.72000000000000008       0.84427484644442774     
  0.72333333333333338       0.81274104613959830     
  0.72666666666666668       0.80540009998114259     
  0.73000000000000009       0.82057786937861743     
  0.73333333333333339       0.85419038585628249     
  0.73666666666666669       0.90031824854063269     
  0.74000000000000010       0.95201204056247046     
  0.74333333333333340        1.0022208412278559     
  0.74666666666666670        1.0447133149091605     
  0.75000000000000000        1.0748581837397368     
  0.75333333333333341        1.0901499486163440     
  0.75666666666666671        1.0904044650244407     
  0.76000000000000001        1.0776015568345303     
  0.76333333333333342        1.0554094474342668     
  0.76666666666666672        1.0284781503264975     
  0.77000000000000002        1.0016263526600295     
  0.77333333333333343       0.97906151382781814     
  0.77666666666666673       0.96376275879909223     
  0.78000000000000003       0.95712246398278278     
  0.78333333333333344       0.95889172774317710     
  0.78666666666666674       0.96741719992527586     
  0.79000000000000004       0.98010348577895201     
  0.79333333333333333       0.99399704935661037     
  0.79666666666666675        1.0063715049080890     
  0.80000000000000004        1.0152028827783557     
  0.80333333333333334        1.0194540544228718     
  0.80666666666666675        1.0191325469732346     
  0.81000000000000005        1.0151351552622301     
  0.81333333333333335        1.0089352878273135     
  0.81666666666666676        1.0021960854911824     
  0.82000000000000006       0.99639919035429081     
  0.82333333333333336       0.99256566948327907     
  0.82666666666666677       0.99111668783771034     
  0.83000000000000007       0.99188501438327625     
  0.83333333333333337       0.99425343019557355     
  0.83666666666666667       0.99737057337426693     
  0.84000000000000008        1.0003837163163383     
  0.84333333333333338        1.0026324711303796     
  0.84666666666666668        1.0037646109557352     
  0.85000000000000009        1.0037594009077331     
  0.85333333333333339        1.0028682483599443     
  0.85666666666666669        1.0015010267141859     
  0.86000000000000010        1.0000952305253137     
  0.86333333333333340       0.99900328809863659     
  0.86666666666666670       0.99842286300436378     
  0.87000000000000011       0.99837979294084900     
  0.87333333333333341       0.99875810920869723     
  0.87666666666666671       0.99936036402306205     
  0.88000000000000000       0.99997661946935157     
  0.88333333333333341        1.0004422002564568     
  0.88666666666666671        1.0006711057043003     
  0.89000000000000001        1.0006610942506875     
  0.89333333333333342        1.0004749705903091     
  0.89666666666666672        1.0002082526896368     
  0.90000000000000002       0.99995510606097848     
  0.90333333333333343       0.99978245137449007     
  0.90666666666666673       0.99971774564953797     
  0.91000000000000003       0.99975084833627847     
  0.91333333333333344       0.99984622937634682     
  0.91666666666666674       0.99995959101239285     
  0.92000000000000004        1.0000530055443042     
  0.92333333333333334        1.0001044493675442     
  0.92666666666666675        1.0001102356402058     
  0.93000000000000005        1.0000813367047729     
  0.93333333333333335        1.0000362097069855     
  0.93666666666666676       0.99999318501478740     
  0.94000000000000006       0.99996487141025869     
  0.94333333333333336       0.99995580314391663     
  0.94666666666666677       0.99996323335815007     
  0.95000000000000007       0.99998000772906281     
  0.95333333333333337       0.99999805992269564     
  0.95666666666666678        1.0000112448225025     
  0.96000000000000008        1.0000167723924394     
  0.96333333333333337        1.0000151539034603     
  0.96666666666666667        1.0000090836770390     
  0.97000000000000008        1.0000019181154705     
  0.97333333333333338       0.99999636911610601     
  0.97666666666666668       0.99999378886863832     
  0.98000000000000009       0.99999411970870533     
  0.98333333333333339       0.99999633629166851     
  0.98666666666666669       0.99999908741034582     
  0.99000000000000010        1.0000012588667988     
  0.99333333333333340        1.0000022857053366     
  0.99666666666666670        1.0000021789821112     
