   0.0000000000000000       -1.0000000000000000     
   3.3333333333333335E-003  -1.0000000000000000     
   6.6666666666666671E-003  -1.0000000000000000     
   1.0000000000000000E-002  -1.0000000000000000     
   1.3333333333333334E-002  -1.0000000000000000     
   1.6666666666666666E-002  -1.0000000000000000     
   2.0000000000000000E-002  -1.0000000000000000     
   2.3333333333333334E-002 -0.99999999999999978     
   2.6666666666666668E-002 -0.99999999999999800     
   3.0000000000000002E-002 -0.99999999999998490     
   3.3333333333333333E-002 -0.99999999999989564     
   3.6666666666666667E-002 -0.99999999999934319     
   4.0000000000000001E-002 -0.99999999999621858     
   4.3333333333333335E-002 -0.99999999997995614     
   4.6666666666666669E-002 -0.99999999990161659     
   5.0000000000000003E-002 -0.99999999955066488     
   5.3333333333333337E-002 -0.99999999808253848     
   5.6666666666666671E-002 -0.99999999232722481     
   6.0000000000000005E-002 -0.99999997111884642     
   6.3333333333333339E-002 -0.99999989745496953     
   6.6666666666666666E-002 -0.99999965571814675     
   7.0000000000000007E-002 -0.99999890464773966     
   7.3333333333333334E-002 -0.99999669120736989     
   7.6666666666666675E-002 -0.99999049383544791     
   8.0000000000000002E-002 -0.99997398500489620     
   8.3333333333333343E-002 -0.99993209296987340     
   8.6666666666666670E-002 -0.99983072114945826     
   9.0000000000000011E-002 -0.99959658462955947     
   9.3333333333333338E-002 -0.99908002925031925     
   9.6666666666666679E-002 -0.99799078341685721     
  0.10000000000000001      -0.99579445320202598     
  0.10333333333333335      -0.99155833495356938     
  0.10666666666666667      -0.98374197289530896     
  0.11000000000000000      -0.96994445301724252     
  0.11333333333333334      -0.94664912028506731     
  0.11666666666666667      -0.90904576724442054     
  0.12000000000000001      -0.85105191780300471     
  0.12333333333333334      -0.76568127582045331     
  0.12666666666666668      -0.64589409481041216     
  0.13000000000000000      -0.48598647995209104     
  0.13333333333333333      -0.28342184513330160     
  0.13666666666666669       -4.0794961044628028E-002
  0.14000000000000001       0.23259647123992050     
  0.14333333333333334       0.52022458717977249     
  0.14666666666666667       0.79943765602395911     
  0.15000000000000002        1.0444722923642038     
  0.15333333333333335        1.2310946791902313     
  0.15666666666666668        1.3419490895237343     
  0.16000000000000000        1.3711855486117703     
  0.16333333333333333        1.3268249569666448     
  0.16666666666666669        1.2297591413785316     
  0.17000000000000001        1.1092338428829893     
  0.17333333333333334       0.99584580622864483     
  0.17666666666666667       0.91405827803111184     
  0.18000000000000002       0.87656990011187297     
  0.18333333333333335       0.88234380781494359     
  0.18666666666666668       0.91885201994676136     
  0.19000000000000000       0.96758338187176696     
  0.19333333333333336        1.0107164364262671     
  0.19666666666666668        1.0365551537782149     
  0.20000000000000001        1.0419835921248546     
  0.20333333333333334        1.0315036098945967     
  0.20666666666666669        1.0137832814707637     
  0.21000000000000002       0.99747345479996230     
  0.21333333333333335       0.98804169075934478     
  0.21666666666666667       0.98663358743013307     
  0.22000000000000000       0.99093210964655865     
  0.22333333333333336       0.99715827899046694     
  0.22666666666666668        1.0020762808511052     
  0.23000000000000001        1.0041524668454729     
  0.23333333333333334        1.0036172582001202     
  0.23666666666666669        1.0017395222485626     
  0.24000000000000002       0.99988915700072822     
  0.24333333333333335       0.99888446877508130     
  0.24666666666666667       0.99882922376362382     
  0.25000000000000000       0.99934389372627908     
  0.25333333333333335       0.99993814858523666     
  0.25666666666666671        1.0002915682904929     
  0.26000000000000001        1.0003393947377075     
  0.26333333333333336        1.0001964674876607     
  0.26666666666666666        1.0000222463010116     
  0.27000000000000002       0.99992006038686831     
  0.27333333333333337       0.99990870629301631     
  0.27666666666666667       0.99995075886521712     
  0.28000000000000003       0.99999813384399694     
  0.28333333333333333        1.0000228184172768     
  0.28666666666666668        1.0000226265713337     
  0.29000000000000004        1.0000100898579667     
  0.29333333333333333       0.99999840070554513     
  0.29666666666666669       0.99999368853998982     
  0.30000000000000004       0.99999503409256918     
  0.30333333333333334       0.99999851724723354     
  0.30666666666666670        1.0000010001730757     
  0.31000000000000000        1.0000015610086708     
  0.31333333333333335        1.0000008952230452     
  0.31666666666666671        1.0000000599193548     
  0.32000000000000001       0.99999964908750394     
  0.32333333333333336       0.99999967941564416     
  0.32666666666666666       0.99999988898039194     
  0.33000000000000002        1.0000000489499941     
  0.33333333333333337        1.0000000876761141     
  0.33666666666666667        1.0000000492922563     
  0.34000000000000002        1.0000000018377595     
  0.34333333333333338       0.99999998068900087     
  0.34666666666666668       0.99999998425080627     
  0.35000000000000003       0.99999999590017574     
  0.35333333333333333        1.0000000033454777     
  0.35666666666666669        1.0000000041806634     
  0.36000000000000004        1.0000000017594675     
  0.36333333333333334       0.99999999962322772     
  0.36666666666666670       0.99999999902829206     
  0.37000000000000005       0.99999999944806872     
  0.37333333333333335       0.99999999998530553     
  0.37666666666666671        1.0000000002030305     
  0.38000000000000000        1.0000000001474225     
  0.38333333333333336        1.0000000000246680     
  0.38666666666666671       0.99999999996124922     
  0.39000000000000001       0.99999999996452382     
  0.39333333333333337       0.99999999999060907     
  0.39666666666666667        1.0000000000068390     
  0.40000000000000002        1.0000000000079254     
  0.40333333333333338        1.0000000000026734     
  0.40666666666666668       0.99999999999886846     
  0.41000000000000003       0.99999999999832390     
  0.41333333333333339       0.99999999999934308     
  0.41666666666666669        1.0000000000001787     
  0.42000000000000004        1.0000000000003395     
  0.42333333333333334        1.0000000000001459     
  0.42666666666666669       0.99999999999997147     
  0.43000000000000005       0.99999999999993294     
  0.43333333333333335       0.99999999999996980     
  0.43666666666666670        1.0000000000000049     
  0.44000000000000000        1.0000000000000127     
  0.44333333333333336        1.0000000000000058     
  0.44666666666666671       0.99999999999999900     
  0.45000000000000001       0.99999999999999756     
  0.45333333333333337       0.99999999999999878     
  0.45666666666666672        1.0000000000000000     
  0.46000000000000002        1.0000000000000004     
  0.46333333333333337        1.0000000000000002     
  0.46666666666666667        1.0000000000000000     
  0.47000000000000003        1.0000000000000000     
  0.47333333333333338        1.0000000000000000     
  0.47666666666666668        1.0000000000000000     
  0.48000000000000004        1.0000000000000000     
  0.48333333333333334        1.0000000000000000     
  0.48666666666666669        1.0000000000000000     
  0.49000000000000005        1.0000000000000000     
  0.49333333333333335        1.0000000000000000     
  0.49666666666666670        1.0000000000000000     
  0.50000000000000000        1.0000000000000000     
  0.50333333333333341        1.0000000000000000     
  0.50666666666666671        1.0000000000000000     
  0.51000000000000001        1.0000000000000000     
  0.51333333333333342        1.0000000000000000     
  0.51666666666666672        1.0000000000000000     
  0.52000000000000002        1.0000000000000000     
  0.52333333333333332       0.99999999999999989     
  0.52666666666666673       0.99999999999999978     
  0.53000000000000003       0.99999999999999800     
  0.53333333333333333       0.99999999999998490     
  0.53666666666666674       0.99999999999989564     
  0.54000000000000004       0.99999999999934319     
  0.54333333333333333       0.99999999999621847     
  0.54666666666666675       0.99999999997995603     
  0.55000000000000004       0.99999999990161659     
  0.55333333333333334       0.99999999955066476     
  0.55666666666666675       0.99999999808253848     
  0.56000000000000005       0.99999999232722492     
  0.56333333333333335       0.99999997111884642     
  0.56666666666666665       0.99999989745496964     
  0.57000000000000006       0.99999965571814653     
  0.57333333333333336       0.99999890464773966     
  0.57666666666666666       0.99999669120737000     
  0.58000000000000007       0.99999049383544791     
  0.58333333333333337       0.99997398500489620     
  0.58666666666666667       0.99993209296987340     
  0.59000000000000008       0.99983072114945826     
  0.59333333333333338       0.99959658462955947     
  0.59666666666666668       0.99908002925031925     
  0.60000000000000009       0.99799078341685721     
  0.60333333333333339       0.99579445320202598     
  0.60666666666666669       0.99155833495356938     
  0.60999999999999999       0.98374197289530896     
  0.61333333333333340       0.96994445301724252     
  0.61666666666666670       0.94664912028506731     
  0.62000000000000000       0.90904576724442054     
  0.62333333333333341       0.85105191780300471     
  0.62666666666666671       0.76568127582045331     
  0.63000000000000000       0.64589409481041216     
  0.63333333333333341       0.48598647995209104     
  0.63666666666666671       0.28342184513330160     
  0.64000000000000001        4.0794961044628028E-002
  0.64333333333333342      -0.23259647123992050     
  0.64666666666666672      -0.52022458717977249     
  0.65000000000000002      -0.79943765602395911     
  0.65333333333333332       -1.0444722923642038     
  0.65666666666666673       -1.2310946791902313     
  0.66000000000000003       -1.3419490895237343     
  0.66333333333333333       -1.3711855486117703     
  0.66666666666666674       -1.3268249569666448     
  0.67000000000000004       -1.2297591413785316     
  0.67333333333333334       -1.1092338428829893     
  0.67666666666666675      -0.99584580622864483     
  0.68000000000000005      -0.91405827803111184     
  0.68333333333333335      -0.87656990011187297     
  0.68666666666666676      -0.88234380781494359     
  0.69000000000000006      -0.91885201994676136     
  0.69333333333333336      -0.96758338187176696     
  0.69666666666666666       -1.0107164364262671     
  0.70000000000000007       -1.0365551537782149     
  0.70333333333333337       -1.0419835921248546     
  0.70666666666666667       -1.0315036098945967     
  0.71000000000000008       -1.0137832814707637     
  0.71333333333333337      -0.99747345479996230     
  0.71666666666666667      -0.98804169075934478     
  0.72000000000000008      -0.98663358743013307     
  0.72333333333333338      -0.99093210964655865     
  0.72666666666666668      -0.99715827899046694     
  0.73000000000000009       -1.0020762808511052     
  0.73333333333333339       -1.0041524668454729     
  0.73666666666666669       -1.0036172582001202     
  0.74000000000000010       -1.0017395222485626     
  0.74333333333333340      -0.99988915700072822     
  0.74666666666666670      -0.99888446877508130     
  0.75000000000000000      -0.99882922376362382     
  0.75333333333333341      -0.99934389372627908     
  0.75666666666666671      -0.99993814858523666     
  0.76000000000000001       -1.0002915682904929     
  0.76333333333333342       -1.0003393947377075     
  0.76666666666666672       -1.0001964674876607     
  0.77000000000000002       -1.0000222463010116     
  0.77333333333333343      -0.99992006038686831     
  0.77666666666666673      -0.99990870629301631     
  0.78000000000000003      -0.99995075886521712     
  0.78333333333333344      -0.99999813384399694     
  0.78666666666666674       -1.0000228184172768     
  0.79000000000000004       -1.0000226265713337     
  0.79333333333333333       -1.0000100898579667     
  0.79666666666666675      -0.99999840070554513     
  0.80000000000000004      -0.99999368853998982     
  0.80333333333333334      -0.99999503409256918     
  0.80666666666666675      -0.99999851724723354     
  0.81000000000000005       -1.0000010001730757     
  0.81333333333333335       -1.0000015610086708     
  0.81666666666666676       -1.0000008952230452     
  0.82000000000000006       -1.0000000599193548     
  0.82333333333333336      -0.99999964908750394     
  0.82666666666666677      -0.99999967941564416     
  0.83000000000000007      -0.99999988898039194     
  0.83333333333333337       -1.0000000489499941     
  0.83666666666666667       -1.0000000876761141     
  0.84000000000000008       -1.0000000492922563     
  0.84333333333333338       -1.0000000018377595     
  0.84666666666666668      -0.99999998068900087     
  0.85000000000000009      -0.99999998425080627     
  0.85333333333333339      -0.99999999590017574     
  0.85666666666666669       -1.0000000033454777     
  0.86000000000000010       -1.0000000041806634     
  0.86333333333333340       -1.0000000017594675     
  0.86666666666666670      -0.99999999962322772     
  0.87000000000000011      -0.99999999902829206     
  0.87333333333333341      -0.99999999944806872     
  0.87666666666666671      -0.99999999998530553     
  0.88000000000000000       -1.0000000002030305     
  0.88333333333333341       -1.0000000001474225     
  0.88666666666666671       -1.0000000000246680     
  0.89000000000000001      -0.99999999996124922     
  0.89333333333333342      -0.99999999996452382     
  0.89666666666666672      -0.99999999999060907     
  0.90000000000000002       -1.0000000000068390     
  0.90333333333333343       -1.0000000000079254     
  0.90666666666666673       -1.0000000000026734     
  0.91000000000000003      -0.99999999999886846     
  0.91333333333333344      -0.99999999999832390     
  0.91666666666666674      -0.99999999999934308     
  0.92000000000000004       -1.0000000000001787     
  0.92333333333333334       -1.0000000000003395     
  0.92666666666666675       -1.0000000000001459     
  0.93000000000000005      -0.99999999999997147     
  0.93333333333333335      -0.99999999999993294     
  0.93666666666666676      -0.99999999999996980     
  0.94000000000000006       -1.0000000000000049     
  0.94333333333333336       -1.0000000000000127     
  0.94666666666666677       -1.0000000000000058     
  0.95000000000000007      -0.99999999999999900     
  0.95333333333333337      -0.99999999999999756     
  0.95666666666666678      -0.99999999999999878     
  0.96000000000000008       -1.0000000000000000     
  0.96333333333333337       -1.0000000000000004     
  0.96666666666666667       -1.0000000000000002     
  0.97000000000000008       -1.0000000000000000     
  0.97333333333333338       -1.0000000000000000     
  0.97666666666666668       -1.0000000000000000     
  0.98000000000000009       -1.0000000000000000     
  0.98333333333333339       -1.0000000000000000     
  0.98666666666666669       -1.0000000000000000     
  0.99000000000000010       -1.0000000000000000     
  0.99333333333333340       -1.0000000000000000     
  0.99666666666666670       -1.0000000000000000     
