   0.0000000000000000      -0.99485150916936527     
   3.3333333333333335E-003 -0.91356024476236308     
   6.6666666666666671E-003 -0.85573455362204176     
   1.0000000000000000E-002 -0.82590766265393145     
   1.3333333333333334E-002 -0.82453684518734349     
   1.6666666666666666E-002 -0.84811298592692397     
   2.0000000000000000E-002 -0.88988510832915479     
   2.3333333333333334E-002 -0.94108756647260339     
   2.6666666666666668E-002 -0.99245960607333217     
   3.0000000000000002E-002  -1.0357859374963168     
   3.3333333333333333E-002  -1.0651785692161098     
   3.6666666666666667E-002  -1.0778692871824020     
   4.0000000000000001E-002  -1.0743806654191086     
   4.3333333333333335E-002  -1.0580711345090057     
   4.6666666666666669E-002  -1.0341783338262984     
   5.0000000000000003E-002  -1.0085853507052311     
   5.3333333333333337E-002 -0.98658317307771615     
   5.6666666666666671E-002 -0.97188862340979509     
   6.0000000000000005E-002 -0.96610446300723973     
   6.3333333333333339E-002 -0.96869607498642696     
   6.6666666666666666E-002 -0.97743572744516072     
   7.0000000000000007E-002 -0.98916167651173281     
   7.3333333333333334E-002  -1.0006400876175525     
   7.6666666666666675E-002  -1.0093151985432685     
   8.0000000000000002E-002  -1.0137840949522945     
   8.3333333333333343E-002  -1.0139196679333162     
   8.6666666666666670E-002  -1.0106629092488060     
   9.0000000000000011E-002  -1.0055868780114339     
   9.3333333333333338E-002  -1.0003793199301569     
   9.6666666666666679E-002 -0.99639083791282124     
  0.10000000000000001      -0.99435584198021987     
  0.10333333333333335      -0.99433008614161511     
  0.10666666666666667      -0.99582232352027300     
  0.11000000000000000      -0.99804773463907981     
  0.11333333333333334       -1.0002093516491497     
  0.11666666666666667       -1.0017227458625935     
  0.12000000000000001       -1.0023313945615444     
  0.12333333333333334       -1.0021021007022353     
  0.12666666666666668       -1.0013273217154883     
  0.13000000000000000       -1.0003836172863041     
  0.13333333333333333      -0.99959845960945293     
  0.13666666666666669      -0.99916397244149047     
  0.14000000000000001      -0.99911324998998674     
  0.14333333333333334      -0.99935184403214772     
  0.14666666666666667      -0.99972123962185755     
  0.15000000000000002       -1.0000662866294643     
  0.15333333333333335       -1.0002839081607047     
  0.15666666666666668       -1.0003419924894605     
  0.16000000000000000       -1.0002699425809116     
  0.16333333333333333       -1.0001314416199516     
  0.16666666666666669      -0.99999329999520770     
  0.17000000000000001      -0.99990199906013311     
  0.17333333333333334      -0.99987385285733876     
  0.17666666666666667      -0.99989840698876253     
  0.18000000000000002      -0.99995016291202099     
  0.18333333333333335       -1.0000021237286159     
  0.18666666666666668       -1.0000358202902579     
  0.19000000000000000       -1.0000452514092819     
  0.19333333333333336       -1.0000351152070406     
  0.19666666666666668       -1.0000156889375147     
  0.20000000000000001      -0.99999725936454698     
  0.20333333333333334      -0.99998630992584991     
  0.20666666666666669      -0.99998434736967323     
  0.21000000000000002      -0.99998898292453464     
  0.21333333333333335      -0.99999614172841855     
  0.21666666666666667       -1.0000021914285409     
  0.22000000000000000       -1.0000051930552754     
  0.22333333333333336       -1.0000050736596644     
  0.22666666666666668       -1.0000030088260516     
  0.23000000000000001       -1.0000005226181816     
  0.23333333333333334      -0.99999875867337717     
  0.23666666666666669      -0.99999815693091976     
  0.24000000000000002      -0.99999852775160658     
  0.24333333333333335      -0.99999935593637646     
  0.24666666666666667       -1.0000001298746199     
  0.25000000000000000       -1.0000005511170749     
  0.25333333333333335       -1.0000005796556208     
  0.25666666666666671       -1.0000003546711365     
  0.26000000000000001       -1.0000000689795532     
  0.26333333333333336      -0.99999986720292322     
  0.26666666666666666      -0.99999980242478115     
  0.27000000000000002      -0.99999984837893197     
  0.27333333333333337      -0.99999994128359693     
  0.27666666666666667       -1.0000000220490541     
  0.28000000000000003       -1.0000000602622441     
  0.28333333333333333       -1.0000000563124940     
  0.28666666666666668       -1.0000000290694331     
  0.29000000000000004       -1.0000000001544356     
  0.29333333333333333      -0.99999998316317962     
  0.29666666666666669      -0.99999998075563967     
  0.30000000000000004      -0.99999998783260613     
  0.30333333333333334      -0.99999999692611563     
  0.30666666666666670       -1.0000000024101241     
  0.31000000000000000       -1.0000000019721966     
  0.31333333333333335      -0.99999999558300356     
  0.31666666666666671      -0.99999998309694371     
  0.32000000000000001      -0.99999996147553671     
  0.32333333333333336      -0.99999992179627128     
  0.32666666666666666      -0.99999984514138474     
  0.33000000000000002      -0.99999969538643740     
  0.33333333333333337      -0.99999940572111556     
  0.33666666666666667      -0.99999885402508726     
  0.34000000000000002      -0.99999781937421384     
  0.34333333333333338      -0.99999590720598919     
  0.34666666666666668      -0.99999242310354464     
  0.35000000000000003      -0.99998616359590853     
  0.35333333333333333      -0.99997507531285534     
  0.35666666666666669      -0.99995570939743772     
  0.36000000000000004      -0.99992236410000013     
  0.36333333333333334      -0.99986576275710537     
  0.36666666666666670      -0.99977105517426901     
  0.37000000000000005      -0.99961485734700395     
  0.37333333333333335      -0.99936095950859360     
  0.37666666666666671      -0.99895424178140968     
  0.38000000000000000      -0.99831225230450604     
  0.38333333333333336      -0.99731384470486717     
  0.38666666666666671      -0.99578427002251013     
  0.39000000000000001      -0.99347621305490674     
  0.39333333333333337      -0.99004650426449037     
  0.39666666666666667      -0.98502868072751115     
  0.40000000000000002      -0.97780226463741549     
  0.40333333333333338      -0.96756061045201158     
  0.40666666666666668      -0.95328044157260206     
  0.41000000000000003      -0.93369769678001846     
  0.41333333333333339      -0.90729589766446306     
  0.41666666666666669      -0.87231469486224900     
  0.42000000000000004      -0.82678721279645551     
  0.42333333333333334      -0.76861486041655602     
  0.42666666666666669      -0.69568693488020172     
  0.43000000000000005      -0.60604917600481767     
  0.43333333333333335      -0.49812013826374729     
  0.43666666666666670      -0.37094682402905660     
  0.44000000000000000      -0.22448187810540071     
  0.44333333333333336       -5.9854718709193358E-002
  0.44666666666666671       0.12040022612093865     
  0.45000000000000001       0.31220151819464859     
  0.45333333333333337       0.50990987887808970     
  0.45666666666666672       0.70648805565096351     
  0.46000000000000002       0.89385707462941488     
  0.46333333333333337        1.0634520754834103     
  0.46666666666666667        1.2069512406219045     
  0.47000000000000003        1.3171178620306412     
  0.47333333333333338        1.3886635767415756     
  0.47666666666666668        1.4190167337456343     
  0.48000000000000004        1.4088704009130586     
  0.48333333333333334        1.3623950954962960     
  0.48666666666666669        1.2870345309780975     
  0.49000000000000005        1.1928569936975200     
  0.49333333333333335        1.0915040688391142     
  0.49666666666666670       0.99485150916936549     
  0.50000000000000000       0.91356024476236308     
  0.50333333333333341       0.85573455362204176     
  0.50666666666666671       0.82590766265393134     
  0.51000000000000001       0.82453684518734327     
  0.51333333333333342       0.84811298592692375     
  0.51666666666666672       0.88988510832915446     
  0.52000000000000002       0.94108756647260305     
  0.52333333333333332       0.99245960607333217     
  0.52666666666666673        1.0357859374963170     
  0.53000000000000003        1.0651785692161102     
  0.53333333333333333        1.0778692871824025     
  0.53666666666666674        1.0743806654191097     
  0.54000000000000004        1.0580711345090066     
  0.54333333333333333        1.0341783338262998     
  0.54666666666666675        1.0085853507052320     
  0.55000000000000004       0.98658317307771681     
  0.55333333333333334       0.97188862340979520     
  0.55666666666666675       0.96610446300723973     
  0.56000000000000005       0.96869607498642674     
  0.56333333333333335       0.97743572744516016     
  0.56666666666666665       0.98916167651173237     
  0.57000000000000006        1.0006400876175521     
  0.57333333333333336        1.0093151985432680     
  0.57666666666666666        1.0137840949522943     
  0.58000000000000007        1.0139196679333160     
  0.58333333333333337        1.0106629092488053     
  0.58666666666666667        1.0055868780114330     
  0.59000000000000008        1.0003793199301565     
  0.59333333333333338       0.99639083791282113     
  0.59666666666666668       0.99435584198021998     
  0.60000000000000009       0.99433008614161500     
  0.60333333333333339       0.99582232352027311     
  0.60666666666666669       0.99804773463907992     
  0.60999999999999999        1.0002093516491499     
  0.61333333333333340        1.0017227458625939     
  0.61666666666666670        1.0023313945615451     
  0.62000000000000000        1.0021021007022355     
  0.62333333333333341        1.0013273217154883     
  0.62666666666666671        1.0003836172863043     
  0.63000000000000000       0.99959845960945271     
  0.63333333333333341       0.99916397244149013     
  0.63666666666666671       0.99911324998998630     
  0.64000000000000001       0.99935184403214750     
  0.64333333333333342       0.99972123962185733     
  0.64666666666666672        1.0000662866294643     
  0.65000000000000002        1.0002839081607044     
  0.65333333333333332        1.0003419924894605     
  0.65666666666666673        1.0002699425809116     
  0.66000000000000003        1.0001314416199516     
  0.66333333333333333       0.99999329999520747     
  0.66666666666666674       0.99990199906013322     
  0.67000000000000004       0.99987385285733865     
  0.67333333333333334       0.99989840698876220     
  0.67666666666666675       0.99995016291202043     
  0.68000000000000005        1.0000021237286150     
  0.68333333333333335        1.0000358202902571     
  0.68666666666666676        1.0000452514092810     
  0.69000000000000006        1.0000351152070399     
  0.69333333333333336        1.0000156889375145     
  0.69666666666666666       0.99999725936454720     
  0.70000000000000007       0.99998630992585036     
  0.70333333333333337       0.99998434736967368     
  0.70666666666666667       0.99998898292453520     
  0.71000000000000008       0.99999614172841911     
  0.71333333333333337        1.0000021914285415     
  0.71666666666666667        1.0000051930552758     
  0.72000000000000008        1.0000050736596648     
  0.72333333333333338        1.0000030088260516     
  0.72666666666666668        1.0000005226181821     
  0.73000000000000009       0.99999875867337762     
  0.73333333333333339       0.99999815693092031     
  0.73666666666666669       0.99999852775160680     
  0.74000000000000010       0.99999935593637657     
  0.74333333333333340        1.0000001298746197     
  0.74666666666666670        1.0000005511170744     
  0.75000000000000000        1.0000005796556213     
  0.75333333333333341        1.0000003546711393     
  0.75666666666666671        1.0000000689795610     
  0.76000000000000001       0.99999986720294431     
  0.76333333333333342       0.99999980242483555     
  0.76666666666666672       0.99999984837906952     
  0.77000000000000002       0.99999994128394132     
  0.77333333333333343        1.0000000220499041     
  0.77666666666666673        1.0000000602643115     
  0.78000000000000003        1.0000000563174496     
  0.78333333333333344        1.0000000290811411     
  0.78666666666666674        1.0000000001816967     
  0.79000000000000004       0.99999998322574435     
  0.79333333333333333       0.99999998089717446     
  0.79666666666666675       0.99999998814823610     
  0.80000000000000004       0.99999999762001979     
  0.80333333333333334        1.0000000039141281     
  0.80666666666666675        1.0000000051861968     
  0.81000000000000005        1.0000000023548559     
  0.81333333333333335       0.99999999716547361     
  0.81666666666666676       0.99999999029477271     
  0.82000000000000006       0.99999998000917945     
  0.82333333333333336       0.99999996109051548     
  0.82666666666666677       0.99999992312312280     
  0.83000000000000007       0.99999984680307830     
  0.83333333333333337       0.99999969644264386     
  0.83666666666666667       0.99999940593141090     
  0.84000000000000008       0.99999885366209973     
  0.84333333333333338       0.99999781886850914     
  0.84666666666666668       0.99999590686748996     
  0.85000000000000009       0.99999242302291103     
  0.85333333333333339       0.99998616369668991     
  0.85666666666666669       0.99997507546326814     
  0.86000000000000010       0.99995570950033996     
  0.86333333333333340       0.99992236412578628     
  0.86666666666666670       0.99986576272818295     
  0.87000000000000011       0.99977105513033204     
  0.87333333333333341       0.99961485731716682     
  0.87666666666666671       0.99936095950144854     
  0.88000000000000000       0.99895424179003323     
  0.88333333333333341       0.99831225231712006     
  0.88666666666666671       0.99731384471312268     
  0.89000000000000001       0.99578427002420333     
  0.89333333333333342       0.99347621305226341     
  0.89666666666666672       0.99004650426094287     
  0.90000000000000002       0.98502868072534144     
  0.90333333333333343       0.97780226463710207     
  0.90666666666666673       0.96756061045282848     
  0.91000000000000003       0.95328044157357361     
  0.91333333333333344       0.93369769678055514     
  0.91666666666666674       0.90729589766449026     
  0.92000000000000004       0.87231469486200053     
  0.92333333333333334       0.82678721279619938     
  0.92666666666666675       0.76861486041643401     
  0.93000000000000005       0.69568693488021360     
  0.93333333333333335       0.60604917600489105     
  0.93666666666666676       0.49812013826381180     
  0.94000000000000006       0.37094682402908152     
  0.94333333333333336       0.22448187810539211     
  0.94666666666666677        5.9854718709172708E-002
  0.95000000000000007      -0.12040022612095394     
  0.95333333333333337      -0.31220151819465286     
  0.95666666666666678      -0.50990987887808614     
  0.96000000000000008      -0.70648805565095829     
  0.96333333333333337      -0.89385707462941166     
  0.96666666666666667       -1.0634520754834098     
  0.97000000000000008       -1.2069512406219058     
  0.97333333333333338       -1.3171178620306427     
  0.97666666666666668       -1.3886635767415763     
  0.98000000000000009       -1.4190167337456345     
  0.98333333333333339       -1.4088704009130588     
  0.98666666666666669       -1.3623950954962962     
  0.99000000000000010       -1.2870345309780979     
  0.99333333333333340       -1.1928569936975202     
  0.99666666666666670       -1.0915040688391140     
