   0.0000000000000000        1.0000187971212089     
   3.3333333333333335E-003   1.0000132744886181     
   6.6666666666666671E-003   1.0000051779769246     
   1.0000000000000000E-002  0.99999789048257370     
   1.3333333333333334E-002  0.99999353622397047     
   1.6666666666666666E-002  0.99999264975733770     
   2.0000000000000000E-002  0.99999446337812636     
   2.3333333333333334E-002  0.99999754448487466     
   2.6666666666666668E-002   1.0000004709219201     
   3.0000000000000002E-002   1.0000023059689156     
   3.3333333333333333E-002   1.0000027692990605     
   3.6666666666666667E-002   1.0000021333302618     
   4.0000000000000001E-002   1.0000009603923772     
   4.3333333333333335E-002  0.99999981799097803     
   4.6666666666666669E-002  0.99999907716549163     
   5.0000000000000003E-002  0.99999883887272412     
   5.3333333333333337E-002  0.99999897444003261     
   5.6666666666666671E-002  0.99999922892442028     
   6.0000000000000005E-002  0.99999932762859478     
   6.3333333333333339E-002  0.99999904063557288     
   6.6666666666666666E-002  0.99999818559579334     
   7.0000000000000007E-002  0.99999657214790283     
   7.3333333333333334E-002  0.99999390359708962     
   7.6666666666666675E-002  0.99998965033259035     
   8.0000000000000002E-002  0.99998289768660265     
   8.3333333333333343E-002  0.99997215382240556     
   8.6666666666666670E-002  0.99995508576057712     
   9.0000000000000011E-002  0.99992813651577894     
   9.3333333333333338E-002  0.99988596347359227     
   9.6666666666666679E-002  0.99982062553648232     
  0.10000000000000001       0.99972043155442369     
  0.10333333333333335       0.99956834324437105     
  0.10666666666666667       0.99933980198950567     
  0.11000000000000000       0.99899982239603935     
  0.11333333333333334       0.99849916997770116     
  0.11666666666666667       0.99776942118809864     
  0.12000000000000001       0.99671669804510377     
  0.12333333333333334       0.99521388503352248     
  0.12666666666666668       0.99309118251212303     
  0.13000000000000000       0.99012493942254454     
  0.13333333333333333       0.98602485024576192     
  0.13666666666666669       0.98041980769634374     
  0.14000000000000001       0.97284298152205717     
  0.14333333333333334       0.96271704707279271     
  0.14666666666666667       0.94934090765108292     
  0.15000000000000002       0.93187972134600139     
  0.15333333333333335       0.90936051839926146     
  0.15666666666666668       0.88067612188662603     
  0.16000000000000000       0.84460038511410684     
  0.16333333333333333       0.79981783827783770     
  0.16666666666666669       0.74497058791473192     
  0.17000000000000001       0.67872462882320361     
  0.17333333333333334       0.59985651945983443     
  0.17666666666666667       0.50735958620856147     
  0.18000000000000002       0.40056646928312895     
  0.18333333333333335       0.27928199923990416     
  0.18666666666666668       0.14391729935548203     
  0.19000000000000000       -4.3870386578234721E-003
  0.19333333333333336      -0.16366343587811957     
  0.19666666666666668      -0.33106179743604763     
  0.20000000000000001      -0.50285240047958824     
  0.20333333333333334      -0.67450172128937802     
  0.20666666666666669      -0.84083147302741645     
  0.21000000000000002      -0.99626442051526576     
  0.21333333333333335       -1.1351516076292203     
  0.21666666666666667       -1.2521651069390278     
  0.22000000000000000       -1.3427293300195107     
  0.22333333333333336       -1.4034537387847750     
  0.22666666666666668       -1.4325221294745454     
  0.23000000000000001       -1.4299902060458223     
  0.23333333333333334       -1.3979453590502182     
  0.23666666666666669       -1.3404913144175832     
  0.24000000000000002       -1.2635356817652790     
  0.24333333333333335       -1.1743794520298187     
  0.24666666666666667       -1.0811321122091120     
  0.25000000000000000      -0.99200122606575247     
  0.25333333333333335      -0.91452738294783764     
  0.25666666666666671      -0.85485050493372894     
  0.26000000000000001      -0.81709828061564038     
  0.26333333333333336      -0.80297978232958478     
  0.26666666666666666      -0.81164668774206805     
  0.27000000000000002      -0.83985263234024732     
  0.27333333333333337      -0.88240185341433819     
  0.27666666666666667      -0.93283697834179369     
  0.28000000000000003      -0.98427906585986380     
  0.28333333333333333       -1.0303072458907048     
  0.28666666666666668       -1.0657556605090102     
  0.29000000000000004       -1.0873146544513073     
  0.29333333333333333       -1.0938509382222885     
  0.29666666666666669       -1.0864040362690561     
  0.30000000000000004       -1.0678670853753442     
  0.30333333333333334       -1.0424104189255574     
  0.30666666666666670       -1.0147474376348216     
  0.31000000000000000      -0.98936643928159940     
  0.31333333333333335      -0.96985467227657607     
  0.31666666666666671      -0.95842117388895010     
  0.32000000000000001      -0.95568651358763712     
  0.32333333333333336      -0.96075764891151416     
  0.32666666666666666      -0.97155430359208939     
  0.33000000000000002      -0.98530958340687924     
  0.33333333333333337      -0.99914027527246629     
  0.33666666666666667       -1.0105763287810403     
  0.34000000000000002       -1.0179548382026191     
  0.34333333333333338       -1.0206173444875097     
  0.34666666666666668       -1.0188927921202913     
  0.35000000000000003       -1.0138924863854175     
  0.35333333333333333       -1.0071786726787215     
  0.35666666666666669       -1.0003879980548969     
  0.36000000000000004      -0.99489200045892057     
  0.36333333333333334      -0.99156011648138542     
  0.36666666666666670      -0.99066155880040907     
  0.37000000000000005      -0.99190831172320326     
  0.37333333333333335      -0.99461051783652266     
  0.37666666666666671      -0.99789440094508630     
  0.38000000000000000       -1.0009254425597600     
  0.38333333333333336       -1.0030860807164943     
  0.38666666666666671       -1.0040746599134536     
  0.39000000000000001       -1.0039153465961281     
  0.39333333333333337       -1.0028910783783138     
  0.39666666666666667       -1.0014280106433779     
  0.40000000000000002      -0.99996711887476608     
  0.40333333333333338      -0.99885605130169841     
  0.40666666666666668      -0.99828397709466576     
  0.41000000000000003      -0.99826774368348992     
  0.41333333333333339      -0.99868340565226543     
  0.41666666666666669      -0.99932675080948574     
  0.42000000000000004      -0.99998194942656438     
  0.42333333333333334       -1.0004791360783263     
  0.42666666666666669       -1.0007281598810547     
  0.43000000000000005       -1.0007244120190177     
  0.43333333333333335       -1.0005308450573736     
  0.43666666666666670       -1.0002458874073239     
  0.44000000000000000      -0.99996885649450507     
  0.44333333333333336      -0.99977282252411470     
  0.44666666666666671      -0.99969078279665136     
  0.45000000000000001      -0.99971608179737925     
  0.45333333333333337      -0.99981381133651803     
  0.45666666666666672      -0.99993751050151669     
  0.46000000000000002       -1.0000452022091952     
  0.46333333333333337       -1.0001103069496486     
  0.46666666666666667       -1.0001254595950435     
  0.47000000000000003       -1.0000997835104311     
  0.47333333333333338       -1.0000519846341216     
  0.47666666666666668       -1.0000023268057010     
  0.48000000000000004      -0.99996616714968989     
  0.48333333333333334      -0.99995062099221099     
  0.48666666666666669      -0.99995459265975672     
  0.49000000000000005      -0.99997131516396409     
  0.49333333333333335      -0.99999197460880596     
  0.49666666666666670       -1.0000090105203838     
  0.50000000000000000       -1.0000181395777830     
  0.50333333333333341       -1.0000187970940837     
  0.50666666666666671       -1.0000132744349624     
  0.51000000000000001       -1.0000051778717527     
  0.51333333333333342      -0.99999789027829311     
  0.51666666666666672      -0.99999353583078165     
  0.52000000000000002      -0.99999264900740603     
  0.52333333333333332      -0.99999446196074404     
  0.52666666666666673      -0.99999754183029865     
  0.53000000000000003       -1.0000004659953683     
  0.53333333333333333       -1.0000022969089395     
  0.53666666666666674       -1.0000027527892301     
  0.54000000000000004       -1.0000021035187299     
  0.54333333333333333       -1.0000009070532729     
  0.54666666666666675      -0.99999972342833654     
  0.55000000000000004      -0.99999891105477923     
  0.55333333333333334      -0.99999854975776703     
  0.55666666666666675      -0.99999847586790847     
  0.56000000000000005      -0.99999837708355988     
  0.56333333333333335      -0.99999788568142001     
  0.56666666666666665      -0.99999662246583743     
  0.57000000000000006      -0.99999416809827701     
  0.57333333333333336      -0.99998996004875929     
  0.57666666666666666      -0.99998312356460362     
  0.58000000000000007      -0.99997224115288519     
  0.58333333333333337      -0.99995504975017402     
  0.58666666666666667      -0.99992803321944335     
  0.59000000000000008      -0.99988585501862726     
  0.59333333333333338      -0.99982055463477959     
  0.59666666666666668      -0.99972041191516836     
  0.60000000000000009      -0.99956836427429441     
  0.60333333333333339      -0.99933984121440089     
  0.60666666666666669      -0.99899985822644477     
  0.60999999999999999      -0.99849918975785801     
  0.61333333333333340      -0.99776942299539872     
  0.61666666666666670      -0.99671668766892241     
  0.62000000000000000      -0.99521387097570679     
  0.62333333333333341      -0.99309117166702920     
  0.62666666666666671      -0.99012493491566211     
  0.63000000000000000      -0.98602485153982455     
  0.63333333333333341      -0.98041981212696772     
  0.63666666666666671      -0.97284298614048625     
  0.64000000000000001      -0.96271704994151763     
  0.64333333333333342      -0.94934090826084028     
  0.64666666666666672      -0.93187972029865218     
  0.65000000000000002      -0.90936051675086094     
  0.65333333333333332      -0.88067612054419442     
  0.65666666666666673      -0.84460038451611785     
  0.66000000000000003      -0.79981783838751397     
  0.66333333333333333      -0.74497058841409525     
  0.66666666666666674      -0.67872462935249667     
  0.67000000000000004      -0.59985651978472565     
  0.67333333333333334      -0.50735958627135924     
  0.67666666666666675      -0.40056646915966315     
  0.68000000000000005      -0.27928199905590562     
  0.68333333333333335      -0.14391729921353666     
  0.68666666666666676        4.3870387133701297E-003
  0.69000000000000006       0.16366343585762294     
  0.69333333333333336       0.33106179737870467     
  0.69666666666666666       0.50285240042508084     
  0.70000000000000007       0.67450172126036201     
  0.70333333333333337       0.84083147302632866     
  0.70666666666666667       0.99626442053128095     
  0.71000000000000008        1.1351516076483177     
  0.71333333333333337        1.2521651069514843     
  0.71666666666666667        1.3427293300225005     
  0.72000000000000008        1.4034537387808503     
  0.72333333333333338        1.4325221294683161     
  0.72666666666666668        1.4299902060410445     
  0.73000000000000009        1.3979453590484474     
  0.73333333333333339        1.3404913144183699     
  0.73666666666666669        1.2635356817671963     
  0.74000000000000010        1.1743794520315176     
  0.74333333333333340        1.0811321122099060     
  0.74666666666666670       0.99200122606565844     
  0.75000000000000000       0.91452738294727520     
  0.75333333333333341       0.85485050493315762     
  0.75666666666666671       0.81709828061532919     
  0.76000000000000001       0.80297978232956768     
  0.76333333333333342       0.81164668774222681     
  0.76666666666666672       0.83985263234043162     
  0.77000000000000002       0.88240185341444999     
  0.77333333333333343       0.93283697834181134     
  0.77666666666666673       0.98427906585981972     
  0.78000000000000003        1.0303072458906464     
  0.78333333333333344        1.0657556605089715     
  0.78666666666666674        1.0873146544512982     
  0.79000000000000004        1.0938509382222996     
  0.79333333333333333        1.0864040362690737     
  0.79666666666666675        1.0678670853753569     
  0.80000000000000004        1.0424104189255614     
  0.80333333333333334        1.0147474376348189     
  0.80666666666666675       0.98936643928159451     
  0.81000000000000005       0.96985467227657229     
  0.81333333333333335       0.95842117388894865     
  0.81666666666666676       0.95568651358763745     
  0.82000000000000006       0.96075764891151461     
  0.82333333333333336       0.97155430359208883     
  0.82666666666666677       0.98530958340687769     
  0.83000000000000007       0.99914027527246430     
  0.83333333333333337        1.0105763287810379     
  0.83666666666666667        1.0179548382026167     
  0.84000000000000008        1.0206173444875080     
  0.84333333333333338        1.0188927921202904     
  0.84666666666666668        1.0138924863854175     
  0.85000000000000009        1.0071786726787220     
  0.85333333333333339        1.0003879980548975     
  0.85666666666666669       0.99489200045892123     
  0.86000000000000010       0.99156011648138598     
  0.86333333333333340       0.99066155880040963     
  0.86666666666666670       0.99190831172320382     
  0.87000000000000011       0.99461051783652310     
  0.87333333333333341       0.99789440094508686     
  0.87666666666666671        1.0009254425597605     
  0.88000000000000000        1.0030860807164943     
  0.88333333333333341        1.0040746599134531     
  0.88666666666666671        1.0039153465961277     
  0.89000000000000001        1.0028910783783136     
  0.89333333333333342        1.0014280106433782     
  0.89666666666666672       0.99996711887476619     
  0.90000000000000002       0.99885605130169819     
  0.90333333333333343       0.99828397709466543     
  0.90666666666666673       0.99826774368348947     
  0.91000000000000003       0.99868340565226477     
  0.91333333333333344       0.99932675080948496     
  0.91666666666666674       0.99998194942656393     
  0.92000000000000004        1.0004791360783258     
  0.92333333333333334        1.0007281598810542     
  0.92666666666666675        1.0007244120190173     
  0.93000000000000005        1.0005308450573736     
  0.93333333333333335        1.0002458874073246     
  0.93666666666666676       0.99996885649450540     
  0.94000000000000006       0.99977282252411503     
  0.94333333333333336       0.99969078279665147     
  0.94666666666666677       0.99971608179737914     
  0.95000000000000007       0.99981381133651837     
  0.95333333333333337       0.99993751050151769     
  0.95666666666666678        1.0000452022091972     
  0.96000000000000008        1.0001103069496531     
  0.96333333333333337        1.0001254595950526     
  0.96666666666666667        1.0000997835104501     
  0.97000000000000008        1.0000519846341616     
  0.97333333333333338        1.0000023268057860     
  0.97666666666666668       0.99996616714986875     
  0.98000000000000009       0.99995062099258625     
  0.98333333333333339       0.99995459266053888     
  0.98666666666666669       0.99997131516558224     
  0.99000000000000010       0.99999197461212452     
  0.99333333333333340        1.0000090105271293     
  0.99666666666666670        1.0000181395913714     
