   0.0000000000000000       0.32916123128688318     
   3.3333333333333335E-003  0.18387064630767835     
   6.6666666666666671E-003   2.2289405283710567E-002
   1.0000000000000000E-002 -0.15307346322336612     
   1.3333333333333334E-002 -0.33838590048688039     
   1.6666666666666666E-002 -0.52850132269164285     
   2.0000000000000000E-002 -0.71710353574871410     
   2.3333333333333334E-002 -0.89700640119729369     
   2.6666666666666668E-002  -1.0606100874061988     
   3.0000000000000002E-002  -1.2004942372460128     
   3.3333333333333333E-002  -1.3101041301281480     
   3.6666666666666667E-002  -1.3844623509654732     
   4.0000000000000001E-002  -1.4208198983807101     
   4.3333333333333335E-002  -1.4191516012280874     
   4.6666666666666669E-002  -1.3824050704627164     
   5.0000000000000003E-002  -1.3164324972499635     
   5.3333333333333337E-002  -1.2295702357969083     
   5.6666666666666671E-002  -1.1318790404084123     
   6.0000000000000005E-002  -1.0341117254106149     
   6.3333333333333339E-002 -0.94652609674782373     
   6.6666666666666666E-002 -0.87769936426237738     
   7.0000000000000007E-002 -0.83351674669863551     
   7.3333333333333334E-002 -0.81649534449432837     
   7.6666666666666675E-002 -0.82556299902894548     
   8.0000000000000002E-002 -0.85634502071162932     
   8.3333333333333343E-002 -0.90192938471831285     
   8.6666666666666670E-002 -0.95399772311421027     
   9.0000000000000011E-002  -1.0041414773711290     
   9.3333333333333338E-002  -1.0451446501040242     
   9.6666666666666679E-002  -1.0720164214892280     
  0.10000000000000001       -1.0826004703512482     
  0.10333333333333335       -1.0776662850649938     
  0.10666666666666667       -1.0604861641461976     
  0.11000000000000000       -1.0359999241725155     
  0.11333333333333334       -1.0097466627903025     
  0.11666666666666667      -0.98678240314731402     
  0.12000000000000001      -0.97079539549593141     
  0.12333333333333334      -0.96357912859312322     
  0.12666666666666668      -0.96493891708828750     
  0.13000000000000000      -0.97301104845121245     
  0.13333333333333333      -0.98488643463192593     
  0.13666666666666669      -0.99737325780425201     
  0.14000000000000001       -1.0077172618407690     
  0.14333333333333334       -1.0141255567105367     
  0.14666666666666667       -1.0160008121314181     
  0.15000000000000002       -1.0138703013380812     
  0.15333333333333335       -1.0090680327068247     
  0.15666666666666668       -1.0032801212180076     
  0.16000000000000000      -0.99808252055780511     
  0.16333333333333333      -0.99458466629532527     
  0.16666666666666669      -0.99325012494726606     
  0.17000000000000001      -0.99391010071435915     
  0.17333333333333334      -0.99593373993122492     
  0.17666666666666667      -0.99848407054699584     
  0.18000000000000002       -1.0007774355633121     
  0.18333333333333335       -1.0022771501845356     
  0.18666666666666668       -1.0027818868943958     
  0.19000000000000000       -1.0024051410609187     
  0.19333333333333336       -1.0014729736351344     
  0.19666666666666668       -1.0003850325140038     
  0.20000000000000001      -0.99948560534701580     
  0.20333333333333334      -0.99897935600363641     
  0.20666666666666669      -0.99890643267203838     
  0.21000000000000002      -0.99917117674952916     
  0.21333333333333335      -0.99960396904727811     
  0.21666666666666667       -1.0000302085285588     
  0.22000000000000000       -1.0003239593261408     
  0.22333333333333336       -1.0004335207564805     
  0.22666666666666668       -1.0003777684322039     
  0.23000000000000001       -1.0002215217572137     
  0.23333333333333334       -1.0000428710965035     
  0.23666666666666669      -0.99990486205596363     
  0.24000000000000002      -0.99983951112107849     
  0.24333333333333335      -0.99984614496342539     
  0.24666666666666667      -0.99990085524005923     
  0.25000000000000000      -0.99997099788634347     
  0.25333333333333335       -1.0000285506645950     
  0.25666666666666671       -1.0000581503221708     
  0.26000000000000001       -1.0000585512051652     
  0.26333333333333336       -1.0000388428244043     
  0.26666666666666666       -1.0000122119899899     
  0.27000000000000002      -0.99999012181706670     
  0.27333333333333337      -0.99997882960812257     
  0.27666666666666667      -0.99997879198830986     
  0.28000000000000003      -0.99998631651062497     
  0.28333333333333333      -0.99999619528228156     
  0.28666666666666668       -1.0000040701284050     
  0.29000000000000004       -1.0000077474768625     
  0.29333333333333333       -1.0000073024131375     
  0.29666666666666669       -1.0000043096250120     
  0.30000000000000004       -1.0000007623868348     
  0.30333333333333334      -0.99999818505535698     
  0.30666666666666670      -0.99999721352153881     
  0.31000000000000000      -0.99999765281892539     
  0.31333333333333335      -0.99999883451756255     
  0.31666666666666671       -1.0000000372330597     
  0.32000000000000001       -1.0000007855329749     
  0.32333333333333336       -1.0000009505816148     
  0.32666666666666666       -1.0000006794897800     
  0.33000000000000002       -1.0000002395437431     
  0.33333333333333337      -0.99999986871946045     
  0.33666666666666667      -0.99999969049260118     
  0.34000000000000002      -0.99999970513417824     
  0.34333333333333338      -0.99999983428784556     
  0.34666666666666668      -0.99999998177105187     
  0.35000000000000003       -1.0000000797493307     
  0.35333333333333333       -1.0000001063341528     
  0.35666666666666669       -1.0000000775199505     
  0.36000000000000004       -1.0000000261032025     
  0.36333333333333334      -0.99999998115424193     
  0.36666666666666670      -0.99999995639912953     
  0.37000000000000005      -0.99999994887984911     
  0.37333333333333335      -0.99999994408808246     
  0.37666666666666671      -0.99999992191963727     
  0.38000000000000000      -0.99999985873957586     
  0.38333333333333336      -0.99999972291932115     
  0.38666666666666671      -0.99999946269112072     
  0.39000000000000001      -0.99999898499043827     
  0.39333333333333337      -0.99999812181915082     
  0.39666666666666667      -0.99999657670901876     
  0.40000000000000002      -0.99999383821988086     
  0.40333333333333338      -0.99998903979807197     
  0.40666666666666668      -0.99998073493179196     
  0.41000000000000003      -0.99996654208062452     
  0.41333333333333339      -0.99994259375882200     
  0.41666666666666669      -0.99990269682158794     
  0.42000000000000004      -0.99983707509396202     
  0.42333333333333334      -0.99973052023993048     
  0.42666666666666669      -0.99955972252904990     
  0.43000000000000005      -0.99928949205685558     
  0.43333333333333335      -0.99886751792068873     
  0.43666666666666670      -0.99821725668279304     
  0.44000000000000000      -0.99722850614200742     
  0.44333333333333336      -0.99574522606965077     
  0.44666666666666671      -0.99355024068717901     
  0.45000000000000001      -0.99034663046806937     
  0.45333333333333337      -0.98573592861680037     
  0.45666666666666672      -0.97919371375329356     
  0.46000000000000002      -0.97004385876314214     
  0.46333333333333337      -0.95743356009743530     
  0.46666666666666667      -0.94031230251434117     
  0.47000000000000003      -0.91741903499119359     
  0.47333333333333338      -0.88728290924561393     
  0.47666666666666668      -0.84824376303192517     
  0.48000000000000004      -0.79849885535995480     
  0.48333333333333334      -0.73618187764312493     
  0.48666666666666669      -0.65947866769890373     
  0.49000000000000005      -0.56678109170947333     
  0.49333333333333335      -0.45687611292822794     
  0.49666666666666670      -0.32916123128751756     
  0.50000000000000000      -0.18387064630797789     
  0.50333333333333341       -2.2289405283678614E-002
  0.50666666666666671       0.15307346322355675     
  0.51000000000000001       0.33838590048705580     
  0.51333333333333342       0.52850132269171890     
  0.51666666666666672       0.71710353574869823     
  0.52000000000000002       0.89700640119723818     
  0.52333333333333332        1.0606100874061515     
  0.52666666666666673        1.2004942372459948     
  0.53000000000000003        1.3101041301281542     
  0.53333333333333333        1.3844623509654885     
  0.53666666666666674        1.4208198983807214     
  0.54000000000000004        1.4191516012280903     
  0.54333333333333333        1.3824050704627131     
  0.54666666666666675        1.3164324972499584     
  0.55000000000000004        1.2295702357969047     
  0.55333333333333334        1.1318790404084114     
  0.55666666666666675        1.0341117254106156     
  0.56000000000000005       0.94652609674782473     
  0.56333333333333335       0.87769936426237805     
  0.56666666666666665       0.83351674669863551     
  0.57000000000000006       0.81649534449432803     
  0.57333333333333336       0.82556299902894492     
  0.57666666666666666       0.85634502071162899     
  0.58000000000000007       0.90192938471831285     
  0.58333333333333337       0.95399772311421027     
  0.58666666666666667        1.0041414773711290     
  0.59000000000000008        1.0451446501040242     
  0.59333333333333338        1.0720164214892283     
  0.59666666666666668        1.0826004703512488     
  0.60000000000000009        1.0776662850649952     
  0.60333333333333339        1.0604861641461989     
  0.60666666666666669        1.0359999241725166     
  0.60999999999999999        1.0097466627903033     
  0.61333333333333340       0.98678240314731458     
  0.61666666666666670       0.97079539549593163     
  0.62000000000000000       0.96357912859312322     
  0.62333333333333341       0.96493891708828705     
  0.62666666666666671       0.97301104845121200     
  0.63000000000000000       0.98488643463192516     
  0.63333333333333341       0.99737325780425112     
  0.63666666666666671        1.0077172618407682     
  0.64000000000000001        1.0141255567105356     
  0.64333333333333342        1.0160008121314175     
  0.64666666666666672        1.0138703013380803     
  0.65000000000000002        1.0090680327068240     
  0.65333333333333332        1.0032801212180071     
  0.65666666666666673       0.99808252055780478     
  0.66000000000000003       0.99458466629532505     
  0.66333333333333333       0.99325012494726606     
  0.66666666666666674       0.99391010071435926     
  0.67000000000000004       0.99593373993122514     
  0.67333333333333334       0.99848407054699639     
  0.67666666666666675        1.0007774355633128     
  0.68000000000000005        1.0022771501845364     
  0.68333333333333335        1.0027818868943970     
  0.68666666666666676        1.0024051410609198     
  0.69000000000000006        1.0014729736351353     
  0.69333333333333336        1.0003850325140045     
  0.69666666666666666       0.99948560534701614     
  0.70000000000000007       0.99897935600363630     
  0.70333333333333337       0.99890643267203805     
  0.70666666666666667       0.99917117674952882     
  0.71000000000000008       0.99960396904727811     
  0.71333333333333337        1.0000302085285591     
  0.71666666666666667        1.0003239593261413     
  0.72000000000000008        1.0004335207564810     
  0.72333333333333338        1.0003777684322037     
  0.72666666666666668        1.0002215217572135     
  0.73000000000000009        1.0000428710965032     
  0.73333333333333339       0.99990486205596307     
  0.73666666666666669       0.99983951112107772     
  0.74000000000000010       0.99984614496342428     
  0.74333333333333340       0.99990085524005801     
  0.74666666666666670       0.99997099788634247     
  0.75000000000000000        1.0000285506645943     
  0.75333333333333341        1.0000581503221702     
  0.75666666666666671        1.0000585512051647     
  0.76000000000000001        1.0000388428244045     
  0.76333333333333342        1.0000122119899904     
  0.76666666666666672       0.99999012181706759     
  0.77000000000000002       0.99997882960812345     
  0.77333333333333343       0.99997879198831086     
  0.77666666666666673       0.99998631651062586     
  0.78000000000000003       0.99999619528228223     
  0.78333333333333344        1.0000040701284054     
  0.78666666666666674        1.0000077474768629     
  0.79000000000000004        1.0000073024131382     
  0.79333333333333333        1.0000043096250124     
  0.79666666666666675        1.0000007623868359     
  0.80000000000000004       0.99999818505535876     
  0.80333333333333334       0.99999721352154258     
  0.80666666666666675       0.99999765281893427     
  0.81000000000000005       0.99999883451758431     
  0.81333333333333335        1.0000000372331135     
  0.81666666666666676        1.0000007855331052     
  0.82000000000000006        1.0000009505819261     
  0.82333333333333336        1.0000006794905107     
  0.82666666666666677        1.0000002395454357     
  0.83000000000000007       0.99999986872333069     
  0.83333333333333337       0.99999969050133886     
  0.83666666666666667       0.99999970515365821     
  0.84000000000000008       0.99999983433073092     
  0.84333333333333338       0.99999998186428674     
  0.84666666666666668        1.0000000799495050     
  0.85000000000000009        1.0000001067585880     
  0.85333333333333339        1.0000000784087437     
  0.85666666666666669        1.0000000279413810     
  0.86000000000000010       0.99999998490899633     
  0.86333333333333340       0.99999996397425817     
  0.86666666666666670       0.99999996397436497     
  0.87000000000000011       0.99999997379608530     
  0.87333333333333341       0.99999997967010912     
  0.87666666666666671       0.99999996962294579     
  0.88000000000000000       0.99999993320286140     
  0.88333333333333341       0.99999985657614587     
  0.88666666666666671       0.99999971369988971     
  0.89000000000000001       0.99999945335693108     
  0.89333333333333342       0.99999897973280805     
  0.89666666666666672       0.99999812131059385     
  0.90000000000000002       0.99999657921816554     
  0.90333333333333343       0.99999384136451386     
  0.90666666666666673       0.99998904188882043     
  0.91000000000000003       0.99998073545783572     
  0.91333333333333344       0.99996654145914632     
  0.91666666666666674       0.99994259276015518     
  0.92000000000000004       0.99990269606700788     
  0.92333333333333334       0.99983707482960460     
  0.92666666666666675       0.99973052037920596     
  0.93000000000000005       0.99955972283320560     
  0.93333333333333335       0.99928949231160491     
  0.93666666666666676       0.99886751802706197     
  0.94000000000000006       0.99821725665490457     
  0.94333333333333336       0.99722850605186308     
  0.94666666666666677       0.99574522598775406     
  0.95000000000000007       0.99355024064928199     
  0.95333333333333337       0.99034663047299987     
  0.95666666666666678       0.98573592864313297     
  0.96000000000000008       0.97919371377865239     
  0.96333333333333337       0.97004385877556043     
  0.96666666666666667       0.95743356009663394     
  0.97000000000000008       0.94031230250668330     
  0.97333333333333338       0.91741903498357769     
  0.97666666666666668       0.88728290924180697     
  0.98000000000000009       0.84824376303208826     
  0.98333333333333339       0.79849885536218701     
  0.98666666666666669       0.73618187764535215     
  0.99000000000000010       0.65947866770000385     
  0.99333333333333340       0.56678109170941104     
  0.99666666666666670       0.45687611292757518     
