   0.0000000000000000        1.4441618717984568     
   3.3333333333333335E-003   1.4405253198040355     
   6.6666666666666671E-003   1.4125328935277828     
   1.0000000000000000E-002   1.3629930341679066     
   1.3333333333333334E-002   1.2959626105963389     
   1.6666666666666666E-002   1.2165392043906185     
   2.0000000000000000E-002   1.1305519484403497     
   2.3333333333333334E-002   1.0441686252957014     
   2.6666666666666668E-002  0.96344746347210442     
   3.0000000000000002E-002  0.89387105991445859     
   3.3333333333333333E-002  0.83990574842751198     
   3.6666666666666667E-002  0.80463136426222093     
   4.0000000000000001E-002  0.78948295088247389     
   4.3333333333333335E-002  0.79413730451036457     
   4.6666666666666669E-002  0.81656382188407317     
   5.0000000000000003E-002  0.85324208432635407     
   5.3333333333333337E-002  0.89952979485307794     
   5.6666666666666671E-002  0.95014636409303188     
   6.0000000000000005E-002  0.99972207985613015     
   6.3333333333333339E-002   1.0433527014328547     
   6.6666666666666666E-002   1.0770962802207773     
   7.0000000000000007E-002   1.0983539644815274     
   7.3333333333333334E-002   1.1060893640054532     
   7.6666666666666675E-002   1.1008604375312836     
   8.0000000000000002E-002   1.0846614649912949     
   8.3333333333333343E-002   1.0605973334237202     
   8.6666666666666670E-002   1.0324345987873818     
   9.0000000000000011E-002   1.0040902566414238     
   9.3333333333333338E-002  0.97912724786718153     
   9.6666666666666679E-002  0.96032400559665865     
  0.10000000000000001       0.94937385838229416     
  0.10333333333333335       0.94675042925400976     
  0.10666666666666667       0.95175024852046775     
  0.11000000000000000       0.96269748131687438     
  0.11333333333333334       0.97727210600933045     
  0.11666666666666667       0.99290581304124892     
  0.12000000000000001        1.0071820197172565     
  0.12333333333333334        1.0181788713777018     
  0.12666666666666668        1.0247063208759717     
  0.13000000000000000        1.0264080771215380     
  0.13333333333333333        1.0237228531874982     
  0.13666666666666669        1.0177227591269904     
  0.14000000000000001        1.0098658384699728     
  0.14333333333333334        1.0017114719956597     
  0.14666666666666667       0.99464993790200973     
  0.15000000000000002       0.98969082496808070     
  0.15333333333333335       0.98734093242853893     
  0.15666666666666668       0.98758376031314732     
  0.16000000000000000       0.98995339478820199     
  0.16333333333333333       0.99367917459815824     
  0.16666666666666669       0.99786687853580802     
  0.17000000000000001        1.0016788988964060     
  0.17333333333333334        1.0044800168673145     
  0.17666666666666667        1.0059255580489472     
  0.18000000000000002        1.0059823695213148     
  0.18333333333333335        1.0048872007212124     
  0.18666666666666668        1.0030588103447797     
  0.19000000000000000        1.0009873151970596     
  0.19333333333333336       0.99912592729983940     
  0.19666666666666668       0.99780653010979847     
  0.20000000000000001       0.99719286106564542     
  0.20333333333333334       0.99727545075256119     
  0.20666666666666669       0.99790318000883249     
  0.21000000000000002       0.99883930830217704     
  0.21333333333333335       0.99982634285108229     
  0.21666666666666667        1.0006444859818611     
  0.22000000000000000        1.0011520518530510     
  0.22333333333333336        1.0013019468833999     
  0.22666666666666668        1.0011345114370036     
  0.23000000000000001        1.0007522529077484     
  0.23333333333333334        1.0002852025690068     
  0.23666666666666669       0.99985634996380301     
  0.24000000000000002       0.99955503892314712     
  0.24333333333333335       0.99942305219038730     
  0.24666666666666667       0.99945434950995204     
  0.25000000000000000       0.99960604398153352     
  0.25333333333333335       0.99981595461494188     
  0.25666666666666671        1.0000213233335316     
  0.26000000000000001        1.0001739741330811     
  0.26333333333333336        1.0002489162222656     
  0.26666666666666666        1.0002455533066772     
  0.27000000000000002        1.0001826455138787     
  0.27333333333333337        1.0000895104708447     
  0.27666666666666667       0.99999641866486555     
  0.28000000000000003       0.99992676976331574     
  0.28333333333333333       0.99989267553964567     
  0.28666666666666668       0.99989437765887879     
  0.29000000000000004       0.99992285031669126     
  0.29333333333333333       0.99996423933780376     
  0.29666666666666669        1.0000045836038027     
  0.30000000000000004        1.0000335120604336     
  0.30333333333333334        1.0000461559543268     
  0.30666666666666670        1.0000431552925857     
  0.31000000000000000        1.0000291786788968     
  0.31333333333333335        1.0000106888368530     
  0.31666666666666671       0.99999373213456089     
  0.32000000000000001       0.99998235130368196     
  0.32333333333333336       0.99997791285098392     
  0.32666666666666666       0.99997931751961344     
  0.33000000000000002       0.99998381781598333     
  0.33333333333333337       0.99998805323225815     
  0.33666666666666667       0.99998893491059138     
  0.34000000000000002       0.99998413094417005     
  0.34333333333333338       0.99997206412914863     
  0.34666666666666668       0.99995147872054913     
  0.35000000000000003       0.99992072142034427     
  0.35333333333333333       0.99987689939579505     
  0.35666666666666669       0.99981503372959390     
  0.36000000000000004       0.99972724565364712     
  0.36333333333333334       0.99960192555549710     
  0.36666666666666670       0.99942276622537563     
  0.37000000000000005       0.99916750577863112     
  0.37333333333333335       0.99880622298215727     
  0.37666666666666671       0.99829904942998582     
  0.38000000000000000       0.99759319603563035     
  0.38333333333333336       0.99661922404014514     
  0.38666666666666671       0.99528651717801320     
  0.39000000000000001       0.99347793288841812     
  0.39333333333333337       0.99104363365005033     
  0.39666666666666667       0.98779413512020875     
  0.40000000000000002       0.98349266629128529     
  0.40333333333333338       0.97784702611091712     
  0.40666666666666668       0.97050124423669115     
  0.41000000000000003       0.96102750902064837     
  0.41333333333333339       0.94891900676128538     
  0.41666666666666669       0.93358451162348344     
  0.42000000000000004       0.91434576021440150     
  0.42333333333333334       0.89043881930346935     
  0.42666666666666669       0.86102078593071274     
  0.43000000000000005       0.82518321811313888     
  0.43333333333333335       0.78197364974164274     
  0.43666666666666670       0.73042636133124328     
  0.44000000000000000       0.66960322664550898     
  0.44333333333333336       0.59864490755093314     
  0.44666666666666671       0.51683191153351549     
  0.45000000000000001       0.42365406263056415     
  0.45333333333333337       0.31888579687136415     
  0.45666666666666672       0.20266343813259352     
  0.46000000000000002        7.5559333857172797E-002
  0.46333333333333337       -6.1353439904504085E-002
  0.46666666666666667      -0.20645300187495497     
  0.47000000000000003      -0.35754488492056113     
  0.47333333333333338      -0.51187007466241818     
  0.47666666666666668      -0.66615147470817260     
  0.48000000000000004      -0.81668360613163926     
  0.48333333333333334      -0.95946762544624575     
  0.48666666666666669       -1.0903901571253229     
  0.49000000000000005       -1.2054401612101682     
  0.49333333333333335       -1.3009533994767843     
  0.49666666666666670       -1.3738694535793490     
  0.50000000000000000       -1.4219822129396205     
  0.50333333333333341       -1.4441618709374200     
  0.50666666666666671       -1.4405253186134552     
  0.51000000000000001       -1.4125328925575129     
  0.51333333333333342       -1.3629930337008274     
  0.51666666666666672       -1.2959626106329836     
  0.52000000000000002       -1.2165392047439547     
  0.52333333333333332       -1.1305519488689808     
  0.52666666666666673       -1.0441686256128002     
  0.53000000000000003      -0.96344746359714595     
  0.53333333333333333      -0.89387105986730508     
  0.53666666666666674      -0.83990574828643327     
  0.54000000000000004      -0.80463136411398140     
  0.54333333333333333      -0.78948295078624653     
  0.54666666666666675      -0.79413730448461661     
  0.55000000000000004      -0.81656382191364341     
  0.55333333333333334      -0.85324208438006943     
  0.55666666666666675      -0.89952979490146079     
  0.56000000000000005      -0.95014636411917208     
  0.56333333333333335      -0.99972207985784334     
  0.56666666666666665       -1.0433527014183117     
  0.57000000000000006       -1.0770962802016020     
  0.57333333333333336       -1.0983539644669764     
  0.57666666666666666       -1.1060893639995983     
  0.58000000000000007       -1.1008604375332616     
  0.58333333333333337       -1.0846614649974340     
  0.58666666666666667       -1.0605973334300278     
  0.59000000000000008       -1.0324345987912629     
  0.59333333333333338       -1.0040902566422170     
  0.59666666666666668      -0.97912724786571759     
  0.60000000000000009      -0.96032400559437547     
  0.60333333333333339      -0.94937385838042843     
  0.60666666666666669      -0.94675042925316633     
  0.60999999999999999      -0.95175024852060619     
  0.61333333333333340      -0.96269748131756638     
  0.61666666666666670      -0.97727210601008119     
  0.62000000000000000      -0.99290581304172587     
  0.62333333333333341       -1.0071820197173669     
  0.62666666666666671       -1.0181788713775406     
  0.63000000000000000       -1.0247063208757112     
  0.63333333333333341       -1.0264080771213253     
  0.63666666666666671       -1.0237228531874045     
  0.64000000000000001       -1.0177227591270086     
  0.64333333333333342       -1.0098658384700523     
  0.64666666666666672       -1.0017114719957421     
  0.65000000000000002      -0.99464993790205869     
  0.65333333333333332      -0.98969082496808791     
  0.65666666666666673      -0.98734093242851784     
  0.66000000000000003      -0.98758376031311779     
  0.66333333333333333      -0.98995339478818001     
  0.66666666666666674      -0.99367917459815014     
  0.67000000000000004      -0.99786687853581180     
  0.67333333333333334       -1.0016788988964154     
  0.67666666666666675       -1.0044800168673234     
  0.68000000000000005       -1.0059255580489523     
  0.68333333333333335       -1.0059823695213155     
  0.68666666666666676       -1.0048872007212104     
  0.69000000000000006       -1.0030588103447771     
  0.69333333333333336       -1.0009873151970581     
  0.69666666666666666      -0.99912592729983885     
  0.70000000000000007      -0.99780653010979825     
  0.70333333333333337      -0.99719286106564398     
  0.70666666666666667      -0.99727545075255652     
  0.71000000000000008      -0.99790318000882083     
  0.71333333333333337      -0.99883930830215295     
  0.71666666666666667      -0.99982634285103511     
  0.72000000000000008       -1.0006444859817700     
  0.72333333333333338       -1.0011520518528769     
  0.72666666666666668       -1.0013019468830680     
  0.73000000000000009       -1.0011345114363761     
  0.73333333333333339       -1.0007522529065689     
  0.73666666666666669       -1.0002852025668043     
  0.74000000000000010      -0.99985634995971795     
  0.74333333333333340      -0.99955503891561981     
  0.74666666666666670      -0.99942305217660787     
  0.75000000000000000      -0.99945434948489231     
  0.75333333333333341      -0.99960604393625740     
  0.75666666666666671      -0.99981595453367622     
  0.76000000000000001       -1.0000213231886261     
  0.76333333333333342       -1.0001739738763988     
  0.76666666666666672       -1.0002489157705792     
  0.77000000000000002       -1.0002455525170850     
  0.77333333333333343       -1.0001826441427202     
  0.77666666666666673       -1.0000895081055483     
  0.78000000000000003      -0.99999641461173583     
  0.78333333333333344      -0.99992676286416382     
  0.78666666666666674      -0.99989266387439757     
  0.79000000000000004      -0.99989435806692273     
  0.79333333333333333      -0.99992281763240021     
  0.79666666666666675      -0.99996418517898034     
  0.80000000000000004       -1.0000044944665740     
  0.80333333333333334       -1.0000333663471614     
  0.80666666666666675       -1.0000459193738460     
  0.81000000000000005       -1.0000427737986370     
  0.81333333333333335       -1.0000285677174119     
  0.81666666666666676       -1.0000097171076026     
  0.82000000000000006      -0.99999219727335420     
  0.82333333333333336      -0.99997994377355703     
  0.82666666666666677      -0.99997416278626938     
  0.83000000000000007      -0.99997351715865801     
  0.83333333333333337      -0.99997490931845678     
  0.83666666666666667      -0.99997446790360056     
  0.84000000000000008      -0.99996836491584951     
  0.84333333333333338      -0.99995320822679512     
  0.84666666666666668      -0.99992591318574608     
  0.85000000000000009      -0.99988309985967960     
  0.85333333333333339      -0.99982014894008575     
  0.85666666666666669      -0.99973006464043546     
  0.86000000000000010      -0.99960224629556538     
  0.86333333333333340      -0.99942118744483854     
  0.86666666666666670      -0.99916503266428514     
  0.87000000000000011      -0.99880385399201543     
  0.87333333333333341      -0.99829747479150421     
  0.87666666666666671      -0.99759267098920179     
  0.88000000000000000      -0.99661960986372577     
  0.88333333333333341      -0.99528743288012478     
  0.88666666666666671      -0.99347894089405364     
  0.89000000000000001      -0.99104439229560648     
  0.89333333333333342      -0.98779447897937900     
  0.89666666666666672      -0.98349260855932641     
  0.90000000000000002      -0.97784670360821713     
  0.90333333333333343      -0.97050083838993173     
  0.90666666666666673      -0.96102717484259947     
  0.91000000000000003      -0.94891883051776882     
  0.91333333333333344      -0.93358450287534056     
  0.91666666666666674      -0.91434587113429977     
  0.92000000000000004      -0.89043897720211440     
  0.92333333333333334      -0.86102092451517465     
  0.92666666666666675      -0.82518329749999464     
  0.93000000000000005      -0.78197366181756145     
  0.93333333333333335      -0.73042632292352694     
  0.93666666666666676      -0.66960316635298345     
  0.94000000000000006      -0.59864485253690158     
  0.94333333333333336      -0.51683187876665959     
  0.94666666666666677      -0.42365405623555108     
  0.95000000000000007      -0.31888581067263116     
  0.95333333333333337      -0.20266346096014479     
  0.95666666666666678       -7.5559354950835114E-002
  0.96000000000000008        6.1353427295516946E-002
  0.96333333333333337       0.20645299940083378     
  0.96666666666666667       0.35754489016183222     
  0.97000000000000008       0.51187008326801076     
  0.97333333333333338       0.66615148254402856     
  0.97666666666666668       0.81668361067531015     
  0.98000000000000009       0.95946762616665293     
  0.98333333333333339        1.0903901550303585     
  0.98666666666666669        1.2054401579867930     
  0.99000000000000010        1.3009533966625517     
  0.99333333333333340        1.3738694520551298     
  0.99666666666666670        1.4219822128251585     
