   0.0000000000000000        1.0006168332525138     
   3.3333333333333335E-003   1.0002936408698186     
   6.6666666666666671E-003  0.99997540863585610     
   1.0000000000000000E-002  0.99974324437736017     
   1.3333333333333334E-002  0.99963682076427707     
   1.6666666666666666E-002  0.99965330599324698     
   2.0000000000000000E-002  0.99975785852026611     
   2.3333333333333334E-002  0.99990039886506143     
   2.6666666666666668E-002   1.0000327456109737     
   3.0000000000000002E-002   1.0001213352146996     
   3.3333333333333333E-002   1.0001529811190903     
   3.6666666666666667E-002   1.0001336204404372     
   4.0000000000000001E-002   1.0000819861465278     
   4.3333333333333335E-002   1.0000211601053113     
   4.6666666666666669E-002  0.99997091245058911     
   5.0000000000000003E-002  0.99994285126396154     
   5.3333333333333337E-002  0.99993912700203325     
   5.6666666666666671E-002  0.99995422136638479     
   6.0000000000000005E-002  0.99997854797224017     
   6.3333333333333339E-002   1.0000023524882731     
   6.6666666666666666E-002   1.0000186705044507     
   7.0000000000000007E-002   1.0000246853743564     
   7.3333333333333334E-002   1.0000214755853327     
   7.6666666666666675E-002   1.0000126376450202     
   8.0000000000000002E-002   1.0000024969968313     
   8.3333333333333343E-002  0.99999456880729587     
   8.6666666666666670E-002  0.99999068453466777     
   9.0000000000000011E-002  0.99999088389846091     
   9.3333333333333338E-002  0.99999390320071180     
   9.6666666666666679E-002  0.99999794442458001     
  0.10000000000000001        1.0000014021377803     
  0.10333333333333335        1.0000033244347855     
  0.10666666666666667        1.0000035304627215     
  0.11000000000000000        1.0000024402283554     
  0.11333333333333334        1.0000007516050631     
  0.11666666666666667       0.99999911230862792     
  0.12000000000000001       0.99999789409218398     
  0.12333333333333334       0.99999711012944059     
  0.12666666666666668       0.99999645356065447     
  0.13000000000000000       0.99999539558769102     
  0.13333333333333333       0.99999327184031317     
  0.13666666666666669       0.99998930014815623     
  0.14000000000000001       0.99998249835861441     
  0.14333333333333334       0.99997149368508487     
  0.14666666666666667       0.99995422568093506     
  0.15000000000000002       0.99992754007677653     
  0.15333333333333335       0.99988665281881373     
  0.15666666666666668       0.99982443830191658     
  0.16000000000000000       0.99973046887970474     
  0.16333333333333333       0.99958970832107652     
  0.16666666666666669       0.99938074153314660     
  0.17000000000000001       0.99907340629355346     
  0.17333333333333334       0.99862567922662027     
  0.17666666666666667       0.99797965825229484     
  0.18000000000000002       0.99705647991278801     
  0.18333333333333335       0.99575001765773508     
  0.18666666666666668       0.99391923401082216     
  0.19000000000000000       0.99137911477949758     
  0.19333333333333336       0.98789020683939666     
  0.19666666666666668       0.98314692155226246     
  0.20000000000000001       0.97676496050036143     
  0.20333333333333334       0.96826847215516665     
  0.20666666666666669       0.95707785482862218     
  0.21000000000000002       0.94249947218303698     
  0.21333333333333335       0.92371892149977863     
  0.21666666666666667       0.89979985774903937     
  0.22000000000000000       0.86969067987982518     
  0.22333333333333336       0.83224156713490349     
  0.22666666666666668       0.78623433845324942     
  0.23000000000000001       0.73042731699883967     
  0.23333333333333334       0.66361673747770233     
  0.23666666666666669       0.58471517480967705     
  0.24000000000000002       0.49284596880984932     
  0.24333333333333335       0.38745068911658481     
  0.24666666666666667       0.26840441089430561     
  0.25000000000000000       0.13613111577891404     
  0.25333333333333335       -8.2908617302253004E-003
  0.25666666666666671      -0.16304543300917138     
  0.26000000000000001      -0.32553073799033982     
  0.26333333333333336      -0.49235993650288756     
  0.26666666666666666      -0.65942278902103557     
  0.27000000000000002      -0.82201676437303195     
  0.27333333333333337      -0.97505127053617113     
  0.27666666666666667       -1.1133217042954437     
  0.28000000000000003       -1.2318417845199077     
  0.28333333333333333       -1.3262138081789185     
  0.28666666666666668       -1.3930080658179158     
  0.29000000000000004       -1.4301158935803453     
  0.29333333333333333       -1.4370370073044478     
  0.29666666666666669       -1.4150620280101995     
  0.30000000000000004       -1.3673163040543199     
  0.30333333333333334       -1.2986415588333182     
  0.30666666666666670       -1.2153071268186586     
  0.31000000000000000       -1.1245613635051233     
  0.31333333333333335       -1.0340542258836170     
  0.31666666666666671      -0.95118140310261012     
  0.32000000000000001      -0.88241580462417513     
  0.32333333333333336      -0.83270086689714118     
  0.32666666666666666      -0.80497979304958245     
  0.33000000000000002      -0.79992432937457103     
  0.33333333333333337      -0.81590627318536690     
  0.33666666666666667      -0.84922647145669428     
  0.34000000000000002      -0.89458300747603314     
  0.34333333333333338      -0.94572714229155297     
  0.34666666666666668      -0.99622746767783232     
  0.35000000000000003       -1.0402444415927916     
  0.35333333333333333       -1.0732126646681688     
  0.35666666666666669       -1.0923386449411931     
  0.36000000000000004       -1.0968466943653523     
  0.36333333333333334       -1.0879417871371724     
  0.36666666666666670       -1.0685003063354099     
  0.37000000000000005       -1.0425408745300035     
  0.37333333333333335       -1.0145609474887365     
  0.37666666666666671      -0.98884463917989518     
  0.38000000000000000      -0.96884964372890869     
  0.38333333333333336      -0.95676544828543564     
  0.38666666666666671      -0.95330389460661324     
  0.39000000000000001      -0.95774205884365426     
  0.39333333333333337      -0.96819382419977784     
  0.39666666666666667      -0.98204839495928831     
  0.40000000000000002      -0.99648828776350851     
  0.40333333333333338       -1.0089905595647561     
  0.40666666666666668       -1.0177243706498726     
  0.41000000000000003       -1.0217830332698339     
  0.41333333333333339       -1.0212239911872760     
  0.41666666666666669       -1.0169283397602220     
  0.42000000000000004       -1.0103248242460381     
  0.42333333333333334       -1.0030453357995248     
  0.42666666666666669      -0.99658596902662544     
  0.43000000000000005      -0.99203926145078625     
  0.43333333333333335      -0.98994215730739288     
  0.43666666666666670      -0.99025590924084816     
  0.44000000000000000      -0.99246514933524210     
  0.44333333333333336      -0.99575999993805664     
  0.44666666666666671      -0.99925191542840042     
  0.45000000000000001       -1.0021728731729598     
  0.45333333333333337       -1.0040176005143824     
  0.45666666666666672       -1.0046063224102668     
  0.46000000000000002       -1.0040661751027489     
  0.46333333333333337       -1.0027479051112682     
  0.46666666666666667       -1.0011067433520591     
  0.47000000000000003      -0.99958029397966786     
  0.47333333333333338      -0.99849201320291892     
  0.47666666666666668      -0.99799844950840155     
  0.48000000000000004      -0.99808519297679688     
  0.48333333333333334      -0.99860403744368398     
  0.48666666666666669      -0.99933513964762921     
  0.49000000000000005       -1.0000545873508273     
  0.49333333333333335       -1.0005898156171009     
  0.49666666666666670       -1.0008514061107936     
  0.50000000000000000       -1.0008377833336821     
  0.50333333333333341       -1.0006168332525138     
  0.50666666666666671       -1.0002936408698184     
  0.51000000000000001      -0.99997540863585554     
  0.51333333333333342      -0.99974324437735884     
  0.51666666666666672      -0.99963682076427440     
  0.52000000000000002      -0.99965330599324131     
  0.52333333333333332      -0.99975785852025467     
  0.52666666666666673      -0.99990039886503779     
  0.53000000000000003       -1.0000327456109253     
  0.53333333333333333       -1.0001213352145994     
  0.53666666666666674       -1.0001529811188841     
  0.54000000000000004       -1.0001336204400164     
  0.54333333333333333       -1.0000819861456760     
  0.54666666666666675       -1.0000211601035998     
  0.55000000000000004      -0.99997091244717695     
  0.55333333333333334      -0.99994285125721394     
  0.55666666666666675      -0.99993912698879917     
  0.56000000000000005      -0.99995422134064349     
  0.56333333333333335      -0.99997854792258700     
  0.56666666666666665       -1.0000023523932908     
  0.57000000000000006       -1.0000186703242675     
  0.57333333333333336       -1.0000246850353862     
  0.57666666666666666       -1.0000214749529477     
  0.58000000000000007       -1.0000126364750601     
  0.58333333333333337       -1.0000024948503525     
  0.58666666666666667      -0.99999456490208716     
  0.59000000000000008      -0.99999067748904702     
  0.59333333333333338      -0.99999087129336461     
  0.59666666666666668      -0.99999388083829688     
  0.60000000000000009      -0.99999790508498509     
  0.60333333333333339       -1.0000013335144302     
  0.60666666666666669       -1.0000032057387571     
  0.60999999999999999       -1.0000033268929784     
  0.61333333333333340       -1.0000020940557586     
  0.61666666666666670       -1.0000001679405723     
  0.62000000000000000      -0.99999813661666248     
  0.62333333333333341      -0.99999627702607963     
  0.62666666666666671      -0.99999445311415014     
  0.63000000000000000      -0.99999212547262806     
  0.63333333333333341      -0.99998840655303578     
  0.63666666666666671      -0.99998208417544066     
  0.64000000000000001      -0.99997154829952439     
  0.64333333333333342      -0.99995457877532423     
  0.64666666666666672      -0.99992797123737254     
  0.65000000000000002      -0.99988698486797534     
  0.65333333333333332      -0.99982458627536641     
  0.65666666666666673      -0.99973044084899565     
  0.66000000000000003      -0.99958957267014448     
  0.66333333333333333      -0.99938058291467502     
  0.66666666666666674      -0.99907328974911347     
  0.67000000000000004      -0.99862563294664397     
  0.67333333333333334      -0.99797967536527621     
  0.67666666666666675      -0.99705653257237992     
  0.68000000000000005      -0.99575007427571771     
  0.68333333333333335      -0.99391927222242826     
  0.68666666666666676      -0.99137912669018180     
  0.69000000000000006      -0.98789019710757031     
  0.69333333333333336      -0.98314690138419181     
  0.69666666666666666      -0.97676494118140222     
  0.70000000000000007      -0.96826846073224904     
  0.70333333333333337      -0.95707785287567770     
  0.70666666666666667      -0.94249947708809245     
  0.71000000000000008      -0.92371892892568952     
  0.71333333333333337      -0.89979986391567401     
  0.71666666666666667      -0.86969068283993978     
  0.72000000000000008      -0.83224156688974471     
  0.72333333333333338      -0.78623433626241168     
  0.72666666666666668      -0.73042731443591025     
  0.73000000000000009      -0.66361673569457547     
  0.73333333333333339      -0.58471517422945174     
  0.73666666666666669      -0.49284596922043300     
  0.74000000000000010      -0.38745068998584292     
  0.74333333333333340      -0.26840441170100221     
  0.74666666666666670      -0.13613111621976620     
  0.75000000000000000        8.2908616972051236E-003
  0.75333333333333341       0.16304543324381374     
  0.75666666666666671       0.32553073829518958     
  0.76000000000000001       0.49235993672577294     
  0.76333333333333342       0.65942278910106567     
  0.76666666666666672       0.82201676433166093     
  0.77000000000000002       0.97505127043727791     
  0.77333333333333343        1.1133217042025849     
  0.77666666666666673        1.2318417844697493     
  0.78000000000000003        1.3262138081760197     
  0.78333333333333344        1.3930080658450734     
  0.78666666666666674        1.4301158936142568     
  0.79000000000000004        1.4370370073279957     
  0.79333333333333333        1.4150620280173889     
  0.79666666666666675        1.3673163040485341     
  0.80000000000000004        1.2986415588222051     
  0.80333333333333334        1.2153071268091520     
  0.80666666666666675        1.1245613635007110     
  0.81000000000000005        1.0340542258841794     
  0.81333333333333335       0.95118140310589794     
  0.81666666666666676       0.88241580462764335     
  0.82000000000000006       0.83270086689918799     
  0.82333333333333336       0.80497979304988077     
  0.82666666666666677       0.79992432937370195     
  0.83000000000000007       0.81590627318419529     
  0.83333333333333337       0.84922647145586805     
  0.83666666666666667       0.89458300747578012     
  0.84000000000000008       0.94572714229174948     
  0.84333333333333338       0.99622746767820325     
  0.84666666666666668        1.0402444415930960     
  0.85000000000000009        1.0732126646682960     
  0.85333333333333339        1.0923386449411592     
  0.85666666666666669        1.0968466943652400     
  0.86000000000000010        1.0879417871370662     
  0.86333333333333340        1.0685003063353564     
  0.86666666666666670        1.0425408745300049     
  0.87000000000000011        1.0145609474887685     
  0.87333333333333341       0.98884463917992993     
  0.87666666666666671       0.96884964372892846     
  0.88000000000000000       0.95676544828543741     
  0.88333333333333341       0.95330389460660359     
  0.88666666666666671       0.95774205884364183     
  0.89000000000000001       0.96819382419976918     
  0.89333333333333342       0.98204839495928520     
  0.89666666666666672       0.99648828776350906     
  0.90000000000000002        1.0089905595647579     
  0.90333333333333343        1.0177243706498735     
  0.90666666666666673        1.0217830332698334     
  0.91000000000000003        1.0212239911872749     
  0.91333333333333344        1.0169283397602209     
  0.91666666666666674        1.0103248242460381     
  0.92000000000000004        1.0030453357995257     
  0.92333333333333334       0.99658596902662633     
  0.92666666666666675       0.99203926145078725     
  0.93000000000000005       0.98994215730739388     
  0.93333333333333335       0.99025590924084861     
  0.93666666666666676       0.99246514933524244     
  0.94000000000000006       0.99575999993805697     
  0.94333333333333336       0.99925191542840108     
  0.94666666666666677        1.0021728731729604     
  0.95000000000000007        1.0040176005143828     
  0.95333333333333337        1.0046063224102668     
  0.95666666666666678        1.0040661751027484     
  0.96000000000000008        1.0027479051112675     
  0.96333333333333337        1.0011067433520588     
  0.96666666666666667       0.99958029397966763     
  0.97000000000000008       0.99849201320291847     
  0.97333333333333338       0.99799844950840122     
  0.97666666666666668       0.99808519297679632     
  0.98000000000000009       0.99860403744368320     
  0.98333333333333339       0.99933513964762832     
  0.98666666666666669        1.0000545873508269     
  0.99000000000000010        1.0005898156171007     
  0.99333333333333340        1.0008514061107934     
  0.99666666666666670        1.0008377833336821     
