   0.0000000000000000       -1.0503309338210893     
   3.3333333333333335E-003  -1.0258794204557131     
   6.6666666666666671E-003  -1.0013927547135513     
   1.0000000000000000E-002 -0.98194776006544171     
   1.3333333333333334E-002 -0.97066898756424969     
   1.6666666666666666E-002 -0.96834634110252926     
   2.0000000000000000E-002 -0.97363305389638599     
   2.3333333333333334E-002 -0.98370950125091494     
   2.6666666666666668E-002 -0.99519547365048000     
   3.0000000000000002E-002  -1.0050551682004241     
   3.3333333333333333E-002  -1.0112708679334719     
   3.6666666666666667E-002  -1.0131487929749112     
   4.0000000000000001E-002  -1.0112349300400842     
   4.3333333333333335E-002  -1.0069254214675081     
   4.6666666666666669E-002  -1.0019261247305193     
   5.0000000000000003E-002 -0.99773351766741969     
   5.3333333333333337E-002 -0.99527557000787625     
   5.6666666666666671E-002 -0.99478293705846543     
   6.0000000000000005E-002 -0.99588275508668977     
   6.3333333333333339E-002 -0.99784415993752640     
   6.6666666666666666E-002 -0.99987323895409619     
   7.0000000000000007E-002  -1.0013600451099525     
   7.3333333333333334E-002  -1.0020140418631782     
   7.6666666666666675E-002  -1.0018714130630304     
   8.0000000000000002E-002  -1.0012008037845102     
   8.3333333333333343E-002  -1.0003601802158064     
   8.6666666666666670E-002 -0.99966139514865160     
   9.0000000000000011E-002 -0.99928380578943021     
   9.3333333333333338E-002 -0.99925281664683230     
   9.6666666666666679E-002 -0.99947414730878192     
  0.10000000000000001      -0.99979832889772102     
  0.10333333333333335       -1.0000860476876441     
  0.10666666666666667       -1.0002520325095374     
  0.11000000000000000       -1.0002782433380788     
  0.11333333333333334       -1.0002001685828719     
  0.11666666666666667       -1.0000784525019293     
  0.12000000000000001      -0.99996997585717562     
  0.12333333333333334      -0.99990884360181120     
  0.12666666666666668      -0.99990125141629571     
  0.13000000000000000      -0.99993202433157424     
  0.13333333333333333      -0.99997695969515155     
  0.13666666666666669       -1.0000146577179398     
  0.14000000000000001       -1.0000335770182418     
  0.14333333333333334       -1.0000331312917372     
  0.14666666666666667       -1.0000202739348687     
  0.15000000000000002       -1.0000043090470097     
  0.15333333333333335      -0.99999250461687694     
  0.15666666666666668      -0.99998796001296730     
  0.16000000000000000      -0.99998982879826737     
  0.16333333333333333      -0.99999502893799264     
  0.16666666666666669       -1.0000002589437327     
  0.17000000000000001       -1.0000034038217687     
  0.17333333333333334       -1.0000039678907349     
  0.17666666666666667       -1.0000026926923320     
  0.18000000000000002       -1.0000008012071644     
  0.18333333333333335      -0.99999931375187512     
  0.18666666666666668      -0.99999869654364049     
  0.19000000000000000      -0.99999887211578442     
  0.19333333333333336      -0.99999945656371536     
  0.19666666666666668       -1.0000000395804467     
  0.20000000000000001       -1.0000003709790530     
  0.20333333333333334       -1.0000004074505191     
  0.20666666666666669       -1.0000002513127892     
  0.21000000000000002       -1.0000000487992380     
  0.21333333333333335      -0.99999990821035101     
  0.21666666666666667      -0.99999986676873653     
  0.22000000000000000      -0.99999990227223889     
  0.22333333333333336      -0.99999996691646087     
  0.22666666666666668       -1.0000000192859655     
  0.23000000000000001       -1.0000000406382243     
  0.23333333333333334       -1.0000000342305888     
  0.23666666666666669       -1.0000000147676831     
  0.24000000000000002      -0.99999999683945828     
  0.24333333333333335      -0.99999998815880131     
  0.24666666666666667      -0.99999998882128671     
  0.25000000000000000      -0.99999999446870091     
  0.25333333333333335       -1.0000000002427583     
  0.25666666666666671       -1.0000000033104697     
  0.26000000000000001       -1.0000000033399206     
  0.26333333333333336       -1.0000000015470409     
  0.26666666666666666      -0.99999999935688777     
  0.27000000000000002      -0.99999999744777679     
  0.27333333333333337      -0.99999999538214823     
  0.27666666666666667      -0.99999999154695951     
  0.28000000000000003      -0.99999998288359015     
  0.28333333333333333      -0.99999996381226053     
  0.28666666666666668      -0.99999992364788204     
  0.29000000000000004      -0.99999984143117249     
  0.29333333333333333      -0.99999967623589658     
  0.29666666666666669      -0.99999934940541180     
  0.30000000000000004      -0.99999871244526062     
  0.30333333333333334      -0.99999748985105330     
  0.30666666666666670      -0.99999517904539303     
  0.31000000000000000      -0.99999087846776458     
  0.31333333333333335      -0.99998299783530620     
  0.31666666666666671      -0.99996877925604688     
  0.32000000000000001      -0.99994352132383957     
  0.32333333333333336      -0.99989934737908115     
  0.32666666666666666      -0.99982329083883925     
  0.33000000000000002      -0.99969438310144243     
  0.33333333333333337      -0.99947932386923011     
  0.33666666666666667      -0.99912619541780567     
  0.34000000000000002      -0.99855556445579052     
  0.34333333333333338      -0.99764822142049725     
  0.34666666666666668      -0.99622877448332692     
  0.35000000000000003      -0.99404439660890020     
  0.35333333333333333      -0.99073828567531197     
  0.35666666666666669      -0.98581791638568783     
  0.36000000000000004      -0.97861901329596901     
  0.36333333333333334      -0.96826741112671066     
  0.36666666666666670      -0.95364259884031555     
  0.37000000000000005      -0.93334869492432471     
  0.37333333333333335      -0.90570068574353402     
  0.37666666666666671      -0.86873564781614221     
  0.38000000000000000      -0.82025988926416382     
  0.38333333333333336      -0.75794288019218470     
  0.38666666666666671      -0.67946683490611604     
  0.39000000000000001      -0.58273626665175060     
  0.39333333333333337      -0.46614440544512431     
  0.39666666666666667      -0.32888314617477671     
  0.40000000000000002      -0.17127091745733763     
  0.40333333333333338        4.9399486853529892E-003
  0.40666666666666668       0.19632580862809867     
  0.41000000000000003       0.39768010569970563     
  0.41333333333333339       0.60208208931314477     
  0.41666666666666669       0.80118875249366639     
  0.42000000000000004       0.98576969275505533     
  0.42333333333333334        1.1464706006661818     
  0.42666666666666669        1.2747496635861761     
  0.43000000000000005        1.3638884551797332     
  0.43333333333333335        1.4099431545326442     
  0.43666666666666670        1.4124823809300329     
  0.44000000000000000        1.3749626906792463     
  0.44333333333333336        1.3046267420044138     
  0.44666666666666671        1.2118718571664244     
  0.45000000000000001        1.1091211945866355     
  0.45333333333333337        1.0093225288793866     
  0.45666666666666672       0.92428260996603773     
  0.46000000000000002       0.86309888962534187     
  0.46333333333333337       0.83095898162822490     
  0.46666666666666667       0.82853330211098353     
  0.47000000000000003       0.85209088123116294     
  0.47333333333333338       0.89433757781639356     
  0.47666666666666668       0.94583535468338420     
  0.48000000000000004       0.99674158152535941     
  0.48333333333333334        1.0385372799448569     
  0.48666666666666669        1.0654120699629044     
  0.49000000000000005        1.0750452062918188     
  0.49333333333333335        1.0686527023510131     
  0.49666666666666670        1.0503309338210902     
  0.50000000000000000        1.0258794204557138     
  0.50333333333333341        1.0013927547135519     
  0.50666666666666671       0.98194776006544193     
  0.51000000000000001       0.97066898756424969     
  0.51333333333333342       0.96834634110252904     
  0.51666666666666672       0.97363305389638566     
  0.52000000000000002       0.98370950125091461     
  0.52333333333333332       0.99519547365047978     
  0.52666666666666673        1.0050551682004238     
  0.53000000000000003        1.0112708679334717     
  0.53333333333333333        1.0131487929749110     
  0.53666666666666674        1.0112349300400838     
  0.54000000000000004        1.0069254214675079     
  0.54333333333333333        1.0019261247305193     
  0.54666666666666675       0.99773351766741969     
  0.55000000000000004       0.99527557000787614     
  0.55333333333333334       0.99478293705846532     
  0.55666666666666675       0.99588275508668955     
  0.56000000000000005       0.99784415993752640     
  0.56333333333333335       0.99987323895409630     
  0.56666666666666665        1.0013600451099529     
  0.57000000000000006        1.0020140418631784     
  0.57333333333333336        1.0018714130630304     
  0.57666666666666666        1.0012008037845099     
  0.58000000000000007        1.0003601802158062     
  0.58333333333333337       0.99966139514865127     
  0.58666666666666667       0.99928380578942977     
  0.59000000000000008       0.99925281664683197     
  0.59333333333333338       0.99947414730878159     
  0.59666666666666668       0.99979832889772080     
  0.60000000000000009        1.0000860476876441     
  0.60333333333333339        1.0002520325095370     
  0.60666666666666669        1.0002782433380788     
  0.60999999999999999        1.0002001685828721     
  0.61333333333333340        1.0000784525019297     
  0.61666666666666670       0.99996997585717595     
  0.62000000000000000       0.99990884360181131     
  0.62333333333333341       0.99990125141629549     
  0.62666666666666671       0.99993202433157391     
  0.63000000000000000       0.99997695969515132     
  0.63333333333333341        1.0000146577179396     
  0.63666666666666671        1.0000335770182416     
  0.64000000000000001        1.0000331312917368     
  0.64333333333333342        1.0000202739348685     
  0.64666666666666672        1.0000043090470097     
  0.65000000000000002       0.99999250461687672     
  0.65333333333333332       0.99998796001296719     
  0.65666666666666673       0.99998982879826726     
  0.66000000000000003       0.99999502893799275     
  0.66333333333333333        1.0000002589437331     
  0.66666666666666674        1.0000034038217693     
  0.67000000000000004        1.0000039678907358     
  0.67333333333333334        1.0000026926923327     
  0.67666666666666675        1.0000008012071648     
  0.68000000000000005       0.99999931375187545     
  0.68333333333333335       0.99999869654364071     
  0.68666666666666676       0.99999887211578464     
  0.69000000000000006       0.99999945656371558     
  0.69333333333333336        1.0000000395804467     
  0.69666666666666666        1.0000003709790530     
  0.70000000000000007        1.0000004074505191     
  0.70333333333333337        1.0000002513127892     
  0.70666666666666667        1.0000000487992380     
  0.71000000000000008       0.99999990821035123     
  0.71333333333333337       0.99999986676873698     
  0.71666666666666667       0.99999990227224012     
  0.72000000000000008       0.99999996691646420     
  0.72333333333333338        1.0000000192859750     
  0.72666666666666668        1.0000000406382503     
  0.73000000000000009        1.0000000342306585     
  0.73333333333333339        1.0000000147678683     
  0.73666666666666669       0.99999999683994267     
  0.74000000000000010       0.99999998816004421     
  0.74333333333333340       0.99999998882442209     
  0.74666666666666670       0.99999999447648102     
  0.75000000000000000        1.0000000002617531     
  0.75333333333333341        1.0000000033561018     
  0.75666666666666671        1.0000000034477967     
  0.76000000000000001        1.0000000017980215     
  0.76333333333333342       0.99999999993160216     
  0.76666666666666672       0.99999999874315315     
  0.77000000000000002       0.99999999825624974     
  0.77333333333333343       0.99999999782462701     
  0.77666666666666673       0.99999999638284243     
  0.78000000000000003       0.99999999239201598     
  0.78333333333333344       0.99999998322289008     
  0.78666666666666674       0.99999996370767963     
  0.79000000000000004       0.99999992335640775     
  0.79333333333333333       0.99999984118661323     
  0.79666666666666675       0.99999967614069774     
  0.80000000000000004       0.99999934943847324     
  0.80333333333333334       0.99999871252952555     
  0.80666666666666675       0.99999748991901938     
  0.81000000000000005       0.99999517906959579     
  0.81333333333333335       0.99999087845639534     
  0.81666666666666676       0.99998299781125288     
  0.82000000000000006       0.99996877923799110     
  0.82333333333333336       0.99994352131840758     
  0.82666666666666677       0.99989934738305608     
  0.83000000000000007       0.99982329084555421     
  0.83333333333333337       0.99969438310598413     
  0.83666666666666667       0.99947932387022731     
  0.84000000000000008       0.99912619541645920     
  0.84333333333333338       0.99855556445397997     
  0.84666666666666668       0.99764822141943332     
  0.85000000000000009       0.99622877448321856     
  0.85333333333333339       0.99404439660933142     
  0.85666666666666669       0.99073828567577693     
  0.86000000000000010       0.98581791638591365     
  0.86333333333333340       0.97861901329595125     
  0.86666666666666670       0.96826741112658221     
  0.87000000000000011       0.95364259884020397     
  0.87333333333333341       0.93334869492428396     
  0.87666666666666671       0.90570068574355111     
  0.88000000000000000       0.86873564781617818     
  0.88333333333333341       0.82025988926418847     
  0.88666666666666671       0.75794288019219003     
  0.89000000000000001       0.67946683490610904     
  0.89333333333333342       0.58273626665174172     
  0.89666666666666672       0.46614440544511959     
  0.90000000000000002       0.32888314617477660     
  0.90333333333333343       0.17127091745733974     
  0.90666666666666673       -4.9399486853511157E-003
  0.91000000000000003      -0.19632580862809806     
  0.91333333333333344      -0.39768010569970602     
  0.91666666666666674      -0.60208208931314555     
  0.92000000000000004      -0.80118875249366672     
  0.92333333333333334      -0.98576969275505544     
  0.92666666666666675       -1.1464706006661818     
  0.93000000000000005       -1.2747496635861766     
  0.93333333333333335       -1.3638884551797337     
  0.93666666666666676       -1.4099431545326448     
  0.94000000000000006       -1.4124823809300335     
  0.94333333333333336       -1.3749626906792465     
  0.94666666666666677       -1.3046267420044138     
  0.95000000000000007       -1.2118718571664242     
  0.95333333333333337       -1.1091211945866355     
  0.95666666666666678       -1.0093225288793861     
  0.96000000000000008      -0.92428260996603739     
  0.96333333333333337      -0.86309888962534165     
  0.96666666666666667      -0.83095898162822479     
  0.97000000000000008      -0.82853330211098364     
  0.97333333333333338      -0.85209088123116317     
  0.97666666666666668      -0.89433757781639389     
  0.98000000000000009      -0.94583535468338420     
  0.98333333333333339      -0.99674158152535930     
  0.98666666666666669       -1.0385372799448565     
  0.99000000000000010       -1.0654120699629042     
  0.99333333333333340       -1.0750452062918181     
  0.99666666666666670       -1.0686527023510124     
