   0.0000000000000000       -1.0000000000000000     
   3.3333333333333335E-003  -1.0000000000000000     
   6.6666666666666671E-003  -1.0000000000000000     
   1.0000000000000000E-002  -1.0000000000000000     
   1.3333333333333334E-002  -1.0000000000000000     
   1.6666666666666666E-002  -1.0000000000000000     
   2.0000000000000000E-002  -1.0000000000000000     
   2.3333333333333334E-002 -0.99999999999999989     
   2.6666666666666668E-002 -0.99999999999999856     
   3.0000000000000002E-002 -0.99999999999998945     
   3.3333333333333333E-002 -0.99999999999992684     
   3.6666666666666667E-002 -0.99999999999953659     
   4.0000000000000001E-002 -0.99999999999731182     
   4.3333333333333335E-002 -0.99999999998564371     
   4.6666666666666669E-002 -0.99999999992900257     
   5.0000000000000003E-002 -0.99999999967328268     
   5.3333333333333337E-002 -0.99999999859514166     
   5.6666666666666671E-002 -0.99999999433516173     
   6.0000000000000005E-002 -0.99999997851151379     
   6.3333333333333339E-002 -0.99999992310618913     
   6.6666666666666666E-002 -0.99999973979964885     
   7.0000000000000007E-002 -0.99999916555367363     
   7.3333333333333334E-002 -0.99999745901921278     
   7.6666666666666675E-002 -0.99999264024365730     
   8.0000000000000002E-002 -0.99997969280138754     
   8.3333333333333343E-002 -0.99994654921582582     
   8.6666666666666670E-002 -0.99986562969751291     
   9.0000000000000011E-002 -0.99967702718909268     
   9.3333333333333338E-002 -0.99925705625311356     
   9.6666666666666679E-002 -0.99836304549667554     
  0.10000000000000001      -0.99654280202355949     
  0.10333333333333335      -0.99299689552287806     
  0.10666666666666667      -0.98638664939149434     
  0.11000000000000000      -0.97459400926616158     
  0.11333333333333334      -0.95446418889133433     
  0.11666666666666667      -0.92159810348883209     
  0.12000000000000001      -0.87030305031118005     
  0.12333333333333334      -0.79384248033018079     
  0.12666666666666668      -0.68512659580303259     
  0.13000000000000000      -0.53792976302795881     
  0.13333333333333333      -0.34859170852271093     
  0.13666666666666669      -0.11796405488967542     
  0.14000000000000001       0.14685495947884514     
  0.14333333333333334       0.43161620737068551     
  0.14666666666666667       0.71546909393708746     
  0.15000000000000002       0.97335627841677708     
  0.15333333333333335        1.1801679352204311     
  0.15666666666666668        1.3159447747542343     
  0.16000000000000000        1.3708506866147865     
  0.16333333333333333        1.3483778126569521     
  0.16666666666666669        1.2654978646951631     
  0.17000000000000001        1.1492647180187929     
  0.17333333333333334        1.0305048570370825     
  0.17666666666666667       0.93630832734611269     
  0.18000000000000002       0.88360408978645655     
  0.18333333333333335       0.87586791215628912     
  0.18666666666666668       0.90397942012743948     
  0.19000000000000000       0.95078022990615785     
  0.19333333333333336       0.99757013585801235     
  0.19666666666666668        1.0301620336939377     
  0.20000000000000001        1.0424544485256255     
  0.20333333333333334        1.0366062726061274     
  0.20666666666666669        1.0202965496249814     
  0.21000000000000002        1.0026073944773186     
  0.21333333333333335       0.99035925165530125     
  0.21666666666666667       0.98621646388639972     
  0.22000000000000000       0.98890013609285088     
  0.22333333333333336       0.99490152434850243     
  0.22666666666666668        1.0005987368140066     
  0.23000000000000001        1.0037781369059482     
  0.23333333333333334        1.0040822319691989     
  0.23666666666666669        1.0025125899498930     
  0.24000000000000002        1.0005041746567440     
  0.24333333333333335       0.99912769753324759     
  0.24666666666666667       0.99874273663178859     
  0.25000000000000000       0.99910713583203636     
  0.25333333333333335       0.99972820433926168     
  0.25666666666666671        1.0001983226556173     
  0.26000000000000001        1.0003570961778308     
  0.26333333333333336        1.0002665630548548     
  0.26666666666666666        1.0000854761868279     
  0.27000000000000002       0.99994717080320306     
  0.27333333333333337       0.99990247003225174     
  0.27666666666666667       0.99993021876753285     
  0.28000000000000003       0.99998107879106202     
  0.28333333333333333        1.0000167607651100     
  0.28666666666666668        1.0000254883299990     
  0.29000000000000004        1.0000158765754994     
  0.29333333333333333        1.0000024195515103     
  0.29666666666666669       0.99999456597142444     
  0.30000000000000004       0.99999387370148352     
  0.30333333333333334       0.99999703768786075     
  0.30666666666666670        1.0000002279176665     
  0.31000000000000000        1.0000015780233609     
  0.31333333333333335        1.0000012732450347     
  0.31666666666666671        1.0000003799478847     
  0.32000000000000001       0.99999974928703761     
  0.32333333333333336       0.99999961825172512     
  0.32666666666666666       0.99999979237019176     
  0.33000000000000002       0.99999999624145564     
  0.33333333333333337        1.0000000873329820     
  0.33666666666666667        1.0000000721925149     
  0.34000000000000002        1.0000000203572366     
  0.34333333333333338       0.99999998549600455     
  0.34666666666666668       0.99999998009994262     
  0.35000000000000003       0.99999999063907263     
  0.35333333333333333        1.0000000010489185     
  0.35666666666666669        1.0000000046271105     
  0.36000000000000004        1.0000000030434621     
  0.36333333333333334        1.0000000003956500     
  0.36666666666666670       0.99999999907576531     
  0.37000000000000005       0.99999999917183624     
  0.37333333333333335       0.99999999976725484     
  0.37666666666666671        1.0000000001567761     
  0.38000000000000000        1.0000000002003184     
  0.38333333333333336        1.0000000000796232     
  0.38666666666666671       0.99999999997883970     
  0.39000000000000001       0.99999999995552957     
  0.39333333333333337       0.99999999997783717     
  0.39666666666666667        1.0000000000016609     
  0.40000000000000002        1.0000000000092597     
  0.40333333333333338        1.0000000000054694     
  0.40666666666666668        1.0000000000001970     
  0.41000000000000003       0.99999999999815925     
  0.41333333333333339       0.99999999999875722     
  0.41666666666666669       0.99999999999986822     
  0.42000000000000004        1.0000000000003542     
  0.42333333333333334        1.0000000000002647     
  0.42666666666666669        1.0000000000000391     
  0.43000000000000005       0.99999999999993261     
  0.43333333333333335       0.99999999999994604     
  0.43666666666666670       0.99999999999999090     
  0.44000000000000000        1.0000000000000127     
  0.44333333333333336        1.0000000000000102     
  0.44666666666666671        1.0000000000000018     
  0.45000000000000001       0.99999999999999756     
  0.45333333333333337       0.99999999999999789     
  0.45666666666666672       0.99999999999999956     
  0.46000000000000002        1.0000000000000004     
  0.46333333333333337        1.0000000000000004     
  0.46666666666666667        1.0000000000000000     
  0.47000000000000003        1.0000000000000000     
  0.47333333333333338        1.0000000000000000     
  0.47666666666666668        1.0000000000000000     
  0.48000000000000004        1.0000000000000000     
  0.48333333333333334        1.0000000000000000     
  0.48666666666666669        1.0000000000000000     
  0.49000000000000005        1.0000000000000000     
  0.49333333333333335        1.0000000000000000     
  0.49666666666666670        1.0000000000000000     
  0.50000000000000000        1.0000000000000000     
  0.50333333333333341        1.0000000000000000     
  0.50666666666666671        1.0000000000000000     
  0.51000000000000001        1.0000000000000000     
  0.51333333333333342        1.0000000000000000     
  0.51666666666666672        1.0000000000000000     
  0.52000000000000002        1.0000000000000000     
  0.52333333333333332        1.0000000000000000     
  0.52666666666666673       0.99999999999999989     
  0.53000000000000003       0.99999999999999856     
  0.53333333333333333       0.99999999999998945     
  0.53666666666666674       0.99999999999992684     
  0.54000000000000004       0.99999999999953659     
  0.54333333333333333       0.99999999999731171     
  0.54666666666666675       0.99999999998564360     
  0.55000000000000004       0.99999999992900257     
  0.55333333333333334       0.99999999967328257     
  0.55666666666666675       0.99999999859514155     
  0.56000000000000005       0.99999999433516185     
  0.56333333333333335       0.99999997851151368     
  0.56666666666666665       0.99999992310618935     
  0.57000000000000006       0.99999973979964885     
  0.57333333333333336       0.99999916555367341     
  0.57666666666666666       0.99999745901921289     
  0.58000000000000007       0.99999264024365730     
  0.58333333333333337       0.99997969280138754     
  0.58666666666666667       0.99994654921582582     
  0.59000000000000008       0.99986562969751291     
  0.59333333333333338       0.99967702718909268     
  0.59666666666666668       0.99925705625311356     
  0.60000000000000009       0.99836304549667554     
  0.60333333333333339       0.99654280202355949     
  0.60666666666666669       0.99299689552287806     
  0.60999999999999999       0.98638664939149434     
  0.61333333333333340       0.97459400926616158     
  0.61666666666666670       0.95446418889133433     
  0.62000000000000000       0.92159810348883209     
  0.62333333333333341       0.87030305031118005     
  0.62666666666666671       0.79384248033018079     
  0.63000000000000000       0.68512659580303259     
  0.63333333333333341       0.53792976302795881     
  0.63666666666666671       0.34859170852271093     
  0.64000000000000001       0.11796405488967542     
  0.64333333333333342      -0.14685495947884514     
  0.64666666666666672      -0.43161620737068551     
  0.65000000000000002      -0.71546909393708746     
  0.65333333333333332      -0.97335627841677708     
  0.65666666666666673       -1.1801679352204311     
  0.66000000000000003       -1.3159447747542343     
  0.66333333333333333       -1.3708506866147865     
  0.66666666666666674       -1.3483778126569521     
  0.67000000000000004       -1.2654978646951631     
  0.67333333333333334       -1.1492647180187929     
  0.67666666666666675       -1.0305048570370825     
  0.68000000000000005      -0.93630832734611269     
  0.68333333333333335      -0.88360408978645655     
  0.68666666666666676      -0.87586791215628912     
  0.69000000000000006      -0.90397942012743948     
  0.69333333333333336      -0.95078022990615785     
  0.69666666666666666      -0.99757013585801235     
  0.70000000000000007       -1.0301620336939377     
  0.70333333333333337       -1.0424544485256255     
  0.70666666666666667       -1.0366062726061274     
  0.71000000000000008       -1.0202965496249814     
  0.71333333333333337       -1.0026073944773186     
  0.71666666666666667      -0.99035925165530125     
  0.72000000000000008      -0.98621646388639972     
  0.72333333333333338      -0.98890013609285088     
  0.72666666666666668      -0.99490152434850243     
  0.73000000000000009       -1.0005987368140066     
  0.73333333333333339       -1.0037781369059482     
  0.73666666666666669       -1.0040822319691989     
  0.74000000000000010       -1.0025125899498930     
  0.74333333333333340       -1.0005041746567440     
  0.74666666666666670      -0.99912769753324759     
  0.75000000000000000      -0.99874273663178859     
  0.75333333333333341      -0.99910713583203636     
  0.75666666666666671      -0.99972820433926168     
  0.76000000000000001       -1.0001983226556173     
  0.76333333333333342       -1.0003570961778308     
  0.76666666666666672       -1.0002665630548548     
  0.77000000000000002       -1.0000854761868279     
  0.77333333333333343      -0.99994717080320306     
  0.77666666666666673      -0.99990247003225174     
  0.78000000000000003      -0.99993021876753285     
  0.78333333333333344      -0.99998107879106202     
  0.78666666666666674       -1.0000167607651100     
  0.79000000000000004       -1.0000254883299990     
  0.79333333333333333       -1.0000158765754994     
  0.79666666666666675       -1.0000024195515103     
  0.80000000000000004      -0.99999456597142444     
  0.80333333333333334      -0.99999387370148352     
  0.80666666666666675      -0.99999703768786075     
  0.81000000000000005       -1.0000002279176665     
  0.81333333333333335       -1.0000015780233609     
  0.81666666666666676       -1.0000012732450347     
  0.82000000000000006       -1.0000003799478847     
  0.82333333333333336      -0.99999974928703761     
  0.82666666666666677      -0.99999961825172512     
  0.83000000000000007      -0.99999979237019176     
  0.83333333333333337      -0.99999999624145564     
  0.83666666666666667       -1.0000000873329820     
  0.84000000000000008       -1.0000000721925149     
  0.84333333333333338       -1.0000000203572366     
  0.84666666666666668      -0.99999998549600455     
  0.85000000000000009      -0.99999998009994262     
  0.85333333333333339      -0.99999999063907263     
  0.85666666666666669       -1.0000000010489185     
  0.86000000000000010       -1.0000000046271105     
  0.86333333333333340       -1.0000000030434621     
  0.86666666666666670       -1.0000000003956500     
  0.87000000000000011      -0.99999999907576531     
  0.87333333333333341      -0.99999999917183624     
  0.87666666666666671      -0.99999999976725484     
  0.88000000000000000       -1.0000000001567761     
  0.88333333333333341       -1.0000000002003184     
  0.88666666666666671       -1.0000000000796232     
  0.89000000000000001      -0.99999999997883970     
  0.89333333333333342      -0.99999999995552957     
  0.89666666666666672      -0.99999999997783717     
  0.90000000000000002       -1.0000000000016609     
  0.90333333333333343       -1.0000000000092597     
  0.90666666666666673       -1.0000000000054694     
  0.91000000000000003       -1.0000000000001970     
  0.91333333333333344      -0.99999999999815925     
  0.91666666666666674      -0.99999999999875722     
  0.92000000000000004      -0.99999999999986822     
  0.92333333333333334       -1.0000000000003542     
  0.92666666666666675       -1.0000000000002647     
  0.93000000000000005       -1.0000000000000391     
  0.93333333333333335      -0.99999999999993261     
  0.93666666666666676      -0.99999999999994604     
  0.94000000000000006      -0.99999999999999090     
  0.94333333333333336       -1.0000000000000127     
  0.94666666666666677       -1.0000000000000102     
  0.95000000000000007       -1.0000000000000018     
  0.95333333333333337      -0.99999999999999756     
  0.95666666666666678      -0.99999999999999789     
  0.96000000000000008      -0.99999999999999956     
  0.96333333333333337       -1.0000000000000004     
  0.96666666666666667       -1.0000000000000004     
  0.97000000000000008       -1.0000000000000000     
  0.97333333333333338       -1.0000000000000000     
  0.97666666666666668       -1.0000000000000000     
  0.98000000000000009       -1.0000000000000000     
  0.98333333333333339       -1.0000000000000000     
  0.98666666666666669       -1.0000000000000000     
  0.99000000000000010       -1.0000000000000000     
  0.99333333333333340       -1.0000000000000000     
  0.99666666666666670       -1.0000000000000000     
