   0.0000000000000000       0.99978363516982693     
   3.3333333333333335E-003  0.99965430906220820     
   6.6666666666666671E-003  0.99945362753892564     
   1.0000000000000000E-002  0.99914578953547051     
   1.3333333333333334E-002  0.99867903306197447     
   1.6666666666666666E-002  0.99797956738364657     
   2.0000000000000000E-002  0.99694371015052063     
   2.3333333333333334E-002  0.99542793361621140     
   2.6666666666666668E-002  0.99323658593182063     
   3.0000000000000002E-002  0.99010718237076045     
   3.3333333333333333E-002  0.98569337835094684     
   3.6666666666666667E-002  0.97954606090716279     
   4.0000000000000001E-002  0.97109344168684253     
   4.3333333333333335E-002  0.95962160488351400     
   4.6666666666666669E-002  0.94425764148738456     
   5.0000000000000003E-002  0.92395824444240082     
   5.3333333333333337E-002  0.89750737254820567     
   5.6666666666666671E-002  0.86352720200983957     
   6.0000000000000005E-002  0.82050692476696518     
   6.3333333333333339E-002  0.76685384484524666     
   6.6666666666666666E-002  0.70097047920228084     
   7.0000000000000007E-002  0.62135981540584961     
   7.3333333333333334E-002  0.52675839674454916     
   7.6666666666666675E-002  0.41629347739579092     
   8.0000000000000002E-002  0.28965624402097329     
   8.3333333333333343E-002  0.14727834995205913     
   8.6666666666666670E-002  -9.5057240650609012E-003
   9.0000000000000011E-002 -0.17833196283540431     
   9.3333333333333338E-002 -0.35573963345690818     
   9.6666666666666679E-002 -0.53718736827491453     
  0.10000000000000001      -0.71717279891358821     
  0.10333333333333335      -0.88946870882321505     
  0.10666666666666667       -1.0474774397713782     
  0.11000000000000000       -1.1846907287070827     
  0.11333333333333334       -1.2952255934705241     
  0.11666666666666667       -1.3743903825907267     
  0.12000000000000001       -1.4192212735333631     
  0.12333333333333334       -1.4289212052201652     
  0.12666666666666668       -1.4051331036315282     
  0.13000000000000000       -1.3519891728643065     
  0.13333333333333333       -1.2758985326949686     
  0.13666666666666669       -1.1850654047908225     
  0.14000000000000001       -1.0887662840483068     
  0.14333333333333334      -0.99645222797174715     
  0.14666666666666667      -0.91677550934990226     
  0.15000000000000002      -0.85666208607649086     
  0.15333333333333335      -0.82055722270390885     
  0.15666666666666668      -0.80995783887098882     
  0.16000000000000000      -0.82331156766522806     
  0.16333333333333333      -0.85631254889579000     
  0.16666666666666669      -0.90256464878681286     
  0.17000000000000001      -0.95452370559265709     
  0.17333333333333334       -1.0045822053833593     
  0.17666666666666667       -1.0461321560114729     
  0.18000000000000002       -1.0744414345502256     
  0.18333333333333335       -1.0872073662082609     
  0.18666666666666668       -1.0847049985525099     
  0.19000000000000000       -1.0695174302460986     
  0.19333333333333336       -1.0459088184932501     
  0.19666666666666668       -1.0189631816343667     
  0.20000000000000001      -0.99365131954909736     
  0.20333333333333334      -0.97399600021890353     
  0.20666666666666669      -0.96248028831729293     
  0.21000000000000002      -0.95979078409775143     
  0.21333333333333335      -0.96491786443079552     
  0.21666666666666667      -0.97556363424256365     
  0.22000000000000000      -0.98875034313597132     
  0.22333333333333336       -1.0014894561147589     
  0.22666666666666668       -1.0113704208925856     
  0.23000000000000001       -1.0169572130365068     
  0.23333333333333334       -1.0179318842644016     
  0.23666666666666669       -1.0149847513997297     
  0.24000000000000002       -1.0095061769114819     
  0.24333333333333335       -1.0031727448651167     
  0.24666666666666667      -0.99753359995027080     
  0.25000000000000000      -0.99368987154348531     
  0.25333333333333335      -0.99212688445868014     
  0.25666666666666671      -0.99271527322871844     
  0.26000000000000001      -0.99485488431498426     
  0.26333333333333336      -0.99770475736315345     
  0.26666666666666666       -1.0004298349572516     
  0.27000000000000002       -1.0024014030903821     
  0.27333333333333337       -1.0033096110464483     
  0.27666666666666667       -1.0031752900155562     
  0.28000000000000003       -1.0022761248531540     
  0.28333333333333333       -1.0010218297203142     
  0.28666666666666668      -0.99982030464078597     
  0.29000000000000004      -0.99897167342277349     
  0.29333333333333333      -0.99861292823879566     
  0.29666666666666669      -0.99871798572812565     
  0.30000000000000004      -0.99914189090165495     
  0.30333333333333334      -0.99968788833534594     
  0.30666666666666670       -1.0001739084040255     
  0.31000000000000000       -1.0004799196374268     
  0.31333333333333335       -1.0005668734981139     
  0.31666666666666671       -1.0004680951331439     
  0.32000000000000001       -1.0002618076048315     
  0.32333333333333336       -1.0000371339118572     
  0.32666666666666666      -0.99986513154802292     
  0.33000000000000002      -0.99978231637495218     
  0.33333333333333337      -0.99978865963207086     
  0.33666666666666667      -0.99985716885707776     
  0.34000000000000002      -0.99994927649520249     
  0.34333333333333338       -1.0000298319166354     
  0.34666666666666668       -1.0000771148215597     
  0.35000000000000003       -1.0000859825815291     
  0.35333333333333333       -1.0000649201881924     
  0.35666666666666669       -1.0000295277226159     
  0.36000000000000004      -0.99999548950978145     
  0.36333333333333334      -0.99997345418266659     
  0.36666666666666670      -0.99996699218527429     
  0.37000000000000005      -0.99997346798254105     
  0.37333333333333335      -0.99998673261185800     
  0.37666666666666671       -1.0000002239151586     
  0.38000000000000000       -1.0000093088171089     
  0.38333333333333336       -1.0000122829744869     
  0.38666666666666671       -1.0000100690535658     
  0.39000000000000001       -1.0000050952730779     
  0.39333333333333337      -0.99999998558343384     
  0.39666666666666667      -0.99999657778407358     
  0.40000000000000002      -0.99999551970370781     
  0.40333333333333338      -0.99999641375771153     
  0.40666666666666668      -0.99999829169972443     
  0.41000000000000003       -1.0000001469044693     
  0.41333333333333339       -1.0000013126460348     
  0.41666666666666669       -1.0000015956195780     
  0.42000000000000004       -1.0000011921784957     
  0.42333333333333334       -1.0000004870507413     
  0.42666666666666669      -0.99999984717211865     
  0.43000000000000005      -0.99999948970742614     
  0.43333333333333335      -0.99999945015359570     
  0.43666666666666670      -0.99999962995981073     
  0.44000000000000000      -0.99999987914831456     
  0.44333333333333336       -1.0000000702209133     
  0.44666666666666671       -1.0000001370733800     
  0.45000000000000001       -1.0000000745582684     
  0.45333333333333337      -0.99999991056971038     
  0.45666666666666672      -0.99999966829983200     
  0.46000000000000002      -0.99999933245252792     
  0.46333333333333337      -0.99999882396959416     
  0.46666666666666667      -0.99999797806364121     
  0.47000000000000003      -0.99999651321872329     
  0.47333333333333338      -0.99999397490753261     
  0.47666666666666668      -0.99998963552678177     
  0.48000000000000004      -0.99998232888679972     
  0.48333333333333334      -0.99997019104107243     
  0.48666666666666669      -0.99995026764629957     
  0.49000000000000005      -0.99991793066711077     
  0.49333333333333335      -0.99986602399994395     
  0.49666666666666670      -0.99978362872351501     
  0.50000000000000000      -0.99965430461996851     
  0.50333333333333341      -0.99945362620972100     
  0.50666666666666671      -0.99914579065863207     
  0.51000000000000001      -0.99867903517854484     
  0.51333333333333342      -0.99797956917974273     
  0.51666666666666672      -0.99694371097252088     
  0.52000000000000002      -0.99542793349679559     
  0.52333333333333332      -0.99323658530424985     
  0.52666666666666673      -0.99010718171851808     
  0.53000000000000003      -0.98569337797334000     
  0.53333333333333333      -0.97954606085986851     
  0.53666666666666674      -0.97109344185511803     
  0.54000000000000004      -0.95962160510268268     
  0.54333333333333333      -0.94425764163742387     
  0.54666666666666675      -0.92395824448410435     
  0.55000000000000004      -0.89750737250790125     
  0.55333333333333334      -0.86352720194038346     
  0.55666666666666675      -0.82050692471252407     
  0.56000000000000005      -0.76685384482455499     
  0.56333333333333335      -0.70097047921057454     
  0.56666666666666665      -0.62135981542691310     
  0.57000000000000006      -0.52675839676309022     
  0.57333333333333336      -0.41629347740421041     
  0.57666666666666666      -0.28965624401967854     
  0.58000000000000007      -0.14727834994586705     
  0.58333333333333337        9.5057240710882812E-003
  0.58666666666666667       0.17833196283847197     
  0.59000000000000008       0.35573963345684689     
  0.59333333333333338       0.53718736827312796     
  0.59666666666666668       0.71717279891169616     
  0.60000000000000009       0.88946870882217766     
  0.60333333333333339        1.0474774397713189     
  0.60666666666666669        1.1846907287075945     
  0.60999999999999999        1.2952255934711021     
  0.61333333333333340        1.3743903825910584     
  0.61666666666666670        1.4192212735333962     
  0.62000000000000000        1.4289212052200178     
  0.62333333333333341        1.4051331036313552     
  0.62666666666666671        1.3519891728642055     
  0.63000000000000000        1.2758985326949568     
  0.63333333333333341        1.1850654047908651     
  0.63666666666666671        1.0887662840483572     
  0.64000000000000001       0.99645222797177668     
  0.64333333333333342       0.91677550934990537     
  0.64666666666666672       0.85666208607647842     
  0.65000000000000002       0.82055722270389442     
  0.65333333333333332       0.80995783887098061     
  0.65666666666666673       0.82331156766522740     
  0.66000000000000003       0.85631254889579356     
  0.66333333333333333       0.90256464878681664     
  0.66666666666666674       0.95452370559265898     
  0.67000000000000004        1.0045822053833589     
  0.67333333333333334        1.0461321560114716     
  0.67666666666666675        1.0744414345502245     
  0.68000000000000005        1.0872073662082606     
  0.68333333333333335        1.0847049985525108     
  0.68666666666666676        1.0695174302460999     
  0.69000000000000006        1.0459088184932515     
  0.69333333333333336        1.0189631816343676     
  0.69666666666666666       0.99365131954909769     
  0.70000000000000007       0.97399600021890365     
  0.70333333333333337       0.96248028831729282     
  0.70666666666666667       0.95979078409775120     
  0.71000000000000008       0.96491786443079497     
  0.71333333333333337       0.97556363424256243     
  0.71666666666666667       0.98875034313596988     
  0.72000000000000008        1.0014894561147574     
  0.72333333333333338        1.0113704208925840     
  0.72666666666666668        1.0169572130365054     
  0.73000000000000009        1.0179318842644005     
  0.73333333333333339        1.0149847513997290     
  0.73666666666666669        1.0095061769114819     
  0.74000000000000010        1.0031727448651167     
  0.74333333333333340       0.99753359995027102     
  0.74666666666666670       0.99368987154348565     
  0.75000000000000000       0.99212688445868025     
  0.75333333333333341       0.99271527322871866     
  0.75666666666666671       0.99485488431498481     
  0.76000000000000001       0.99770475736315412     
  0.76333333333333342        1.0004298349572527     
  0.76666666666666672        1.0024014030903832     
  0.77000000000000002        1.0033096110464492     
  0.77333333333333343        1.0031752900155568     
  0.77666666666666673        1.0022761248531544     
  0.78000000000000003        1.0010218297203137     
  0.78333333333333344       0.99982030464078564     
  0.78666666666666674       0.99897167342277304     
  0.79000000000000004       0.99861292823879522     
  0.79333333333333333       0.99871798572812542     
  0.79666666666666675       0.99914189090165473     
  0.80000000000000004       0.99968788833534561     
  0.80333333333333334        1.0001739084040251     
  0.80666666666666675        1.0004799196374268     
  0.81000000000000005        1.0005668734981139     
  0.81333333333333335        1.0004680951331439     
  0.81666666666666676        1.0002618076048315     
  0.82000000000000006        1.0000371339118572     
  0.82333333333333336       0.99986513154802237     
  0.82666666666666677       0.99978231637495130     
  0.83000000000000007       0.99978865963206986     
  0.83333333333333337       0.99985716885707687     
  0.83666666666666667       0.99994927649520193     
  0.84000000000000008        1.0000298319166352     
  0.84333333333333338        1.0000771148215599     
  0.84666666666666668        1.0000859825815298     
  0.85000000000000009        1.0000649201881930     
  0.85333333333333339        1.0000295277226166     
  0.85666666666666669       0.99999548950978234     
  0.86000000000000010       0.99997345418266792     
  0.86333333333333340       0.99996699218527596     
  0.86666666666666670       0.99997346798254316     
  0.87000000000000011       0.99998673261186188     
  0.87333333333333341        1.0000002239151664     
  0.87666666666666671        1.0000093088171260     
  0.88000000000000000        1.0000122829745259     
  0.88333333333333341        1.0000100690536544     
  0.88666666666666671        1.0000050952732782     
  0.89000000000000001       0.99999998558388126     
  0.89333333333333342       0.99999657778506124     
  0.89666666666666672       0.99999551970586364     
  0.90000000000000002       0.99999641376236581     
  0.90333333333333343       0.99999829170966537     
  0.90666666666666673        1.0000001469254722     
  0.91000000000000003        1.0000013126899332     
  0.91333333333333344        1.0000015957103474     
  0.91666666666666674        1.0000011923641743     
  0.92000000000000004        1.0000004874265112     
  0.92333333333333334       0.99999984792448215     
  0.92666666666666675       0.99999949119775344     
  0.93000000000000005       0.99999945307429183     
  0.93333333333333335       0.99999963562276883     
  0.93666666666666676       0.99999989001139056     
  0.94000000000000006        1.0000000908373579     
  0.94333333333333336        1.0000001757834585     
  0.94666666666666677        1.0000001464667647     
  0.95000000000000007        1.0000000427228541     
  0.95333333333333337       0.99999990857552246     
  0.95666666666666678       0.99999976463755336     
  0.96000000000000008       0.99999959300826913     
  0.96333333333333337       0.99999933180201583     
  0.96666666666666667       0.99999887053197400     
  0.97000000000000008       0.99999803543146937     
  0.97333333333333338       0.99999655405191157     
  0.97666666666666668       0.99999398877054324     
  0.98000000000000009       0.99998962694609095     
  0.98333333333333339       0.99998230994517112     
  0.98666666666666669       0.99997017355597806     
  0.99000000000000010       0.99995025834499252     
  0.99333333333333340       0.99991793028420939     
  0.99666666666666670       0.99986602923459555     
