   0.0000000000000000       0.99999932011044013     
   3.3333333333333335E-003  0.99999872592792538     
   6.6666666666666671E-003  0.99999780559395779     
   1.0000000000000000E-002  0.99999628875178193     
   1.3333333333333334E-002  0.99999372757238969     
   1.6666666666666666E-002  0.99998941228198079     
   2.0000000000000000E-002  0.99998222844101514     
   2.3333333333333334E-002  0.99997042897317689     
   2.6666666666666668E-002  0.99995128654743370     
   3.0000000000000002E-002  0.99992057930788480     
   3.3333333333333333E-002  0.99987184453057787     
   3.6666666666666667E-002  0.99979531083145712     
   4.0000000000000001E-002  0.99967639084211612     
   4.3333333333333335E-002  0.99949358395592069     
   4.6666666666666669E-002  0.99921560450399927     
   5.0000000000000003E-002  0.99879751725273358     
   5.3333333333333337E-002  0.99817563383395158     
   5.6666666666666671E-002  0.99726090742568907     
   6.0000000000000005E-002  0.99593056836942739     
   6.3333333333333339E-002  0.99401778311560207     
   6.6666666666666666E-002  0.99129920822263606     
   7.0000000000000007E-002  0.98748046693162683     
   7.3333333333333334E-002  0.98217981456131920     
   7.6666666666666675E-002  0.97491059377589184     
   8.0000000000000002E-002  0.96506351751349606     
   8.3333333333333343E-002  0.95189034954441931     
   8.6666666666666670E-002  0.93449115581879749     
   9.0000000000000011E-002  0.91180792605201000     
   9.3333333333333338E-002  0.88262793870334011     
   9.6666666666666679E-002  0.84560065864280098     
  0.10000000000000001       0.79927208402315364     
  0.10333333333333335       0.74214014864824496     
  0.10666666666666667       0.67273388950011404     
  0.11000000000000000       0.58971748147214254     
  0.11333333333333334       0.49201785440375773     
  0.11666666666666667       0.37897146514910823     
  0.12000000000000001       0.25048205096255416     
  0.12333333333333334       0.10717714564970658     
  0.12666666666666668       -4.9452733134158655E-002
  0.13000000000000000      -0.21695139964048465     
  0.13333333333333333      -0.39185156720248326     
  0.13666666666666669      -0.56970675019587291     
  0.14000000000000001      -0.74521705735114507     
  0.14333333333333334      -0.91245867434240602     
  0.14666666666666667       -1.0652168739668602     
  0.15000000000000002       -1.1974097875363134     
  0.15333333333333335       -1.3035760692956666     
  0.15666666666666668       -1.3793857045253166     
  0.16000000000000000       -1.4221217030559665     
  0.16333333333333333       -1.4310736106757866     
  0.16666666666666669       -1.4077837996478146     
  0.17000000000000001       -1.3560958855646537     
  0.17333333333333334       -1.2819718350570493     
  0.17666666666666667       -1.1930694708487022     
  0.18000000000000002       -1.0981027076481291     
  0.18333333333333335       -1.0060390991835857     
  0.18666666666666668      -0.92521826096494308     
  0.19000000000000000      -0.86249525072754041     
  0.19333333333333336      -0.82252041469514514     
  0.19666666666666668      -0.80725846456107975     
  0.20000000000000001      -0.81582394663576419     
  0.20333333333333334      -0.84467001380482876     
  0.20666666666666669      -0.88811765124729858     
  0.21000000000000002      -0.93916073810889367     
  0.21333333333333335      -0.99043728210813453     
  0.21666666666666667       -1.0352272666530009     
  0.22000000000000000       -1.0683292325657354     
  0.22333333333333336       -1.0866839364055692     
  0.22666666666666668       -1.0896527357195829     
  0.23000000000000001       -1.0789147844344946     
  0.23333333333333334       -1.0580110338723039     
  0.23666666666666669       -1.0316227926684960     
  0.24000000000000002       -1.0047168386599401     
  0.24333333333333335      -0.98170907434127519     
  0.24666666666666667      -0.96579034623762716     
  0.25000000000000000      -0.95852283663831184     
  0.25333333333333335      -0.95976043814606948     
  0.25666666666666671      -0.96788294917880513     
  0.26000000000000001      -0.98027480012517754     
  0.26333333333333336      -0.99393633305183948     
  0.26666666666666666       -1.0060977356340193     
  0.27000000000000002       -1.0147153742482915     
  0.27333333333333337       -1.0187641848142146     
  0.27666666666666667       -1.0182894162302158     
  0.28000000000000003       -1.0142346663881441     
  0.28333333333333333       -1.0081087323618514     
  0.28666666666666668       -1.0015817207065851     
  0.29000000000000004      -0.99610617635865961     
  0.29333333333333333      -0.99264232880089964     
  0.29666666666666669      -0.99153369293069593     
  0.30000000000000004      -0.99253938446158685     
  0.30333333333333334      -0.99499273001418898     
  0.30666666666666670      -0.99803053822041166     
  0.31000000000000000       -1.0008285813781224     
  0.31333333333333335       -1.0027866976145616     
  0.31666666666666671       -1.0036275279050464     
  0.32000000000000001       -1.0033995189376113     
  0.32333333333333336       -1.0023999538547415     
  0.32666666666666666       -1.0010512036271504     
  0.33000000000000002      -0.99976969463575249     
  0.33333333333333337      -0.99886221520276230     
  0.33666666666666667      -0.99847107069890428     
  0.34000000000000002      -0.99857298641359216     
  0.34333333333333338      -0.99902156012049448     
  0.34666666666666668      -0.99961333472085645     
  0.35000000000000003       -1.0001549748642224     
  0.35333333333333333       -1.0005130946009015     
  0.35666666666666669       -1.0006367067585988     
  0.36000000000000004       -1.0005518993978877     
  0.36333333333333334       -1.0003362289117272     
  0.36666666666666670       -1.0000845139507355     
  0.37000000000000005      -0.99987770304600987     
  0.37333333333333335      -0.99976308794153157     
  0.37666666666666671      -0.99974901536886474     
  0.38000000000000000      -0.99981228049493132     
  0.38333333333333336      -0.99991302622222111     
  0.38666666666666671       -1.0000109053734108     
  0.39000000000000001       -1.0000773280797219     
  0.39333333333333337       -1.0001010276944544     
  0.39666666666666667       -1.0000868929982076     
  0.40000000000000002       -1.0000501160212312     
  0.40333333333333338       -1.0000086692025139     
  0.40666666666666668      -0.99997690668635786     
  0.41000000000000003      -0.99996202716543237     
  0.41333333333333339      -0.99996377840959827     
  0.41666666666666669      -0.99997663930404446     
  0.42000000000000004      -0.99999310716104750     
  0.42333333333333334       -1.0000067155050161     
  0.42666666666666669       -1.0000138610568374     
  0.43000000000000005       -1.0000141618420300     
  0.43333333333333335       -1.0000096361209430     
  0.43666666666666670       -1.0000033108116639     
  0.44000000000000000      -0.99999789394861482     
  0.44333333333333336      -0.99999494674077061     
  0.44666666666666671      -0.99999469577518485     
  0.45000000000000001      -0.99999636363298383     
  0.45333333333333337      -0.99999874986741544     
  0.45666666666666672       -1.0000007838082903     
  0.46000000000000002       -1.0000018620364308     
  0.46333333333333337       -1.0000019153361670     
  0.46666666666666667       -1.0000012634347923     
  0.47000000000000003       -1.0000003749861608     
  0.47333333333333338      -0.99999964913882289     
  0.47666666666666668      -0.99999929158791212     
  0.48000000000000004      -0.99999930069974441     
  0.48333333333333334      -0.99999953348614801     
  0.48666666666666669      -0.99999980051684090     
  0.49000000000000005      -0.99999994339924436     
  0.49333333333333335      -0.99999986868554946     
  0.49666666666666670      -0.99999953524675433     
  0.50000000000000000      -0.99999890814338233     
  0.50333333333333341      -0.99999789636560343     
  0.50666666666666671      -0.99999628567624776     
  0.51000000000000001      -0.99999366568712755     
  0.51333333333333342      -0.99998933716719385     
  0.51666666666666672      -0.99998217452703964     
  0.52000000000000002      -0.99997040986209207     
  0.52333333333333332      -0.99995129704210883     
  0.52666666666666673      -0.99992060425211593     
  0.53000000000000003      -0.99987186850984244     
  0.53333333333333333      -0.99979532450318787     
  0.53666666666666674      -0.99967639251613960     
  0.54000000000000004      -0.99949357747448098     
  0.54333333333333333      -0.99921559562112239     
  0.54666666666666675      -0.99879751054992172     
  0.55000000000000004      -0.99817563125740327     
  0.55333333333333334      -0.99726090846310977     
  0.55666666666666675      -0.99593057119069039     
  0.56000000000000005      -0.99401778584156419     
  0.56333333333333335      -0.99129920973803454     
  0.56666666666666665      -0.98748046706667625     
  0.57000000000000006      -0.98217981380104191     
  0.57333333333333336      -0.97491059279963665     
  0.57666666666666666      -0.96506351682720048     
  0.58000000000000007      -0.95189034932939509     
  0.58333333333333337      -0.93449115597997867     
  0.58666666666666667      -0.91180792636801089     
  0.59000000000000008      -0.88262793897328407     
  0.59333333333333338      -0.84560065876655877     
  0.59666666666666668      -0.79927208400546756     
  0.60000000000000009      -0.74214014855469390     
  0.60333333333333339      -0.67273388940347045     
  0.60666666666666669      -0.58971748141691871     
  0.60999999999999999      -0.49201785439765705     
  0.61333333333333340      -0.37897146517451630     
  0.61666666666666670      -0.25048205099485071     
  0.62000000000000000      -0.10717714567132906     
  0.62333333333333341        4.9452733128604348E-002
  0.62666666666666671       0.21695139964678078     
  0.63000000000000000       0.39185156721272701     
  0.63333333333333341       0.56970675020366002     
  0.63666666666666671       0.74521705735391108     
  0.64000000000000001       0.91245867434100802     
  0.64333333333333342        1.0652168739637360     
  0.64666666666666672        1.1974097875336702     
  0.65000000000000002        1.3035760692945404     
  0.65333333333333332        1.3793857045255820     
  0.65666666666666673        1.4221217030568931     
  0.66000000000000003        1.4310736106766455     
  0.66333333333333333        1.4077837996482256     
  0.66666666666666674        1.3560958855646161     
  0.67000000000000004        1.2819718350567790     
  0.67333333333333334        1.1930694708484317     
  0.67666666666666675        1.0981027076479897     
  0.68000000000000005        1.0060390991835866     
  0.68333333333333335       0.92521826096502136     
  0.68666666666666676       0.86249525072762334     
  0.69000000000000006       0.82252041469519022     
  0.69333333333333336       0.80725846456108186     
  0.69666666666666666       0.81582394663574165     
  0.70000000000000007       0.84467001380480367     
  0.70333333333333337       0.88811765124728459     
  0.70666666666666667       0.93916073810889245     
  0.71000000000000008       0.99043728210814075     
  0.71333333333333337        1.0352272666530078     
  0.71666666666666667        1.0683292325657392     
  0.72000000000000008        1.0866839364055692     
  0.72333333333333338        1.0896527357195813     
  0.72666666666666668        1.0789147844344926     
  0.73000000000000009        1.0580110338723034     
  0.73333333333333339        1.0316227926684964     
  0.73666666666666669        1.0047168386599410     
  0.74000000000000010       0.98170907434127574     
  0.74333333333333340       0.96579034623762738     
  0.74666666666666670       0.95852283663831161     
  0.75000000000000000       0.95976043814606882     
  0.75333333333333341       0.96788294917880402     
  0.75666666666666671       0.98027480012517632     
  0.76000000000000001       0.99393633305183782     
  0.76333333333333342        1.0060977356340177     
  0.76666666666666672        1.0147153742482899     
  0.77000000000000002        1.0187641848142130     
  0.77333333333333343        1.0182894162302150     
  0.77666666666666673        1.0142346663881436     
  0.78000000000000003        1.0081087323618512     
  0.78333333333333344        1.0015817207065854     
  0.78666666666666674       0.99610617635866006     
  0.79000000000000004       0.99264232880089998     
  0.79333333333333333       0.99153369293069649     
  0.79666666666666675       0.99253938446158729     
  0.80000000000000004       0.99499273001418920     
  0.80333333333333334       0.99803053822041210     
  0.80666666666666675        1.0008285813781230     
  0.81000000000000005        1.0027866976145627     
  0.81333333333333335        1.0036275279050473     
  0.81666666666666676        1.0033995189376119     
  0.82000000000000006        1.0023999538547415     
  0.82333333333333336        1.0010512036271502     
  0.82666666666666677       0.99976969463575194     
  0.83000000000000007       0.99886221520276164     
  0.83333333333333337       0.99847107069890373     
  0.83666666666666667       0.99857298641359160     
  0.84000000000000008       0.99902156012049370     
  0.84333333333333338       0.99961333472085578     
  0.84666666666666668        1.0001549748642222     
  0.85000000000000009        1.0005130946009013     
  0.85333333333333339        1.0006367067585986     
  0.85666666666666669        1.0005518993978877     
  0.86000000000000010        1.0003362289117268     
  0.86333333333333340        1.0000845139507353     
  0.86666666666666670       0.99987770304600965     
  0.87000000000000011       0.99976308794153113     
  0.87333333333333341       0.99974901536886440     
  0.87666666666666671       0.99981228049493109     
  0.88000000000000000       0.99991302622222122     
  0.88333333333333341        1.0000109053734114     
  0.88666666666666671        1.0000773280797226     
  0.89000000000000001        1.0001010276944553     
  0.89333333333333342        1.0000868929982085     
  0.89666666666666672        1.0000501160212332     
  0.90000000000000002        1.0000086692025165     
  0.90333333333333343       0.99997690668636219     
  0.90666666666666673       0.99996202716544003     
  0.91000000000000003       0.99996377840961415     
  0.91333333333333344       0.99997663930407887     
  0.91666666666666674       0.99999310716112322     
  0.92000000000000004        1.0000067155051831     
  0.92333333333333334        1.0000138610572018     
  0.92666666666666675        1.0000141618428176     
  0.93000000000000005        1.0000096361226276     
  0.93333333333333335        1.0000033108152322     
  0.93666666666666676       0.99999789395609762     
  0.94000000000000006       0.99999494675630340     
  0.94333333333333336       0.99999469580710387     
  0.94666666666666677       0.99999636369791789     
  0.95000000000000007       0.99999874999819016     
  0.95333333333333337        1.0000007840690326     
  0.95666666666666678        1.0000018625511107     
  0.96000000000000008        1.0000019163419502     
  0.96333333333333337        1.0000012653806611     
  0.96666666666666667        1.0000003787132101     
  0.97000000000000008       0.99999965620619335     
  0.97333333333333338       0.99999930485542599     
  0.97666666666666668       0.99999932535770264     
  0.98000000000000009       0.99999957885484281     
  0.98333333333333339       0.99999988315520860     
  0.98666666666666669        1.0000000924132009     
  0.99000000000000010        1.0000001346871337     
  0.99333333333333340        1.0000000052973386     
  0.99666666666666670       0.99999973038185253     
