   0.0000000000000000       0.15226568652132749     
   3.3333333333333335E-003  -1.2830844634991900E-002
   6.6666666666666671E-003 -0.19109295458720360     
   1.0000000000000000E-002 -0.37837555341771961     
   1.3333333333333334E-002 -0.56922392408937350     
   1.6666666666666666E-002 -0.75705300169502032     
   2.0000000000000000E-002 -0.93448584791634159     
   2.3333333333333334E-002  -1.0938487834003539     
   2.6666666666666668E-002  -1.2277978297262777     
   3.0000000000000002E-002  -1.3300261721067921     
   3.3333333333333333E-002  -1.3959790497306421     
   3.6666666666666667E-002  -1.4234853417085480     
   4.0000000000000001E-002  -1.4132087277317733     
   4.3333333333333335E-002  -1.3688293748074909     
   4.6666666666666669E-002  -1.2968914706995245     
   5.0000000000000003E-002  -1.2062916927310201     
   5.3333333333333337E-002  -1.1074347597275116     
   5.6666666666666671E-002  -1.0111373704835320     
   6.0000000000000005E-002 -0.92741164562590028     
   6.3333333333333339E-002 -0.86429351626358331     
   6.6666666666666666E-002 -0.82689151746756051     
   7.0000000000000007E-002 -0.81681177943794991     
   7.3333333333333334E-002 -0.83206551016619468     
   7.6666666666666675E-002 -0.86749186828204228     
   8.0000000000000002E-002 -0.91564348482541091     
   8.3333333333333343E-002 -0.96799960902403526     
   8.6666666666666670E-002  -1.0163095306481396     
   9.0000000000000011E-002  -1.0538405916094320     
   9.3333333333333338E-002  -1.0763187465271669     
   9.6666666666666679E-002  -1.0824048473633610     
  0.10000000000000001       -1.0736371205599038     
  0.10333333333333335       -1.0538725868634280     
  0.10666666666666667       -1.0283561989399579     
  0.11000000000000000       -1.0026155642549353     
  0.11333333333333334      -0.98140608129681550     
  0.11666666666666667      -0.96791026149785686     
  0.12000000000000001      -0.96333107016814457     
  0.12333333333333334      -0.96692744812625175     
  0.12666666666666668      -0.97644236872366619     
  0.13000000000000000      -0.98879258675115522     
  0.13333333333333333       -1.0008428678933730     
  0.13666666666666669       -1.0100851231704728     
  0.14000000000000001       -1.0150824940492402     
  0.14333333333333334       -1.0156076680829704     
  0.14666666666666667       -1.0124844044200989     
  0.15000000000000002       -1.0072107934986276     
  0.15333333333333335       -1.0014855908759099     
  0.15666666666666668      -0.99676669840963805     
  0.16000000000000000      -0.99396508615022194     
  0.16333333333333333      -0.99332848898618542     
  0.16666666666666669      -0.99451262807649399     
  0.17000000000000001      -0.99678950634634356     
  0.17333333333333334      -0.99931444843944006     
  0.17666666666666667       -1.0013709049161246     
  0.18000000000000002       -1.0025318477376208     
  0.18333333333333335       -1.0027100734758960     
  0.18666666666666668       -1.0021053946174157     
  0.19000000000000000       -1.0010840223544171     
  0.19333333333333336       -1.0000378897551712     
  0.19666666666666668      -0.99926808181726900     
  0.20000000000000001      -0.99892073795320047     
  0.20333333333333334      -0.99898263953082833     
  0.20666666666666669      -0.99932452729993548     
  0.21000000000000002      -0.99976846446581302     
  0.21333333333333335       -1.0001534440508282     
  0.21666666666666667       -1.0003797006562627     
  0.22000000000000000       -1.0004231803959696     
  0.22333333333333336       -1.0003228999527538     
  0.22666666666666668       -1.0001518289868139     
  0.23000000000000001      -0.99998463960011841     
  0.23333333333333334      -0.99987344073694151     
  0.23666666666666669      -0.99983728799321603     
  0.24000000000000002      -0.99986530004076746     
  0.24333333333333335      -0.99992875783300339     
  0.24666666666666667      -0.99999575687549902     
  0.25000000000000000       -1.0000428029317221     
  0.25333333333333335       -1.0000602651513240     
  0.25666666666666671       -1.0000515331601889     
  0.26000000000000001       -1.0000279417093494     
  0.26333333333333336       -1.0000024327704393     
  0.26666666666666666      -0.99998454021916405     
  0.27000000000000002      -0.99997808390793441     
  0.27333333333333337      -0.99998159621024163     
  0.27666666666666667      -0.99999051388795124     
  0.28000000000000003      -0.99999981039670449     
  0.28333333333333333       -1.0000059742830651     
  0.28666666666666668       -1.0000078071578149     
  0.29000000000000004       -1.0000061118277326     
  0.29333333333333333       -1.0000027346282467     
  0.29666666666666669      -0.99999952624600374     
  0.30000000000000004      -0.99999764062363672     
  0.30333333333333334      -0.99999733050659290     
  0.30666666666666670      -0.99999815679975712     
  0.31000000000000000      -0.99999939510500946     
  0.31333333333333335       -1.0000004158995786     
  0.31666666666666671       -1.0000008980527095     
  0.32000000000000001       -1.0000008474117708     
  0.32333333333333336       -1.0000004791332191     
  0.32666666666666666       -1.0000000573712222     
  0.33000000000000002      -0.99999977154196151     
  0.33333333333333337      -0.99999968660242755     
  0.33666666666666667      -0.99999976173871541     
  0.34000000000000002      -0.99999990570315023     
  0.34333333333333338       -1.0000000329570826     
  0.34666666666666668       -1.0000000970149487     
  0.35000000000000003       -1.0000000952551398     
  0.35333333333333333       -1.0000000534925750     
  0.35666666666666669       -1.0000000041700456     
  0.36000000000000004      -0.99999996969117655     
  0.36333333333333334      -0.99999995594616586     
  0.36666666666666670      -0.99999995469782699     
  0.37000000000000005      -0.99999994988339036     
  0.37333333333333335      -0.99999992253440706     
  0.37666666666666671      -0.99999985074350339     
  0.38000000000000000      -0.99999970313639419     
  0.38333333333333336      -0.99999942520843899     
  0.38666666666666671      -0.99999891699515953     
  0.39000000000000001      -0.99999799786062749     
  0.39333333333333337      -0.99999634993344633     
  0.39666666666666667      -0.99999342590781692     
  0.40000000000000002      -0.99998829907903219     
  0.40333333333333338      -0.99997942259001238     
  0.40666666666666668      -0.99996424951724006     
  0.41000000000000003      -0.99993864401391663     
  0.41333333333333339      -0.99989598467928797     
  0.41666666666666669      -0.99982582334723269     
  0.42000000000000004      -0.99971191493654543     
  0.42333333333333334      -0.99952937741067971     
  0.42666666666666669      -0.99924067775281256     
  0.43000000000000005      -0.99879007568109168     
  0.43333333333333335      -0.99809610135656945     
  0.43666666666666670      -0.99704161179372985     
  0.44000000000000000      -0.99546098470515931     
  0.44333333333333336      -0.99312409636105414     
  0.44666666666666671      -0.98971692554588298     
  0.45000000000000001      -0.98481896524710300     
  0.45333333333333337      -0.97787814075833790     
  0.45666666666666672      -0.96818464942079163     
  0.46000000000000002      -0.95484605237972897     
  0.46333333333333337      -0.93676702510032261     
  0.46666666666666667      -0.91263832298434433     
  0.47000000000000003      -0.88094059112750012     
  0.47333333333333338      -0.83996942586522017     
  0.47666666666666668      -0.78788830265973275     
  0.48000000000000004      -0.72281530517647286     
  0.48333333333333334      -0.64294771515207283     
  0.48666666666666669      -0.54672521306925037     
  0.49000000000000005      -0.43302760815749591     
  0.49333333333333335      -0.30139681446043382     
  0.49666666666666670      -0.15226568652142480     
  0.50000000000000000        1.2830844635126966E-002
  0.50333333333333341       0.19109295458739078     
  0.50666666666666671       0.37837555341783646     
  0.51000000000000001       0.56922392408939249     
  0.51333333333333342       0.75705300169497824     
  0.51666666666666672       0.93448584791628997     
  0.52000000000000002        1.0938487834003241     
  0.52333333333333332        1.2277978297262748     
  0.52666666666666673        1.3300261721068043     
  0.53000000000000003        1.3959790497306552     
  0.53333333333333333        1.4234853417085542     
  0.53666666666666674        1.4132087277317722     
  0.54000000000000004        1.3688293748074865     
  0.54333333333333333        1.2968914706995203     
  0.54666666666666675        1.2062916927310181     
  0.55000000000000004        1.1074347597275116     
  0.55333333333333334        1.0111373704835329     
  0.55666666666666675       0.92741164562590106     
  0.56000000000000005       0.86429351626358353     
  0.56333333333333335       0.82689151746756040     
  0.56666666666666665       0.81681177943794947     
  0.57000000000000006       0.83206551016619446     
  0.57333333333333336       0.86749186828204206     
  0.57666666666666666       0.91564348482541069     
  0.58000000000000007       0.96799960902403515     
  0.58333333333333337        1.0163095306481396     
  0.58666666666666667        1.0538405916094320     
  0.59000000000000008        1.0763187465271673     
  0.59333333333333338        1.0824048473633618     
  0.59666666666666668        1.0736371205599049     
  0.60000000000000009        1.0538725868634291     
  0.60333333333333339        1.0283561989399590     
  0.60666666666666669        1.0026155642549361     
  0.60999999999999999       0.98140608129681595     
  0.61333333333333340       0.96791026149785697     
  0.61666666666666670       0.96333107016814445     
  0.62000000000000000       0.96692744812625131     
  0.62333333333333341       0.97644236872366552     
  0.62666666666666671       0.98879258675115445     
  0.63000000000000000        1.0008428678933721     
  0.63333333333333341        1.0100851231704719     
  0.63666666666666671        1.0150824940492393     
  0.64000000000000001        1.0156076680829695     
  0.64333333333333342        1.0124844044200985     
  0.64666666666666672        1.0072107934986270     
  0.65000000000000002        1.0014855908759097     
  0.65333333333333332       0.99676669840963783     
  0.65666666666666673       0.99396508615022172     
  0.66000000000000003       0.99332848898618531     
  0.66333333333333333       0.99451262807649410     
  0.66666666666666674       0.99678950634634389     
  0.67000000000000004       0.99931444843944062     
  0.67333333333333334        1.0013709049161252     
  0.67666666666666675        1.0025318477376217     
  0.68000000000000005        1.0027100734758969     
  0.68333333333333335        1.0021053946174165     
  0.68666666666666676        1.0010840223544180     
  0.69000000000000006        1.0000378897551716     
  0.69333333333333336       0.99926808181726923     
  0.69666666666666666       0.99892073795320024     
  0.70000000000000007       0.99898263953082800     
  0.70333333333333337       0.99932452729993548     
  0.70666666666666667       0.99976846446581313     
  0.71000000000000008        1.0001534440508286     
  0.71333333333333337        1.0003797006562629     
  0.71666666666666667        1.0004231803959698     
  0.72000000000000008        1.0003228999527536     
  0.72333333333333338        1.0001518289868139     
  0.72666666666666668       0.99998463960011807     
  0.73000000000000009       0.99987344073694095     
  0.73333333333333339       0.99983728799321514     
  0.73666666666666669       0.99986530004076624     
  0.74000000000000010       0.99992875783300228     
  0.74333333333333340       0.99999575687549835     
  0.74666666666666670        1.0000428029317214     
  0.75000000000000000        1.0000602651513233     
  0.75333333333333341        1.0000515331601887     
  0.75666666666666671        1.0000279417093496     
  0.76000000000000001        1.0000024327704402     
  0.76333333333333342       0.99998454021916505     
  0.76666666666666672       0.99997808390793541     
  0.77000000000000002       0.99998159621024252     
  0.77333333333333343       0.99999051388795213     
  0.77666666666666673       0.99999981039670527     
  0.78000000000000003        1.0000059742830656     
  0.78333333333333344        1.0000078071578153     
  0.78666666666666674        1.0000061118277328     
  0.79000000000000004        1.0000027346282478     
  0.79333333333333333       0.99999952624600474     
  0.79666666666666675       0.99999764062363838     
  0.80000000000000004       0.99999733050659656     
  0.80333333333333334       0.99999815679976589     
  0.80666666666666675       0.99999939510503155     
  0.81000000000000005        1.0000004158996334     
  0.81333333333333335        1.0000008980528434     
  0.81666666666666676        1.0000008474120907     
  0.82000000000000006        1.0000004791339721     
  0.82333333333333336        1.0000000573729708     
  0.82666666666666677       0.99999977154597031     
  0.83000000000000007       0.99999968661150074     
  0.83333333333333337       0.99999976175899186     
  0.83666666666666667       0.99999990574789099     
  0.84000000000000008        1.0000000330545631     
  0.84333333333333338        1.0000000972246712     
  0.84666666666666668        1.0000000957006943     
  0.85000000000000009        1.0000000544273311     
  0.85333333333333339        1.0000000061066847     
  0.85666666666666669       0.99999997365360982     
  0.86000000000000010       0.99999996395272794     
  0.86333333333333340       0.99999997067527424     
  0.86666666666666670       0.99999998137179336     
  0.87000000000000011       0.99999998382287481     
  0.87333333333333341       0.99999996855643791     
  0.87666666666666671       0.99999992679861816     
  0.88000000000000000       0.99999984455708224     
  0.88333333333333341       0.99999969348594486     
  0.88666666666666671       0.99999941779839940     
  0.89000000000000001       0.99999891421441889     
  0.89333333333333342       0.99999799904593445     
  0.89666666666666672       0.99999635290444500     
  0.90000000000000002       0.99999342857291784     
  0.90333333333333343       0.99998830035193986     
  0.90666666666666673       0.99997942247369276     
  0.91000000000000003       0.99996424865248756     
  0.91333333333333344       0.99993864311834602     
  0.91666666666666674       0.99989598418203918     
  0.92000000000000004       0.99982582330969372     
  0.92333333333333334       0.99971191517848268     
  0.92666666666666675       0.99952937769735173     
  0.93000000000000005       0.99924067792917270     
  0.93333333333333335       0.99879007571141454     
  0.93666666666666676       0.99809610129030923     
  0.94000000000000006       0.99704161170510974     
  0.94333333333333336       0.99546098464672150     
  0.94666666666666677       0.99312409634768295     
  0.95000000000000007       0.98971692556401902     
  0.95333333333333337       0.98481896527382617     
  0.95666666666666678       0.97787814077670954     
  0.96000000000000008       0.96818464942553795     
  0.96333333333333337       0.95484605237466535     
  0.96666666666666667       0.93676702509241072     
  0.97000000000000008       0.91263832297881964     
  0.97333333333333338       0.88094059112603240     
  0.97666666666666668       0.83996942586668444     
  0.98000000000000009       0.78788830266204124     
  0.98333333333333339       0.72281530517806836     
  0.98666666666666669       0.64294771515247640     
  0.99000000000000010       0.54672521306881128     
  0.99333333333333340       0.43302760815683239     
  0.99666666666666670       0.30139681445999156     
