   0.0000000000000000       -1.0000000544486922     
   3.3333333333333335E-003  -1.0000000444483710     
   6.6666666666666671E-003  -1.0000000154373900     
   1.0000000000000000E-002 -0.99999999254806382     
   1.3333333333333334E-002 -0.99999998524544154     
   1.6666666666666666E-002 -0.99999998975580662     
   2.0000000000000000E-002 -0.99999999764441205     
   2.3333333333333334E-002  -1.0000000028100375     
   2.6666666666666668E-002  -1.0000000037431589     
   3.0000000000000002E-002  -1.0000000020824202     
   3.3333333333333333E-002  -1.0000000001035128     
   3.6666666666666667E-002 -0.99999999909970372     
   4.0000000000000001E-002 -0.99999999913996140     
   4.3333333333333335E-002 -0.99999999965544306     
   4.6666666666666669E-002  -1.0000000000974454     
   5.0000000000000003E-002  -1.0000000002469123     
   5.3333333333333337E-002  -1.0000000001714031     
   5.6666666666666671E-002  -1.0000000000354119     
   6.0000000000000005E-002 -0.99999999995195987     
   6.3333333333333339E-002 -0.99999999994248534     
   6.6666666666666666E-002 -0.99999999997264499     
   7.0000000000000007E-002  -1.0000000000027462     
   7.3333333333333334E-002  -1.0000000000146121     
   7.6666666666666675E-002  -1.0000000000110294     
   8.0000000000000002E-002  -1.0000000000026961     
   8.3333333333333343E-002 -0.99999999999735467     
   8.6666666666666670E-002 -0.99999999999663602     
   9.0000000000000011E-002 -0.99999999999840616     
   9.3333333333333338E-002  -1.0000000000001688     
   9.6666666666666679E-002  -1.0000000000008247     
  0.10000000000000001       -1.0000000000005829     
  0.10333333333333335       -1.0000000000000868     
  0.10666666666666667      -0.99999999999972899     
  0.11000000000000000      -0.99999999999942457     
  0.11333333333333334      -0.99999999999854283     
  0.11666666666666667      -0.99999999999536393     
  0.12000000000000001      -0.99999999998490452     
  0.12333333333333334      -0.99999999995227518     
  0.12666666666666668      -0.99999999985384347     
  0.13000000000000000      -0.99999999956559571     
  0.13333333333333333      -0.99999999874571255     
  0.13666666666666669      -0.99999999647981042     
  0.14000000000000001      -0.99999999039277621     
  0.14333333333333334      -0.99999997449201583     
  0.14666666666666667      -0.99999993408677035     
  0.15000000000000002      -0.99999983417614835     
  0.15333333333333335      -0.99999959369961733     
  0.15666666666666668      -0.99999903013848068     
  0.16000000000000000      -0.99999774389188656     
  0.16333333333333333      -0.99999488421224403     
  0.16666666666666669      -0.99998868975714927     
  0.17000000000000001      -0.99997561446080019     
  0.17333333333333334      -0.99994871645207639     
  0.17666666666666667      -0.99989478360275386     
  0.18000000000000002      -0.99978937347112262     
  0.18333333333333335      -0.99958854546850562     
  0.18666666666666668      -0.99921556886215135     
  0.19000000000000000      -0.99854035523291507     
  0.19333333333333336      -0.99734891251783930     
  0.19666666666666668      -0.99529997223098454     
  0.20000000000000001      -0.99186643849370415     
  0.20333333333333334      -0.98626088434899006     
  0.20666666666666669      -0.97734744928825401     
  0.21000000000000002      -0.96354753877865706     
  0.21333333333333335      -0.94275373283267039     
  0.21666666666666667      -0.91227471086097078     
  0.22000000000000000      -0.86884234747696099     
  0.22333333333333336      -0.80871794793876095     
  0.22666666666666668      -0.72793448201818800     
  0.23000000000000001      -0.62270189344633098     
  0.23333333333333334      -0.48998006324169618     
  0.23666666666666669      -0.32818793158269849     
  0.24000000000000002      -0.13797056234083421     
  0.24333333333333335        7.7103568101105274E-002
  0.24666666666666667       0.31008226260666555     
  0.25000000000000000       0.55058702049264918     
  0.25333333333333335       0.78534130698742599     
  0.25666666666666671       0.99934498347429990     
  0.26000000000000001        1.1776450374086540     
  0.26333333333333336        1.3074988939297856     
  0.26666666666666666        1.3805783833426433     
  0.27000000000000002        1.3947640797365839     
  0.27333333333333337        1.3550738430985838     
  0.27666666666666667        1.2733822891696915     
  0.28000000000000003        1.1668159400923130     
  0.28333333333333333        1.0550114509288522     
  0.28666666666666668       0.95672845983560395     
  0.29000000000000004       0.88652562265855916     
  0.29333333333333333       0.85226062923304957     
  0.29666666666666669       0.85402412714450016     
  0.30000000000000004       0.88478416748103383     
  0.30333333333333334       0.93258365774700436     
  0.30666666666666670       0.98372125046611947     
  0.31000000000000000        1.0260829705796848     
  0.31333333333333335        1.0517652899891572     
  0.31666666666666671        1.0583552283943574     
  0.32000000000000001        1.0486419064391064     
  0.32333333333333336        1.0289966534591726     
  0.32666666666666666        1.0070263500346317     
  0.33000000000000002       0.98926189708347512     
  0.33333333333333337       0.97954997782267816     
  0.33666666666666667       0.97851909062746623     
  0.34000000000000002       0.98410579992875458     
  0.34333333333333338       0.99279280790028002     
  0.34666666666666668        1.0010359539857425     
  0.35000000000000003        1.0063840674091005     
  0.35333333333333333        1.0079878069041628     
  0.35666666666666669        1.0064591000259315     
  0.36000000000000004        1.0032745351256793     
  0.36333333333333334        1.0000351187015504     
  0.36666666666666670       0.99787713752080964     
  0.37000000000000005       0.99720668156948777     
  0.37333333333333335       0.99777059291348447     
  0.37666666666666671       0.99894825815223465     
  0.38000000000000000        1.0000947521231427     
  0.38333333333333336        1.0007907320068594     
  0.38666666666666671        1.0009297885122803     
  0.39000000000000001        1.0006571402716684     
  0.39333333333333337        1.0002288004457982     
  0.39666666666666667       0.99987218988886217     
  0.40000000000000002       0.99970431507154389     
  0.40333333333333338       0.99972263503901071     
  0.40666666666666668       0.99984860106274254     
  0.41000000000000003       0.99998796033395854     
  0.41333333333333339        1.0000764428783715     
  0.41666666666666669        1.0000961968648157     
  0.42000000000000004        1.0000660820010787     
  0.42333333333333334        1.0000194189422700     
  0.42666666666666669       0.99998364033671505     
  0.43000000000000005       0.99997029674084414     
  0.43333333333333335       0.99997609970482404     
  0.43666666666666670       0.99999035433475325     
  0.44000000000000000        1.0000028919368154     
  0.44333333333333336        1.0000085982151266     
  0.44666666666666671        1.0000077353106223     
  0.45000000000000001        1.0000035751210279     
  0.45333333333333337       0.99999956227310094     
  0.45666666666666672       0.99999757379795728     
  0.46000000000000002       0.99999767605987389     
  0.46333333333333337       0.99999887689202327     
  0.46666666666666667        1.0000000811401597     
  0.47000000000000003        1.0000006842695470     
  0.47333333333333338        1.0000006590199306     
  0.47666666666666668        1.0000003101440613     
  0.48000000000000004       0.99999996795175494     
  0.48333333333333334       0.99999980607444550     
  0.48666666666666669       0.99999982318356073     
  0.49000000000000005       0.99999992477028998     
  0.49333333333333335        1.0000000165429968     
  0.49666666666666670        1.0000000544486922     
  0.50000000000000000        1.0000000444483710     
  0.50333333333333341        1.0000000154373900     
  0.50666666666666671       0.99999999254806382     
  0.51000000000000001       0.99999998524544154     
  0.51333333333333342       0.99999998975580662     
  0.51666666666666672       0.99999999764441205     
  0.52000000000000002        1.0000000028100375     
  0.52333333333333332        1.0000000037431589     
  0.52666666666666673        1.0000000020824202     
  0.53000000000000003        1.0000000001035128     
  0.53333333333333333       0.99999999909970372     
  0.53666666666666674       0.99999999913996140     
  0.54000000000000004       0.99999999965544306     
  0.54333333333333333        1.0000000000974454     
  0.54666666666666675        1.0000000002469123     
  0.55000000000000004        1.0000000001714031     
  0.55333333333333334        1.0000000000354119     
  0.55666666666666675       0.99999999995195987     
  0.56000000000000005       0.99999999994248534     
  0.56333333333333335       0.99999999997264499     
  0.56666666666666665        1.0000000000027462     
  0.57000000000000006        1.0000000000146121     
  0.57333333333333336        1.0000000000110294     
  0.57666666666666666        1.0000000000026961     
  0.58000000000000007       0.99999999999735467     
  0.58333333333333337       0.99999999999663614     
  0.58666666666666667       0.99999999999840639     
  0.59000000000000008        1.0000000000001694     
  0.59333333333333338        1.0000000000008269     
  0.59666666666666668        1.0000000000005906     
  0.60000000000000009        1.0000000000001148     
  0.60333333333333339       0.99999999999983258     
  0.60666666666666669       0.99999999999979439     
  0.60999999999999999       0.99999999999981803     
  0.61333333333333340       0.99999999999961853     
  0.61666666666666670       0.99999999999865663     
  0.62000000000000000       0.99999999999537059     
  0.62333333333333341       0.99999999998486200     
  0.62666666666666671       0.99999999995223965     
  0.63000000000000000       0.99999999985383392     
  0.63333333333333341       0.99999999956560304     
  0.63666666666666671       0.99999999874572199     
  0.64000000000000001       0.99999999647981430     
  0.64333333333333342       0.99999999039277543     
  0.64666666666666672       0.99999997449201350     
  0.65000000000000002       0.99999993408676890     
  0.65333333333333332       0.99999983417614824     
  0.65666666666666673       0.99999959369961766     
  0.66000000000000003       0.99999903013848113     
  0.66333333333333333       0.99999774389188678     
  0.66666666666666674       0.99999488421224403     
  0.67000000000000004       0.99998868975714927     
  0.67333333333333334       0.99997561446080030     
  0.67666666666666675       0.99994871645207639     
  0.68000000000000005       0.99989478360275397     
  0.68333333333333335       0.99978937347112262     
  0.68666666666666676       0.99958854546850573     
  0.69000000000000006       0.99921556886215124     
  0.69333333333333336       0.99854035523291507     
  0.69666666666666666       0.99734891251783941     
  0.70000000000000007       0.99529997223098488     
  0.70333333333333337       0.99186643849370437     
  0.70666666666666667       0.98626088434899051     
  0.71000000000000008       0.97734744928825434     
  0.71333333333333337       0.96354753877865729     
  0.71666666666666667       0.94275373283267050     
  0.72000000000000008       0.91227471086097101     
  0.72333333333333338       0.86884234747696110     
  0.72666666666666668       0.80871794793876106     
  0.73000000000000009       0.72793448201818811     
  0.73333333333333339       0.62270189344633098     
  0.73666666666666669       0.48998006324169624     
  0.74000000000000010       0.32818793158269854     
  0.74333333333333340       0.13797056234083427     
  0.74666666666666670       -7.7103568101105260E-002
  0.75000000000000000      -0.31008226260666549     
  0.75333333333333341      -0.55058702049264918     
  0.75666666666666671      -0.78534130698742599     
  0.76000000000000001      -0.99934498347430012     
  0.76333333333333342       -1.1776450374086540     
  0.76666666666666672       -1.3074988939297856     
  0.77000000000000002       -1.3805783833426433     
  0.77333333333333343       -1.3947640797365839     
  0.77666666666666673       -1.3550738430985838     
  0.78000000000000003       -1.2733822891696915     
  0.78333333333333344       -1.1668159400923133     
  0.78666666666666674       -1.0550114509288526     
  0.79000000000000004      -0.95672845983560417     
  0.79333333333333333      -0.88652562265855939     
  0.79666666666666675      -0.85226062923304968     
  0.80000000000000004      -0.85402412714450027     
  0.80333333333333334      -0.88478416748103395     
  0.80666666666666675      -0.93258365774700458     
  0.81000000000000005      -0.98372125046611980     
  0.81333333333333335       -1.0260829705796850     
  0.81666666666666676       -1.0517652899891572     
  0.82000000000000006       -1.0583552283943574     
  0.82333333333333336       -1.0486419064391064     
  0.82666666666666677       -1.0289966534591726     
  0.83000000000000007       -1.0070263500346317     
  0.83333333333333337      -0.98926189708347512     
  0.83666666666666667      -0.97954997782267816     
  0.84000000000000008      -0.97851909062746623     
  0.84333333333333338      -0.98410579992875458     
  0.84666666666666668      -0.99279280790028002     
  0.85000000000000009       -1.0010359539857425     
  0.85333333333333339       -1.0063840674091005     
  0.85666666666666669       -1.0079878069041628     
  0.86000000000000010       -1.0064591000259315     
  0.86333333333333340       -1.0032745351256793     
  0.86666666666666670       -1.0000351187015504     
  0.87000000000000011      -0.99787713752080964     
  0.87333333333333341      -0.99720668156948777     
  0.87666666666666671      -0.99777059291348447     
  0.88000000000000000      -0.99894825815223465     
  0.88333333333333341       -1.0000947521231427     
  0.88666666666666671       -1.0007907320068594     
  0.89000000000000001       -1.0009297885122803     
  0.89333333333333342       -1.0006571402716684     
  0.89666666666666672       -1.0002288004457982     
  0.90000000000000002      -0.99987218988886217     
  0.90333333333333343      -0.99970431507154389     
  0.90666666666666673      -0.99972263503901071     
  0.91000000000000003      -0.99984860106274254     
  0.91333333333333344      -0.99998796033395854     
  0.91666666666666674       -1.0000764428783715     
  0.92000000000000004       -1.0000961968648157     
  0.92333333333333334       -1.0000660820010787     
  0.92666666666666675       -1.0000194189422700     
  0.93000000000000005      -0.99998364033671505     
  0.93333333333333335      -0.99997029674084414     
  0.93666666666666676      -0.99997609970482404     
  0.94000000000000006      -0.99999035433475325     
  0.94333333333333336       -1.0000028919368154     
  0.94666666666666677       -1.0000085982151266     
  0.95000000000000007       -1.0000077353106223     
  0.95333333333333337       -1.0000035751210279     
  0.95666666666666678      -0.99999956227310094     
  0.96000000000000008      -0.99999757379795728     
  0.96333333333333337      -0.99999767605987389     
  0.96666666666666667      -0.99999887689202327     
  0.97000000000000008       -1.0000000811401597     
  0.97333333333333338       -1.0000006842695470     
  0.97666666666666668       -1.0000006590199306     
  0.98000000000000009       -1.0000003101440613     
  0.98333333333333339      -0.99999996795175494     
  0.98666666666666669      -0.99999980607444550     
  0.99000000000000010      -0.99999982318356073     
  0.99333333333333340      -0.99999992477028998     
  0.99666666666666670       -1.0000000165429968     
