   0.0000000000000000      -0.99999996757328358     
   3.3333333333333335E-003  -1.0000008959853921     
   6.6666666666666671E-003  -1.0000009700933217     
   1.0000000000000000E-002  -1.0000005358238151     
   1.3333333333333334E-002  -1.0000000362464061     
   1.6666666666666666E-002 -0.99999974904135136     
   2.0000000000000000E-002 -0.99999972079492783     
   2.3333333333333334E-002 -0.99999984654129603     
   2.6666666666666668E-002 -0.99999999108966220     
   3.0000000000000002E-002  -1.0000000717801933     
   3.3333333333333333E-002  -1.0000000770685566     
   3.6666666666666667E-002  -1.0000000398544031     
   4.0000000000000001E-002 -0.99999999977217113     
   4.3333333333333335E-002 -0.99999997924696871     
   4.6666666666666669E-002 -0.99999997971129517     
   5.0000000000000003E-002 -0.99999999074904666     
   5.3333333333333337E-002  -1.0000000012975250     
   5.6666666666666671E-002  -1.0000000059137311     
   6.0000000000000005E-002  -1.0000000050201487     
   6.3333333333333339E-002  -1.0000000018356570     
   6.6666666666666666E-002 -0.99999999924908389     
   7.0000000000000007E-002 -0.99999999838779519     
   7.3333333333333334E-002 -0.99999999886029567     
   7.6666666666666675E-002 -0.99999999972724019     
   8.0000000000000002E-002  -1.0000000003012970     
   8.3333333333333343E-002  -1.0000000004084779     
   8.6666666666666670E-002  -1.0000000002281404     
   9.0000000000000011E-002  -1.0000000000117601     
   9.3333333333333338E-002 -0.99999999990210908     
   9.6666666666666679E-002 -0.99999999990666599     
  0.10000000000000001      -0.99999999996289723     
  0.10333333333333335       -1.0000000000108435     
  0.10666666666666667       -1.0000000000268405     
  0.11000000000000000       -1.0000000000184714     
  0.11333333333333334       -1.0000000000036922     
  0.11666666666666667      -0.99999999999471079     
  0.12000000000000001      -0.99999999999374922     
  0.12333333333333334      -0.99999999999701095     
  0.12666666666666668       -1.0000000000001248     
  0.13000000000000000       -1.0000000000009215     
  0.13333333333333333      -0.99999999999902545     
  0.13666666666666669      -0.99999999999350930     
  0.14000000000000001      -0.99999999997910316     
  0.14333333333333334      -0.99999999993863964     
  0.14666666666666667      -0.99999999982396759     
  0.15000000000000002      -0.99999999950593088     
  0.15333333333333335      -0.99999999864688494     
  0.15666666666666668      -0.99999999638599313     
  0.16000000000000000      -0.99999999058443167     
  0.16333333333333333      -0.99999997606409541     
  0.16666666666666669      -0.99999994060779340     
  0.17000000000000001      -0.99999985611913056     
  0.17333333333333334      -0.99999965960857684     
  0.17666666666666667      -0.99999921339680242     
  0.18000000000000002      -0.99999822406985783     
  0.18333333333333335      -0.99999608192493739     
  0.18666666666666668      -0.99999155164446485     
  0.19000000000000000      -0.99998219293498380     
  0.19333333333333336      -0.99996330610599282     
  0.19666666666666668      -0.99992606849645882     
  0.20000000000000001      -0.99985433844162075     
  0.20333333333333334      -0.99971934174788246     
  0.20666666666666669      -0.99947111871116767     
  0.21000000000000002      -0.99902521606058226     
  0.21333333333333335      -0.99824271344163096     
  0.21666666666666667      -0.99690138951456364     
  0.22000000000000000      -0.99465584212324398     
  0.22333333333333336      -0.99098494238162071     
  0.22666666666666668      -0.98512644751178158     
  0.23000000000000001      -0.97600125254417447     
  0.23333333333333334      -0.96213386039794146     
  0.23666666666666669      -0.94158117447497147     
  0.24000000000000002      -0.91188820498874668     
  0.24333333333333335      -0.87009564168761788     
  0.24666666666666667      -0.81282867143951476     
  0.25000000000000000      -0.73649646449291217     
  0.25333333333333335      -0.63762470558267881     
  0.25666666666666671      -0.51332712558612204     
  0.26000000000000001      -0.36189534047580718     
  0.26333333333333336      -0.18345109470470186     
  0.26666666666666666        1.9433703059119248E-002
  0.27000000000000002       0.24127732628424725     
  0.27333333333333337       0.47353424163902669     
  0.27666666666666667       0.70488104249528072     
  0.28000000000000003       0.92202886130913908     
  0.28333333333333333        1.1110630734983542     
  0.28666666666666668        1.2591964973823047     
  0.29000000000000004        1.3566997433374708     
  0.29333333333333333        1.3986722520143471     
  0.29666666666666669        1.3862734384587641     
  0.30000000000000004        1.3270724320743899     
  0.30333333333333334        1.2343075654978268     
  0.30666666666666670        1.1250586045083750     
  0.31000000000000000        1.0175845722374308     
  0.31333333333333335       0.92830655585447108     
  0.31666666666666671       0.86905149135124804     
  0.32000000000000001       0.84516783454793576     
  0.32333333333333336       0.85495955442958715     
  0.32666666666666666       0.89058877000312231     
  0.33000000000000002       0.94024064829379872     
  0.33333333333333337       0.99102406135830801     
  0.33666666666666667        1.0318927713506973     
  0.34000000000000002        1.0558758990029418     
  0.34333333333333338        1.0611081297536202     
  0.34666666666666668        1.0504928058494680     
  0.35000000000000003        1.0302119768177789     
  0.35333333333333333        1.0076004796604667     
  0.35666666666666669       0.98903540996838379     
  0.36000000000000004       0.97842340754302837     
  0.36333333333333334       0.97662909405711906     
  0.36666666666666670       0.98186660163351536     
  0.37000000000000005       0.99078263889332374     
  0.37333333333333335       0.99978694730888462     
  0.37666666666666671        1.0061783367034818     
  0.38000000000000000        1.0087547663384486     
  0.38333333333333336        1.0078174812549776     
  0.38666666666666671        1.0046946618187100     
  0.39000000000000001        1.0010455532606404     
  0.39333333333333337       0.99822691543369446     
  0.39666666666666667       0.99692211852180601     
  0.40000000000000002       0.99709723605116340     
  0.40333333333333338       0.99821802627312628     
  0.40666666666666668       0.99958380675858649     
  0.41000000000000003        1.0006270496635592     
  0.41333333333333339        1.0010784163242357     
  0.41666666666666669        1.0009733492638315     
  0.42000000000000004        1.0005427251397654     
  0.42333333333333334        1.0000628789533093     
  0.42666666666666669       0.99973491875393894     
  0.43000000000000005       0.99963162044836973     
  0.43333333333333335       0.99971204404048886     
  0.43666666666666670       0.99987671064086714     
  0.44000000000000000        1.0000279908721534     
  0.44333333333333336        1.0001092576069350     
  0.44666666666666671        1.0001136167399671     
  0.45000000000000001        1.0000688078469877     
  0.45333333333333337        1.0000128254691778     
  0.45666666666666672       0.99997391968255578     
  0.46000000000000002       0.99996208110972395     
  0.46333333333333337       0.99997162428762287     
  0.46666666666666667       0.99998970760854455     
  0.47000000000000003        1.0000048146775740     
  0.47333333333333338        1.0000113975798992     
  0.47666666666666668        1.0000100200298352     
  0.48000000000000004        1.0000046500520938     
  0.48333333333333334       0.99999945247165445     
  0.48666666666666669       0.99999677148009403     
  0.49000000000000005       0.99999678244626888     
  0.49333333333333335       0.99999831262718386     
  0.49666666666666670       0.99999996757328358     
  0.50000000000000000        1.0000008959853921     
  0.50333333333333341        1.0000009700933217     
  0.50666666666666671        1.0000005358238151     
  0.51000000000000001        1.0000000362464061     
  0.51333333333333342       0.99999974904135136     
  0.51666666666666672       0.99999972079492783     
  0.52000000000000002       0.99999984654129603     
  0.52333333333333332       0.99999999108966220     
  0.52666666666666673        1.0000000717801933     
  0.53000000000000003        1.0000000770685566     
  0.53333333333333333        1.0000000398544031     
  0.53666666666666674       0.99999999977217113     
  0.54000000000000004       0.99999997924696871     
  0.54333333333333333       0.99999997971129517     
  0.54666666666666675       0.99999999074904666     
  0.55000000000000004        1.0000000012975250     
  0.55333333333333334        1.0000000059137311     
  0.55666666666666675        1.0000000050201487     
  0.56000000000000005        1.0000000018356570     
  0.56333333333333335       0.99999999924908389     
  0.56666666666666665       0.99999999838779519     
  0.57000000000000006       0.99999999886029567     
  0.57333333333333336       0.99999999972724019     
  0.57666666666666666        1.0000000003012970     
  0.58000000000000007        1.0000000004084779     
  0.58333333333333337        1.0000000002281404     
  0.58666666666666667        1.0000000000117601     
  0.59000000000000008       0.99999999990210908     
  0.59333333333333338       0.99999999990666599     
  0.59666666666666668       0.99999999996289723     
  0.60000000000000009        1.0000000000108435     
  0.60333333333333339        1.0000000000268410     
  0.60666666666666669        1.0000000000184719     
  0.60999999999999999        1.0000000000036937     
  0.61333333333333340       0.99999999999471523     
  0.61666666666666670       0.99999999999376543     
  0.62000000000000000       0.99999999999706657     
  0.62333333333333341        1.0000000000003122     
  0.62666666666666671        1.0000000000015365     
  0.63000000000000000        1.0000000000009899     
  0.63333333333333341       0.99999999999961064     
  0.63666666666666671       0.99999999999753841     
  0.64000000000000001       0.99999999999285494     
  0.64333333333333342       0.99999999997922140     
  0.64666666666666672       0.99999999993902633     
  0.65000000000000002       0.99999999982423216     
  0.65333333333333332       0.99999999950597707     
  0.65666666666666673       0.99999999864680700     
  0.66000000000000003       0.99999999638591042     
  0.66333333333333333       0.99999999058439903     
  0.66666666666666674       0.99999997606410496     
  0.67000000000000004       0.99999994060781483     
  0.67333333333333334       0.99999985611914355     
  0.67666666666666675       0.99999965960857795     
  0.68000000000000005       0.99999921339679798     
  0.68333333333333335       0.99999822406985395     
  0.68666666666666676       0.99999608192493639     
  0.69000000000000006       0.99999155164446585     
  0.69333333333333336       0.99998219293498525     
  0.69666666666666666       0.99996330610599338     
  0.70000000000000007       0.99992606849645904     
  0.70333333333333337       0.99985433844162075     
  0.70666666666666667       0.99971934174788257     
  0.71000000000000008       0.99947111871116789     
  0.71333333333333337       0.99902521606058248     
  0.71666666666666667       0.99824271344163118     
  0.72000000000000008       0.99690138951456364     
  0.72333333333333338       0.99465584212324376     
  0.72666666666666668       0.99098494238162060     
  0.73000000000000009       0.98512644751178169     
  0.73333333333333339       0.97600125254417491     
  0.73666666666666669       0.96213386039794191     
  0.74000000000000010       0.94158117447497192     
  0.74333333333333340       0.91188820498874679     
  0.74666666666666670       0.87009564168761777     
  0.75000000000000000       0.81282867143951443     
  0.75333333333333341       0.73649646449291217     
  0.75666666666666671       0.63762470558267892     
  0.76000000000000001       0.51332712558612215     
  0.76333333333333342       0.36189534047580718     
  0.76666666666666672       0.18345109470470194     
  0.77000000000000002       -1.9433703059119220E-002
  0.77333333333333343      -0.24127732628424720     
  0.77666666666666673      -0.47353424163902658     
  0.78000000000000003      -0.70488104249528072     
  0.78333333333333344      -0.92202886130913930     
  0.78666666666666674       -1.1110630734983542     
  0.79000000000000004       -1.2591964973823049     
  0.79333333333333333       -1.3566997433374712     
  0.79666666666666675       -1.3986722520143473     
  0.80000000000000004       -1.3862734384587645     
  0.80333333333333334       -1.3270724320743899     
  0.80666666666666675       -1.2343075654978268     
  0.81000000000000005       -1.1250586045083746     
  0.81333333333333335       -1.0175845722374308     
  0.81666666666666676      -0.92830655585447108     
  0.82000000000000006      -0.86905149135124837     
  0.82333333333333336      -0.84516783454793620     
  0.82666666666666677      -0.85495955442958749     
  0.83000000000000007      -0.89058877000312242     
  0.83333333333333337      -0.94024064829379883     
  0.83666666666666667      -0.99102406135830801     
  0.84000000000000008       -1.0318927713506973     
  0.84333333333333338       -1.0558758990029418     
  0.84666666666666668       -1.0611081297536202     
  0.85000000000000009       -1.0504928058494678     
  0.85333333333333339       -1.0302119768177787     
  0.85666666666666669       -1.0076004796604665     
  0.86000000000000010      -0.98903540996838346     
  0.86333333333333340      -0.97842340754302803     
  0.86666666666666670      -0.97662909405711884     
  0.87000000000000011      -0.98186660163351547     
  0.87333333333333341      -0.99078263889332374     
  0.87666666666666671      -0.99978694730888462     
  0.88000000000000000       -1.0061783367034818     
  0.88333333333333341       -1.0087547663384486     
  0.88666666666666671       -1.0078174812549776     
  0.89000000000000001       -1.0046946618187100     
  0.89333333333333342       -1.0010455532606404     
  0.89666666666666672      -0.99822691543369446     
  0.90000000000000002      -0.99692211852180601     
  0.90333333333333343      -0.99709723605116340     
  0.90666666666666673      -0.99821802627312628     
  0.91000000000000003      -0.99958380675858649     
  0.91333333333333344       -1.0006270496635592     
  0.91666666666666674       -1.0010784163242357     
  0.92000000000000004       -1.0009733492638315     
  0.92333333333333334       -1.0005427251397654     
  0.92666666666666675       -1.0000628789533093     
  0.93000000000000005      -0.99973491875393894     
  0.93333333333333335      -0.99963162044836973     
  0.93666666666666676      -0.99971204404048886     
  0.94000000000000006      -0.99987671064086714     
  0.94333333333333336       -1.0000279908721534     
  0.94666666666666677       -1.0001092576069350     
  0.95000000000000007       -1.0001136167399671     
  0.95333333333333337       -1.0000688078469877     
  0.95666666666666678       -1.0000128254691778     
  0.96000000000000008      -0.99997391968255578     
  0.96333333333333337      -0.99996208110972395     
  0.96666666666666667      -0.99997162428762287     
  0.97000000000000008      -0.99998970760854455     
  0.97333333333333338       -1.0000048146775740     
  0.97666666666666668       -1.0000113975798992     
  0.98000000000000009       -1.0000100200298352     
  0.98333333333333339       -1.0000046500520938     
  0.98666666666666669      -0.99999945247165445     
  0.99000000000000010      -0.99999677148009403     
  0.99333333333333340      -0.99999678244626888     
  0.99666666666666670      -0.99999831262718386     
