   0.0000000000000000       -1.0974871596402003     
   3.3333333333333335E-003  -1.2321405334310478     
   6.6666666666666671E-003  -1.3338196421907864     
   1.0000000000000000E-002  -1.3979185508052800     
   1.3333333333333334E-002  -1.4224066182810282     
   1.6666666666666666E-002  -1.4082901105175598     
   2.0000000000000000E-002  -1.3597704121634413     
   2.3333333333333334E-002  -1.2840316789577455     
   2.6666666666666668E-002  -1.1906374979974716     
   3.0000000000000002E-002  -1.0905747249271740     
   3.3333333333333333E-002 -0.99504432635076412     
   3.6666666666666667E-002 -0.91415257918085946     
   4.0000000000000001E-002 -0.85568975747762399     
   4.3333333333333335E-002 -0.82418792316088296     
   4.6666666666666669E-002 -0.82041963252861383     
   5.0000000000000003E-002 -0.84143672155202176     
   5.3333333333333337E-002 -0.88116143269017466     
   5.6666666666666671E-002 -0.93144585673468694     
   6.0000000000000005E-002 -0.98342860094143170     
   6.3333333333333339E-002  -1.0289583459818274     
   6.6666666666666666E-002  -1.0618367925850736     
   7.0000000000000007E-002  -1.0786646224519543     
   7.3333333333333334E-002  -1.0791494219430522     
   7.6666666666666675E-002  -1.0658397742941146     
   8.0000000000000002E-002  -1.0433631073807930     
   8.3333333333333343E-002  -1.0173417796591402     
   8.6666666666666670E-002 -0.99322067670114567     
   9.0000000000000011E-002 -0.97524703772116361     
   9.3333333333333338E-002 -0.96579801871486048     
   9.6666666666666679E-002 -0.96516485130129548     
  0.10000000000000001      -0.97179553049351330     
  0.10333333333333335      -0.98289657622140270     
  0.10666666666666667      -0.99522245407390331     
  0.11000000000000000       -1.0058545594828423     
  0.11333333333333334       -1.0127941198056902     
  0.11666666666666667       -1.0152561360762660     
  0.12000000000000001       -1.0136358798414009     
  0.12333333333333334       -1.0092023431083210     
  0.12666666666666668       -1.0036332985393415     
  0.13000000000000000      -0.99853080224495561     
  0.13333333333333333      -0.99504143785597965     
  0.13666666666666669      -0.99366048327901246     
  0.14000000000000001      -0.99423919150066686     
  0.14333333333333334      -0.99615768162792817     
  0.14666666666666667      -0.99858772737936297     
  0.15000000000000002       -1.0007581430528023     
  0.15333333333333335       -1.0021499859571446     
  0.15666666666666668       -1.0025814142291007     
  0.16000000000000000       -1.0021805678588009     
  0.16333333333333333       -1.0012771019963960     
  0.16666666666666669       -1.0002605222617342     
  0.17000000000000001      -0.99945354978299783     
  0.17333333333333334      -0.99903442977101875     
  0.17666666666666667      -0.99902036046294540     
  0.18000000000000002      -0.99930312933729759     
  0.18333333333333335      -0.99971402779668850     
  0.18666666666666668       -1.0000911789987559     
  0.19000000000000000       -1.0003277694140909     
  0.19333333333333336       -1.0003906883801752     
  0.19666666666666668       -1.0003109961368515     
  0.20000000000000001       -1.0001563770418775     
  0.20333333333333334      -0.99999911582481005     
  0.20666666666666669      -0.99989124322305334     
  0.21000000000000002      -0.99985317870778456     
  0.21333333333333335      -0.99987605454600970     
  0.21666666666666667      -0.99993323156700609     
  0.22000000000000000      -0.99999456613219229     
  0.22333333333333336       -1.0000377657163455     
  0.22666666666666668       -1.0000537198978390     
  0.23000000000000001       -1.0000456618862723     
  0.23333333333333334       -1.0000242368980543     
  0.23666666666666669       -1.0000014262879542     
  0.24000000000000002      -0.99998584417062597     
  0.24333333333333335      -0.99998069714804716     
  0.24666666666666667      -0.99998434657261137     
  0.25000000000000000      -0.99999247218394993     
  0.25333333333333335       -1.0000005415982813     
  0.25666666666666671       -1.0000055683446134     
  0.26000000000000001       -1.0000067209913179     
  0.26333333333333336       -1.0000049177100783     
  0.26666666666666666       -1.0000018868075802     
  0.27000000000000002      -0.99999922775880101     
  0.27333333333333337      -0.99999783650853291     
  0.27666666666666667      -0.99999779917463993     
  0.28000000000000003      -0.99999863998605576     
  0.28333333333333333      -0.99999970632469459     
  0.28666666666666668       -1.0000004909437399     
  0.29000000000000004       -1.0000007835077416     
  0.29333333333333333       -1.0000006490139426     
  0.29666666666666669       -1.0000003019788393     
  0.30000000000000004      -0.99999996436999572     
  0.30333333333333334      -0.99999977154513253     
  0.30666666666666670      -0.99999974813280956     
  0.31000000000000000      -0.99999983887068189     
  0.31333333333333335      -0.99999996162936933     
  0.31666666666666671       -1.0000000521651031     
  0.32000000000000001       -1.0000000846121029     
  0.32333333333333336       -1.0000000678944609     
  0.32666666666666666       -1.0000000285303761     
  0.33000000000000002      -0.99999999233509029     
  0.33333333333333337      -0.99999997336551838     
  0.33666666666666667      -0.99999997214272696     
  0.34000000000000002      -0.99999998028705683     
  0.34333333333333338      -0.99999998684318536     
  0.34666666666666668      -0.99999998242656718     
  0.35000000000000003      -0.99999995942987074     
  0.35333333333333333      -0.99999990834943997     
  0.35666666666666669      -0.99999981090343071     
  0.36000000000000004      -0.99999962984894564     
  0.36333333333333334      -0.99999929357078321     
  0.36666666666666670      -0.99999867094626027     
  0.37000000000000005      -0.99999752870796754     
  0.37333333333333335      -0.99999545908401599     
  0.37666666666666671      -0.99999175901463888     
  0.38000000000000000      -0.99998523252519245     
  0.38333333333333336      -0.99997387346150524     
  0.38666666666666671      -0.99995436519508896     
  0.39000000000000001      -0.99992130542527835     
  0.39333333333333337      -0.99986602624029297     
  0.39666666666666667      -0.99977483092081565     
  0.40000000000000002      -0.99962640929708402     
  0.40333333333333338      -0.99938812434872315     
  0.40666666666666668      -0.99901078872207350     
  0.41000000000000003      -0.99842147993405461     
  0.41333333333333339      -0.99751389220893150     
  0.41666666666666669      -0.99613571343818708     
  0.42000000000000004      -0.99407257794730763     
  0.42333333333333334      -0.99102831729028706     
  0.42666666666666669      -0.98660155462776111     
  0.43000000000000005      -0.98025920506635222     
  0.43333333333333335      -0.97130818650390505     
  0.43666666666666670      -0.95886762225978728     
  0.44000000000000000      -0.94184499871367822     
  0.44333333333333336      -0.91892104311378575     
  0.44666666666666671      -0.88854935223449305     
  0.45000000000000001      -0.84897779547393826     
  0.45333333333333337      -0.79829912448258111     
  0.45666666666666672      -0.73453768129818542     
  0.46000000000000002      -0.65577723893700968     
  0.46333333333333337      -0.56033153130849900     
  0.46666666666666667      -0.44695379558603959     
  0.47000000000000003      -0.31507479201388255     
  0.47333333333333338      -0.16505078298782083     
  0.47666666666666668        1.6052271538196938E-003
  0.48000000000000004       0.18204271830287652     
  0.48333333333333334       0.37198128086076504     
  0.48666666666666669       0.56574419318022617     
  0.49000000000000005       0.75644898422142004     
  0.49333333333333335       0.93637245403029645     
  0.49666666666666670        1.0974871596402087     
  0.50000000000000000        1.2321405334310567     
  0.50333333333333341        1.3338196421907904     
  0.50666666666666671        1.3979185508052792     
  0.51000000000000001        1.4224066182810251     
  0.51333333333333342        1.4082901105175571     
  0.51666666666666672        1.3597704121634402     
  0.52000000000000002        1.2840316789577453     
  0.52333333333333332        1.1906374979974725     
  0.52666666666666673        1.0905747249271744     
  0.53000000000000003       0.99504432635076423     
  0.53333333333333333       0.91415257918085946     
  0.53666666666666674       0.85568975747762421     
  0.54000000000000004       0.82418792316088307     
  0.54333333333333333       0.82041963252861394     
  0.54666666666666675       0.84143672155202176     
  0.55000000000000004       0.88116143269017444     
  0.55333333333333334       0.93144585673468672     
  0.55666666666666675       0.98342860094143170     
  0.56000000000000005        1.0289583459818277     
  0.56333333333333335        1.0618367925850740     
  0.56666666666666665        1.0786646224519549     
  0.57000000000000006        1.0791494219430531     
  0.57333333333333336        1.0658397742941155     
  0.57666666666666666        1.0433631073807941     
  0.58000000000000007        1.0173417796591413     
  0.58333333333333337       0.99322067670114622     
  0.58666666666666667       0.97524703772116372     
  0.59000000000000008       0.96579801871486060     
  0.59333333333333338       0.96516485130129515     
  0.59666666666666668       0.97179553049351286     
  0.60000000000000009       0.98289657622140214     
  0.60333333333333339       0.99522245407390253     
  0.60666666666666669        1.0058545594828416     
  0.60999999999999999        1.0127941198056896     
  0.61333333333333340        1.0152561360762649     
  0.61666666666666670        1.0136358798413998     
  0.62000000000000000        1.0092023431083204     
  0.62333333333333341        1.0036332985393408     
  0.62666666666666671       0.99853080224495516     
  0.63000000000000000       0.99504143785597932     
  0.63333333333333341       0.99366048327901224     
  0.63666666666666671       0.99423919150066686     
  0.64000000000000001       0.99615768162792828     
  0.64333333333333342       0.99858772737936341     
  0.64666666666666672        1.0007581430528028     
  0.65000000000000002        1.0021499859571450     
  0.65333333333333332        1.0025814142291014     
  0.65666666666666673        1.0021805678588016     
  0.66000000000000003        1.0012771019963962     
  0.66333333333333333        1.0002605222617342     
  0.66666666666666674       0.99945354978299750     
  0.67000000000000004       0.99903442977101853     
  0.67333333333333334       0.99902036046294540     
  0.67666666666666675       0.99930312933729759     
  0.68000000000000005       0.99971402779668850     
  0.68333333333333335        1.0000911789987559     
  0.68666666666666676        1.0003277694140909     
  0.69000000000000006        1.0003906883801752     
  0.69333333333333336        1.0003109961368515     
  0.69666666666666666        1.0001563770418775     
  0.70000000000000007       0.99999911582481005     
  0.70333333333333337       0.99989124322305289     
  0.70666666666666667       0.99985317870778401     
  0.71000000000000008       0.99987605454600892     
  0.71333333333333337       0.99993323156700542     
  0.71666666666666667       0.99999456613219140     
  0.72000000000000008        1.0000377657163448     
  0.72333333333333338        1.0000537198978385     
  0.72666666666666668        1.0000456618862721     
  0.73000000000000009        1.0000242368980545     
  0.73333333333333339        1.0000014262879544     
  0.73666666666666669       0.99998584417062641     
  0.74000000000000010       0.99998069714804771     
  0.74333333333333340       0.99998434657261182     
  0.74666666666666670       0.99999247218395071     
  0.75000000000000000        1.0000005415982820     
  0.75333333333333341        1.0000055683446138     
  0.75666666666666671        1.0000067209913186     
  0.76000000000000001        1.0000049177100789     
  0.76333333333333342        1.0000018868075806     
  0.76666666666666672       0.99999922775880135     
  0.77000000000000002       0.99999783650853324     
  0.77333333333333343       0.99999779917464038     
  0.77666666666666673       0.99999863998605676     
  0.78000000000000003       0.99999970632469726     
  0.78333333333333344        1.0000004909437470     
  0.78666666666666674        1.0000007835077604     
  0.79000000000000004        1.0000006490139912     
  0.79333333333333333        1.0000003019789607     
  0.79666666666666675       0.99999996437029215     
  0.80000000000000004       0.99999977154584418     
  0.80333333333333334       0.99999974813449466     
  0.80666666666666675       0.99999983887462041     
  0.81000000000000005       0.99999996163845084     
  0.81333333333333335        1.0000000521857650     
  0.81666666666666676        1.0000000846584864     
  0.82000000000000006        1.0000000679972072     
  0.82333333333333336        1.0000000287549697     
  0.82666666666666677       0.99999999281957164     
  0.83000000000000007       0.99999997439690147     
  0.83333333333333337       0.99999997430963683     
  0.83666666666666667       0.99999998478022145     
  0.84000000000000008       0.99999999603847234     
  0.84333333333333338        1.0000000009998504     
  0.84666666666666668       0.99999999645781024     
  0.85000000000000009       0.99999998121008160     
  0.85333333333333339       0.99999995241181183     
  0.85666666666666669       0.99999990111669390     
  0.86000000000000010       0.99999980683382139     
  0.86333333333333340       0.99999962947350263     
  0.86666666666666670       0.99999929550278899     
  0.87000000000000011       0.99999867331538073     
  0.87333333333333341       0.99999753022894933     
  0.87666666666666671       0.99999545941088963     
  0.88000000000000000       0.99999175850781241     
  0.88333333333333341       0.99998523178339493     
  0.88666666666666671       0.99997387293752338     
  0.89000000000000001       0.99995436504294877     
  0.89333333333333342       0.99992130555480518     
  0.89666666666666672       0.99986602646551237     
  0.90000000000000002       0.99977483109096854     
  0.90333333333333343       0.99962640935425373     
  0.90666666666666673       0.99938812431544188     
  0.91000000000000003       0.99901078865504322     
  0.91333333333333344       0.99842147988129981     
  0.91666666666666674       0.99751389218999498     
  0.92000000000000004       0.99613571344712371     
  0.92333333333333334       0.99407257796700932     
  0.92666666666666675       0.99102831730601570     
  0.93000000000000005       0.98660155463345989     
  0.93333333333333335       0.98025920506376829     
  0.93666666666666676       0.97130818649816697     
  0.94000000000000006       0.95886762225526578     
  0.94333333333333336       0.94184499871210892     
  0.94666666666666677       0.91892104311459222     
  0.95000000000000007       0.88854935223614839     
  0.95333333333333337       0.84897779547519092     
  0.95666666666666678       0.79829912448297402     
  0.96000000000000008       0.73453768129792174     
  0.96333333333333337       0.65577723893653905     
  0.96666666666666667       0.56033153130816615     
  0.97000000000000008       0.44695379558595316     
  0.97333333333333338       0.31507479201396965     
  0.97666666666666668       0.16505078298795176     
  0.98000000000000009       -1.6052271537356083E-003
  0.98333333333333339      -0.18204271830286134     
  0.98666666666666669      -0.37198128086079346     
  0.99000000000000010      -0.56574419318026181     
  0.99333333333333340      -0.75644898422144025     
  0.99666666666666670      -0.93637245403029790     
