   0.0000000000000000        1.0025431834899705     
   3.3333333333333335E-003   1.0008161107065359     
   6.6666666666666671E-003  0.99928413944707062     
   1.0000000000000000E-002  0.99824772487106916     
   1.3333333333333334E-002  0.99783598516539340     
   1.6666666666666666E-002  0.99800980354271107     
   2.0000000000000000E-002  0.99860324728038308     
   2.3333333333333334E-002  0.99938699305055689     
   2.6666666666666668E-002   1.0001348731321751     
   3.0000000000000002E-002   1.0006770560788809     
   3.3333333333333333E-002   1.0009294253366421     
   3.6666666666666667E-002   1.0008963659176362     
   4.0000000000000001E-002   1.0006512478634197     
   4.3333333333333335E-002   1.0003037032367885     
   4.6666666666666669E-002  0.99996446799059779     
   5.0000000000000003E-002  0.99971718425694311     
   5.3333333333333337E-002  0.99960300074466413     
   5.6666666666666671E-002  0.99961937399577638     
   6.0000000000000005E-002  0.99973048592448810     
   6.3333333333333339E-002  0.99988413672219822     
   6.6666666666666666E-002   1.0000292758687090     
   7.0000000000000007E-002   1.0001293453303641     
   7.3333333333333334E-002   1.0001687336367766     
   7.6666666666666675E-002   1.0001520817900311     
   8.0000000000000002E-002   1.0000982032642538     
   8.3333333333333343E-002   1.0000314978384146     
   8.6666666666666670E-002  0.99997381704044741     
   9.0000000000000011E-002  0.99993896448635777     
   9.3333333333333338E-002  0.99993078277745484     
   9.6666666666666679E-002  0.99994453925305349     
  0.10000000000000001       0.99997043709670430     
  0.10333333333333335       0.99999772990788638     
  0.10666666666666667        1.0000180938350631     
  0.11000000000000000        1.0000274453061762     
  0.11333333333333334        1.0000260459179438     
  0.11666666666666667        1.0000172859747276     
  0.12000000000000001        1.0000058414182966     
  0.12333333333333334       0.99999591938596244     
  0.12666666666666668       0.99999010440581326     
  0.13000000000000000       0.99998900530420587     
  0.13333333333333333       0.99999160489466399     
  0.13666666666666669       0.99999602034680368     
  0.14000000000000001        1.0000003278848175     
  0.14333333333333334        1.0000031742093467     
  0.14666666666666667        1.0000040365336500     
  0.15000000000000002        1.0000031409458858     
  0.15333333333333335        1.0000011550104426     
  0.15666666666666668       0.99999881095517085     
  0.16000000000000000       0.99999659378071271     
  0.16333333333333333       0.99999456712516321     
  0.16666666666666669       0.99999233878949345     
  0.17000000000000001       0.99998911278307878     
  0.17333333333333334       0.99998374875778251     
  0.17666666666666667       0.99997475235993494     
  0.18000000000000002       0.99996014089981822     
  0.18333333333333335       0.99993715341996992     
  0.18666666666666668       0.99990179028678938     
  0.19000000000000000       0.99984816806478383     
  0.19333333333333336       0.99976766039926168     
  0.19666666666666668       0.99964776958922275     
  0.20000000000000001       0.99947064326612445     
  0.20333333333333334       0.99921112239029775     
  0.20666666666666669       0.99883418488479836     
  0.21000000000000002       0.99829163574708513     
  0.21333333333333335       0.99751789037548166     
  0.21666666666666667       0.99642470444480813     
  0.22000000000000000       0.99489472395494294     
  0.22333333333333336       0.99277376834392983     
  0.22666666666666668       0.98986182516133847     
  0.23000000000000001       0.98590283517661792     
  0.23333333333333334       0.98057348994690940     
  0.23666666666666669       0.97347145552703973     
  0.24000000000000002       0.96410367771399152     
  0.24333333333333335       0.95187571135254767     
  0.24666666666666667       0.93608333603935989     
  0.25000000000000000       0.91590805036621137     
  0.25333333333333335       0.89041834260678887     
  0.25666666666666671       0.85857887150266976     
  0.26000000000000001       0.81926979943971634     
  0.26333333333333336       0.77131843642579678     
  0.26666666666666666       0.71354500860764558     
  0.27000000000000002       0.64482369676956419     
  0.27333333333333337       0.56415905211365946     
  0.27666666666666667       0.47077647236863662     
  0.28000000000000003       0.36422363889897891     
  0.28333333333333333       0.24447776045825048     
  0.28666666666666668       0.11205129408513517     
  0.29000000000000004       -3.1913259092878662E-002
  0.29333333333333333      -0.18557056995835411     
  0.29666666666666669      -0.34633376267570481     
  0.30000000000000004      -0.51088172119903907     
  0.30333333333333334      -0.67522292076618240     
  0.30666666666666670      -0.83482323920560342     
  0.31000000000000000      -0.98480050586899825     
  0.31333333333333335       -1.1201823351893410     
  0.31666666666666671       -1.2362164519573924     
  0.32000000000000001       -1.3287148914443949     
  0.32333333333333336       -1.3944060314540185     
  0.32666666666666666       -1.4312624362913879     
  0.33000000000000002       -1.4387690707730985     
  0.33333333333333337       -1.4180965840692090     
  0.33666666666666667       -1.3721488014686229     
  0.34000000000000002       -1.3054625779280506     
  0.34333333333333338       -1.2239514427853089     
  0.34666666666666668       -1.1345010015924013     
  0.35000000000000003       -1.0444421901818486     
  0.35333333333333333      -0.96094598430954548     
  0.35666666666666669      -0.89039753886581186     
  0.36000000000000004      -0.83781648570500122     
  0.36333333333333334      -0.80639122115225403     
  0.36666666666666670      -0.79718726869433842     
  0.37000000000000005      -0.80907318848857979     
  0.37333333333333335      -0.83888336228103466     
  0.37666666666666671      -0.88180799107547991     
  0.38000000000000000      -0.93197057214284318     
  0.38333333333333336      -0.98312634602769988     
  0.38666666666666671       -1.0293960460828291     
  0.39000000000000001       -1.0659412784202593     
  0.39333333333333337       -1.0894930685007473     
  0.39666666666666667       -1.0986636091385598     
  0.40000000000000002       -1.0940009241542965     
  0.40333333333333338       -1.0777828990299270     
  0.40666666666666668       -1.0535853469485921     
  0.41000000000000003       -1.0256923228854444     
  0.41333333333333339      -0.99844010368178371     
  0.41666666666666669      -0.97559499103039216     
  0.42000000000000004      -0.95985761516293666     
  0.42333333333333334      -0.95256378061605351     
  0.42666666666666669      -0.95361789726066148     
  0.43000000000000005      -0.96165559778435827     
  0.43333333333333335      -0.97439424278984721     
  0.43666666666666670      -0.98910040391945542     
  0.44000000000000000       -1.0030873009543242     
  0.44333333333333336       -1.0141551892849097     
  0.44666666666666671       -1.0209033891451511     
  0.45000000000000001       -1.0228705511200669     
  0.45333333333333337       -1.0204941025750141     
  0.45666666666666672       -1.0149137501919594     
  0.46000000000000002       -1.0076708697848531     
  0.46333333333333337       -1.0003706926496638     
  0.46666666666666667      -0.99437511649334676     
  0.47000000000000003      -0.99058145843552170     
  0.47333333333333338      -0.98931999728544862     
  0.47666666666666668      -0.99037606998215910     
  0.48000000000000004      -0.99311677376494900     
  0.48333333333333334      -0.99668326016444519     
  0.48666666666666669       -1.0002006481414825     
  0.49000000000000005       -1.0029597200374680     
  0.49333333333333335       -1.0045362616799880     
  0.49666666666666670       -1.0048316422957102     
  0.50000000000000000       -1.0040374435429160     
  0.50333333333333341       -1.0025431834899710     
  0.50666666666666671       -1.0008161107065365     
  0.51000000000000001      -0.99928413944707151     
  0.51333333333333342      -0.99824772487107005     
  0.51666666666666672      -0.99783598516539407     
  0.52000000000000002      -0.99800980354271152     
  0.52333333333333332      -0.99860324728038352     
  0.52666666666666673      -0.99938699305055756     
  0.53000000000000003       -1.0001348731321758     
  0.53333333333333333       -1.0006770560788811     
  0.53666666666666674       -1.0009294253366421     
  0.54000000000000004       -1.0008963659176358     
  0.54333333333333333       -1.0006512478634189     
  0.54666666666666675       -1.0003037032367867     
  0.55000000000000004      -0.99996446799059413     
  0.55333333333333334      -0.99971718425693556     
  0.55666666666666675      -0.99960300074464903     
  0.56000000000000005      -0.99961937399574508     
  0.56333333333333335      -0.99973048592442415     
  0.56666666666666665      -0.99988413672206833     
  0.57000000000000006       -1.0000292758684468     
  0.57333333333333336       -1.0001293453298385     
  0.57666666666666666       -1.0001687336357303     
  0.58000000000000007       -1.0001520817879634     
  0.58333333333333337       -1.0000982032601982     
  0.58666666666666667       -1.0000314978305214     
  0.59000000000000008      -0.99997381702520627     
  0.59333333333333338      -0.99993896445716068     
  0.59666666666666668      -0.99993078272196478     
  0.60000000000000009      -0.99994453914843007     
  0.60333333333333339      -0.99997043690100795     
  0.60666666666666669      -0.99999772954474719     
  0.60999999999999999       -1.0000180931665703     
  0.61333333333333340       -1.0000274440853598     
  0.61666666666666670       -1.0000260437062274     
  0.62000000000000000       -1.0000172819997990     
  0.62333333333333341       -1.0000058343315850     
  0.62666666666666671      -0.99999590685254058     
  0.63000000000000000      -0.99999008241722409     
  0.63333333333333341      -0.99998896703755225     
  0.63666666666666671      -0.99999153883582959     
  0.64000000000000001      -0.99999590723191834     
  0.64333333333333342       -1.0000001357626904     
  0.64666666666666672       -1.0000028505461578     
  0.65000000000000002       -1.0000034957093518     
  0.65333333333333332       -1.0000022446450172     
  0.65666666666666673      -0.99999968177212839     
  0.66000000000000003      -0.99999640936110179     
  0.66333333333333333      -0.99999271121857691     
  0.66666666666666674      -0.99998834250072821     
  0.67000000000000004      -0.99998244263712943     
  0.67333333333333334      -0.99997351153264313     
  0.67666666666666675      -0.99995936097615201     
  0.68000000000000005      -0.99993695306440289     
  0.68333333333333335      -0.99990205498467111     
  0.68666666666666676      -0.99984866033545994     
  0.69000000000000006      -0.99976813898966621     
  0.69333333333333336      -0.99964807383221022     
  0.69666666666666666      -0.99947072375181512     
  0.70000000000000007      -0.99921102342216495     
  0.70333333333333337      -0.99883399949486584     
  0.70666666666666667      -0.99829145750931692     
  0.71000000000000008      -0.99751778008539227     
  0.71333333333333337      -0.99642467894861086     
  0.71666666666666667      -0.99489476424647150     
  0.72000000000000008      -0.99277383798989161     
  0.72333333333333338      -0.98986188913868312     
  0.72666666666666668      -0.98590287214034578     
  0.73000000000000009      -0.98057349553444828     
  0.73333333333333339      -0.97347143835354133     
  0.73666666666666669      -0.96410365188859515     
  0.74000000000000010      -0.95187568941687994     
  0.74333333333333340      -0.93608332482236289     
  0.74666666666666670      -0.91590805035330025     
  0.75000000000000000      -0.89041834990482838     
  0.75333333333333341      -0.85857888079990075     
  0.75666666666666671      -0.81926980650617420     
  0.76000000000000001      -0.77131843935411204     
  0.76333333333333342      -0.71354500774185892     
  0.76666666666666672      -0.64482369379218574     
  0.77000000000000002      -0.56415904892940638     
  0.77333333333333343      -0.47077647028754599     
  0.77666666666666673      -0.36422363833486826     
  0.78000000000000003      -0.24447776108320363     
  0.78333333333333344      -0.11205129522150414     
  0.78666666666666674        3.1913258080338028E-002
  0.79000000000000004       0.18557056942579797     
  0.79333333333333333       0.34633376265870097     
  0.79666666666666675       0.51088172151405531     
  0.80000000000000004       0.67522292116367844     
  0.80333333333333334       0.83482323949464110     
  0.80666666666666675       0.98480050597309698     
  0.81000000000000005        1.1201823351355471     
  0.81333333333333335        1.2362164518270911     
  0.81666666666666676        1.3287148913198725     
  0.82000000000000006        1.3944060313842925     
  0.82333333333333336        1.4312624362843831     
  0.82666666666666677        1.4387690708077514     
  0.83000000000000007        1.4180965841151270     
  0.83333333333333337        1.3721488015022949     
  0.83666666666666667        1.3054625779400937     
  0.84000000000000008        1.2239514427790414     
  0.84333333333333338        1.1345010015775945     
  0.84666666666666668        1.0444421901681125     
  0.85000000000000009       0.96094598430230393     
  0.85333333333333339       0.89039753886560291     
  0.85666666666666669       0.83781648570914002     
  0.86000000000000010       0.80639122115723982     
  0.86333333333333340       0.79718726869768330     
  0.86666666666666670       0.80907318848948917     
  0.87000000000000011       0.83888336228008720     
  0.87333333333333341       0.88180799107383345     
  0.87666666666666671       0.93197057214149903     
  0.88000000000000000       0.98312634602712567     
  0.88333333333333341        1.0293960460829652     
  0.88666666666666671        1.0659412784207567     
  0.89000000000000001        1.0894930685012381     
  0.89333333333333342        1.0986636091388275     
  0.89666666666666672        1.0940009241543134     
  0.90000000000000002        1.0777828990297882     
  0.90333333333333343        1.0535853469484244     
  0.90666666666666673        1.0256923228853350     
  0.91000000000000003       0.99844010368175751     
  0.91333333333333344       0.97559499103042613     
  0.91666666666666674       0.95985761516298973     
  0.92000000000000004       0.95256378061609326     
  0.92333333333333334       0.95361789726067459     
  0.92666666666666675       0.96165559778434928     
  0.93000000000000005       0.97439424278982878     
  0.93333333333333335       0.98910040391943921     
  0.93666666666666676        1.0030873009543162     
  0.94000000000000006        1.0141551892849097     
  0.94333333333333336        1.0209033891451549     
  0.94666666666666677        1.0228705511200713     
  0.95000000000000007        1.0204941025750167     
  0.95333333333333337        1.0149137501919596     
  0.95666666666666678        1.0076708697848524     
  0.96000000000000008        1.0003706926496636     
  0.96333333333333337       0.99437511649334698     
  0.96666666666666667       0.99058145843552259     
  0.97000000000000008       0.98931999728544950     
  0.97333333333333338       0.99037606998215999     
  0.97666666666666668       0.99311677376494956     
  0.98000000000000009       0.99668326016444531     
  0.98333333333333339        1.0002006481414825     
  0.98666666666666669        1.0029597200374682     
  0.99000000000000010        1.0045362616799882     
  0.99333333333333340        1.0048316422957104     
  0.99666666666666670        1.0040374435429160     
