   0.0000000000000000       -1.0238907819852694     
   3.3333333333333335E-003 -0.93680076317991989     
   6.6666666666666671E-003 -0.87095430594552437     
   1.0000000000000000E-002 -0.83207967681217421     
   1.3333333333333334E-002 -0.82193492553174652     
   1.6666666666666666E-002 -0.83821818103308376     
   2.0000000000000000E-002 -0.87510262865040700     
   2.3333333333333334E-002 -0.92431952467977496     
   2.6666666666666668E-002 -0.97660788422824374     
   3.0000000000000002E-002  -1.0232749108718087     
   3.3333333333333333E-002  -1.0575850406540945     
   3.6666666666666667E-002  -1.0757263006009634     
   4.0000000000000001E-002  -1.0771866198166142     
   4.3333333333333335E-002  -1.0644932220049637     
   4.6666666666666669E-002  -1.0423992522279768     
   5.0000000000000003E-002  -1.0167137650171707     
   5.3333333333333337E-002 -0.99303822512780748     
   5.6666666666666671E-002 -0.97567923502389486     
   6.0000000000000005E-002 -0.96695246132584967     
   6.3333333333333339E-002 -0.96699103202819403     
   6.6666666666666666E-002 -0.97404899197763040     
   7.0000000000000007E-002 -0.98517754453905426     
   7.3333333333333334E-002 -0.99707622219575909     
   7.6666666666666675E-002  -1.0068996307985227     
   8.0000000000000002E-002  -1.0128349169473738     
   8.3333333333333343E-002  -1.0143426279089753     
   8.6666666666666670E-002  -1.0120504924409313     
   9.0000000000000011E-002  -1.0073786094184558     
   9.3333333333333338E-002  -1.0020326364542613     
   9.6666666666666679E-002 -0.99751636380564868     
  0.10000000000000001      -0.99478734100205957     
  0.10333333333333335      -0.99412171673361394     
  0.10666666666666667      -0.99518700314944253     
  0.11000000000000000      -0.99726450849249770     
  0.11333333333333334      -0.99953156470516380     
  0.11666666666666667       -1.0013128827668123     
  0.12000000000000001       -1.0022359436507395     
  0.12333333333333334       -1.0022655163755094     
  0.12666666666666668       -1.0016327305471195     
  0.13000000000000000       -1.0007023571226998     
  0.13333333333333333      -0.99983154351801284     
  0.13666666666666669      -0.99926462108756098     
  0.14000000000000001      -0.99908787158712431     
  0.14333333333333334      -0.99924420256529733     
  0.14666666666666667      -0.99958883285923938     
  0.15000000000000002      -0.99995838522665403     
  0.15333333333333335       -1.0002279487400072     
  0.15666666666666668       -1.0003406719275609     
  0.16000000000000000       -1.0003072368221035     
  0.16333333333333333       -1.0001832206645347     
  0.16666666666666669       -1.0000377464008583     
  0.17000000000000001      -0.99992633402749997     
  0.17333333333333334      -0.99987606022095821     
  0.17666666666666667      -0.99988473562137214     
  0.18000000000000002      -0.99993046326586998     
  0.18333333333333335      -0.99998528225289829     
  0.18666666666666668       -1.0000268938940522     
  0.19000000000000000       -1.0000448401561617     
  0.19333333333333336       -1.0000405424191332     
  0.19666666666666668       -1.0000230175171085     
  0.20000000000000001       -1.0000031465946575     
  0.20333333333333334      -0.99998905831063867     
  0.20666666666666669      -0.99998400432977630     
  0.21000000000000002      -0.99998674813710353     
  0.21333333333333335      -0.99999352680879683     
  0.21666666666666667       -1.0000003344967527     
  0.22000000000000000       -1.0000045444118881     
  0.22333333333333336       -1.0000054548957233     
  0.22666666666666668       -1.0000038994944207     
  0.23000000000000001       -1.0000013852281013     
  0.23333333333333334      -0.99999925920307897     
  0.23666666666666669      -0.99999822730307530     
  0.24000000000000002      -0.99999829876974833     
  0.24333333333333335      -0.99999903261121059     
  0.24666666666666667      -0.99999988040692489     
  0.25000000000000000       -1.0000004507452447     
  0.25333333333333335       -1.0000006134350650     
  0.25666666666666671       -1.0000004570654157     
  0.26000000000000001       -1.0000001703413848     
  0.26333333333333336      -0.99999992489065326     
  0.26666666666666666      -0.99999980883233319     
  0.27000000000000002      -0.99999982089113271     
  0.27333333333333337      -0.99999990519016313     
  0.27666666666666667      -0.99999999648778204     
  0.28000000000000003       -1.0000000522202999     
  0.28333333333333333       -1.0000000622885743     
  0.28666666666666668       -1.0000000407451857     
  0.29000000000000004       -1.0000000100084072     
  0.29333333333333333      -0.99999998753008001     
  0.29666666666666669      -0.99999997994328360     
  0.30000000000000004      -0.99999998439688775     
  0.30333333333333334      -0.99999999362361891     
  0.30666666666666670       -1.0000000009114689     
  0.31000000000000000       -1.0000000026585965     
  0.31333333333333335      -0.99999999814900953     
  0.31666666666666671      -0.99999998747507257     
  0.32000000000000001      -0.99999996875189379     
  0.32333333333333336      -0.99999993512841778     
  0.32666666666666666      -0.99999987105654498     
  0.33000000000000002      -0.99999974616925313     
  0.33333333333333337      -0.99999950395962123     
  0.33666666666666667      -0.99999904092946723     
  0.34000000000000002      -0.99999816942660558     
  0.34333333333333338      -0.99999655328703396     
  0.34666666666666668      -0.99999359876525051     
  0.35000000000000003      -0.99998827298269211     
  0.35333333333333333      -0.99997880685616325     
  0.35666666666666669      -0.99996221742567315     
  0.36000000000000004      -0.99993355360056602     
  0.36333333333333334      -0.99988472737711209     
  0.36666666666666670      -0.99980273764333771     
  0.37000000000000005      -0.99966702488528403     
  0.37333333333333335      -0.99944561363195961     
  0.37666666666666671      -0.99908961005464514     
  0.38000000000000000      -0.99852553486274276     
  0.38333333333333336      -0.99764490398759953     
  0.38666666666666671      -0.99629044823860002     
  0.39000000000000001      -0.99423842523079631     
  0.39333333333333337      -0.99117666935255100     
  0.39666666666666667      -0.98667840195483070     
  0.40000000000000002      -0.98017243751379490     
  0.40333333333333338      -0.97091131327121560     
  0.40666666666666668      -0.95794005173296848     
  0.41000000000000003      -0.94006969910683402     
  0.41333333333333339      -0.91586135688120618     
  0.41666666666666669      -0.88362793382041527     
  0.42000000000000004      -0.84146198391800908     
  0.42333333333333334      -0.78729835911715529     
  0.42666666666666669      -0.71901952983697204     
  0.43000000000000005      -0.63460885443973758     
  0.43333333333333335      -0.53235246298314498     
  0.43666666666666670      -0.41108365247689754     
  0.44000000000000000      -0.27045504070341492     
  0.44333333333333336      -0.11121396146329438     
  0.44666666666666671        6.4552969579098854E-002
  0.45000000000000001       0.25324769552918747     
  0.45333333333333337       0.44970583522552310     
  0.45666666666666672       0.64730086836007494     
  0.46000000000000002       0.83823805731418033     
  0.46333333333333337        1.0140489621929085     
  0.46666666666666667        1.1662698062697003     
  0.47000000000000003        1.2872543483217420     
  0.47333333333333338        1.3710390000797723     
  0.47666666666666668        1.4141508439177688     
  0.48000000000000004        1.4162346633372311     
  0.48333333333333334        1.3803790238245743     
  0.48666666666666669        1.3130474431035226     
  0.49000000000000005        1.2235686363516340     
  0.49333333333333335        1.1232049329376244     
  0.49666666666666670        1.0238907819852698     
  0.50000000000000000       0.93680076317992000     
  0.50333333333333341       0.87095430594552448     
  0.50666666666666671       0.83207967681217421     
  0.51000000000000001       0.82193492553174641     
  0.51333333333333342       0.83821818103308354     
  0.51666666666666672       0.87510262865040678     
  0.52000000000000002       0.92431952467977463     
  0.52333333333333332       0.97660788422824363     
  0.52666666666666673        1.0232749108718089     
  0.53000000000000003        1.0575850406540950     
  0.53333333333333333        1.0757263006009639     
  0.53666666666666674        1.0771866198166151     
  0.54000000000000004        1.0644932220049645     
  0.54333333333333333        1.0423992522279781     
  0.54666666666666675        1.0167137650171716     
  0.55000000000000004       0.99303822512780826     
  0.55333333333333334       0.97567923502389520     
  0.55666666666666675       0.96695246132584967     
  0.56000000000000005       0.96699103202819381     
  0.56333333333333335       0.97404899197763006     
  0.56666666666666665       0.98517754453905371     
  0.57000000000000006       0.99707622219575864     
  0.57333333333333336        1.0068996307985223     
  0.57666666666666666        1.0128349169473736     
  0.58000000000000007        1.0143426279089751     
  0.58333333333333337        1.0120504924409308     
  0.58666666666666667        1.0073786094184551     
  0.59000000000000008        1.0020326364542607     
  0.59333333333333338       0.99751636380564845     
  0.59666666666666668       0.99478734100205957     
  0.60000000000000009       0.99412171673361394     
  0.60333333333333339       0.99518700314944253     
  0.60666666666666669       0.99726450849249781     
  0.60999999999999999       0.99953156470516402     
  0.61333333333333340        1.0013128827668125     
  0.61666666666666670        1.0022359436507402     
  0.62000000000000000        1.0022655163755099     
  0.62333333333333341        1.0016327305471195     
  0.62666666666666671        1.0007023571226998     
  0.63000000000000000       0.99983154351801284     
  0.63333333333333341       0.99926462108756064     
  0.63666666666666671       0.99908787158712387     
  0.64000000000000001       0.99924420256529700     
  0.64333333333333342       0.99958883285923916     
  0.64666666666666672       0.99995838522665392     
  0.65000000000000002        1.0002279487400072     
  0.65333333333333332        1.0003406719275609     
  0.65666666666666673        1.0003072368221035     
  0.66000000000000003        1.0001832206645347     
  0.66333333333333333        1.0000377464008583     
  0.66666666666666674       0.99992633402749997     
  0.67000000000000004       0.99987606022095810     
  0.67333333333333334       0.99988473562137192     
  0.67666666666666675       0.99993046326586943     
  0.68000000000000005       0.99998528225289751     
  0.68333333333333335        1.0000268938940513     
  0.68666666666666676        1.0000448401561608     
  0.69000000000000006        1.0000405424191325     
  0.69333333333333336        1.0000230175171081     
  0.69666666666666666        1.0000031465946577     
  0.70000000000000007       0.99998905831063911     
  0.70333333333333337       0.99998400432977674     
  0.70666666666666667       0.99998674813710409     
  0.71000000000000008       0.99999352680879738     
  0.71333333333333337        1.0000003344967534     
  0.71666666666666667        1.0000045444118886     
  0.72000000000000008        1.0000054548957238     
  0.72333333333333338        1.0000038994944209     
  0.72666666666666668        1.0000013852281016     
  0.73000000000000009       0.99999925920307930     
  0.73333333333333339       0.99999822730307586     
  0.73666666666666669       0.99999829876974855     
  0.74000000000000010       0.99999903261121070     
  0.74333333333333340       0.99999988040692478     
  0.74666666666666670        1.0000004507452440     
  0.75000000000000000        1.0000006134350650     
  0.75333333333333341        1.0000004570654177     
  0.75666666666666671        1.0000001703413910     
  0.76000000000000001       0.99999992489066980     
  0.76333333333333342       0.99999980883237616     
  0.76666666666666672       0.99999982089124162     
  0.77000000000000002       0.99999990519043624     
  0.77333333333333343       0.99999999648845783     
  0.77666666666666673        1.0000000522219488     
  0.78000000000000003        1.0000000622925374     
  0.78333333333333344        1.0000000407545748     
  0.78666666666666674        1.0000000100303312     
  0.79000000000000004       0.99999998758054010     
  0.79333333333333333       0.99999998005776458     
  0.79666666666666675       0.99999998465292661     
  0.80000000000000004       0.99999999418815744     
  0.80333333333333334        1.0000000021386795     
  0.80666666666666675        1.0000000052888769     
  0.81000000000000005        1.0000000037075383     
  0.81333333333333335       0.99999999905772485     
  0.81666666666666676       0.99999999255095173     
  0.82000000000000006       0.99999998334829454     
  0.82333333333333336       0.99999996739856722     
  0.82666666666666677       0.99999993598628090     
  0.83000000000000007       0.99999987275745050     
  0.83333333333333337       0.99999974753474896     
  0.83666666666666667       0.99999950448339125     
  0.84000000000000008       0.99999904073082391     
  0.84333333333333338       0.99999816892161886     
  0.84666666666666668       0.99999655285726841     
  0.85000000000000009       0.99999359858676140     
  0.85333333333333339       0.99998827303014304     
  0.85666666666666669       0.99997880700429143     
  0.86000000000000010       0.99996221755559944     
  0.86333333333333340       0.99993355365600478     
  0.86666666666666670       0.99988472736441525     
  0.87000000000000011       0.99980273760012450     
  0.87333333333333341       0.99966702484737047     
  0.87666666666666671       0.99944561361606943     
  0.88000000000000000       0.99908961005862307     
  0.88333333333333341       0.99852553487529783     
  0.88666666666666671       0.99764490399828665     
  0.89000000000000001       0.99629044824280044     
  0.89333333333333342       0.99423842522940020     
  0.89666666666666672       0.99117666934893234     
  0.90000000000000002       0.98667840195192980     
  0.90333333333333343       0.98017243751278593     
  0.90666666666666673       0.97091131327172220     
  0.91000000000000003       0.95794005173399543     
  0.91333333333333344       0.94006969910758753     
  0.91666666666666674       0.91586135688141868     
  0.92000000000000004       0.88362793382023641     
  0.92333333333333334       0.84146198391772553     
  0.92666666666666675       0.78729835911697066     
  0.93000000000000005       0.71901952983693718     
  0.93333333333333335       0.63460885443979775     
  0.93666666666666676       0.53235246298322048     
  0.94000000000000006       0.41108365247693979     
  0.94333333333333336       0.27045504070341736     
  0.94666666666666677       0.11121396146327553     
  0.95000000000000007       -6.4552969579117991E-002
  0.95333333333333337      -0.25324769552919624     
  0.95666666666666678      -0.44970583522552188     
  0.96000000000000008      -0.64730086836006961     
  0.96333333333333337      -0.83823805731417600     
  0.96666666666666667       -1.0140489621929070     
  0.97000000000000008       -1.1662698062697012     
  0.97333333333333338       -1.2872543483217438     
  0.97666666666666668       -1.3710390000797734     
  0.98000000000000009       -1.4141508439177690     
  0.98333333333333339       -1.4162346633372311     
  0.98666666666666669       -1.3803790238245746     
  0.99000000000000010       -1.3130474431035228     
  0.99333333333333340       -1.2235686363516345     
  0.99666666666666670       -1.1232049329376244     
