   0.0000000000000000       0.80299109349726117     
   3.3333333333333335E-003  0.79054948853951945     
   6.6666666666666671E-003  0.79806979779977527     
   1.0000000000000000E-002  0.82319206701766712     
   1.3333333333333334E-002  0.86205818329590678     
   1.6666666666666666E-002  0.90972607280365470     
   2.0000000000000000E-002  0.96069809552844487     
   2.3333333333333334E-002   1.0095067443910828     
   2.6666666666666668E-002   1.0512912591516326     
   3.0000000000000002E-002   1.0822974015622961     
   3.3333333333333333E-002   1.1002401912607807     
   3.6666666666666667E-002   1.1044853980659286     
   4.0000000000000001E-002   1.0960282488460007     
   4.3333333333333335E-002   1.0772742220984557     
   4.6666666666666669E-002   1.0516532912890848     
   5.0000000000000003E-002   1.0231216277165933     
   5.3333333333333337E-002  0.99562006141930026     
   5.6666666666666671E-002  0.97256399031432783     
   6.0000000000000005E-002  0.95643385573040884     
   6.3333333333333339E-002  0.94851942100912678     
   6.6666666666666666E-002  0.94884724587218638     
   7.0000000000000007E-002  0.95629265395362761     
   7.3333333333333334E-002  0.96884963253710887     
   7.6666666666666675E-002  0.98400899486503801     
   8.0000000000000002E-002  0.99918052667708790     
   8.3333333333333343E-002   1.0120910423031031     
   8.6666666666666670E-002   1.0210977347614558     
   9.0000000000000011E-002   1.0253733964145109     
   9.3333333333333338E-002   1.0249437920322724     
   9.6666666666666679E-002   1.0205833583409911     
  0.10000000000000001        1.0135988558295310     
  0.10333333333333335        1.0055475464957886     
  0.10666666666666667       0.99794417128726676     
  0.11000000000000000       0.99200852178938914     
  0.11333333333333334       0.98849375566839914     
  0.11666666666666667       0.98761749819935862     
  0.12000000000000001       0.98909701053065158     
  0.12333333333333334       0.99227040728648253     
  0.12666666666666668       0.99627166792782129     
  0.13000000000000000        1.0002203856759044     
  0.13333333333333333        1.0033885760670911     
  0.13666666666666669        1.0053154702805374     
  0.14000000000000001        1.0058546965022321     
  0.14333333333333334        1.0051534398323119     
  0.14666666666666667        1.0035768065772177     
  0.15000000000000002        1.0016000439505068     
  0.15333333333333335       0.99969494772059952     
  0.15666666666666668       0.99823455933842786     
  0.16000000000000000       0.99743322771449694     
  0.16333333333333333       0.99732933350611397     
  0.16666666666666669       0.99780787928284853     
  0.17000000000000001       0.99865197974560360     
  0.17333333333333334       0.99960760758363798     
  0.17666666666666667        1.0004453649824794     
  0.18000000000000002        1.0010061623810034     
  0.18333333333333335        1.0012233018547727     
  0.18666666666666668        1.0011199605095409     
  0.19000000000000000        1.0007868292895215     
  0.19333333333333336        1.0003484492747230     
  0.19666666666666668       0.99992799742717620     
  0.20000000000000001       0.99961900028962825     
  0.20333333333333334       0.99946937442611139     
  0.20666666666666669       0.99947932408428430     
  0.21000000000000002       0.99961103104886029     
  0.21333333333333335       0.99980558479711612     
  0.21666666666666667        1.0000016565003795     
  0.22000000000000000        1.0001509989745225     
  0.22333333333333336        1.0002275565560230     
  0.22666666666666668        1.0002291734579050     
  0.23000000000000001        1.0001729488692224     
  0.23333333333333334        1.0000866994732447     
  0.23666666666666669       0.99999950578666974     
  0.24000000000000002       0.99993396569858461     
  0.24333333333333335       0.99990180862971023     
  0.24666666666666667       0.99990330759967405     
  0.25000000000000000       0.99992983393374857     
  0.25333333333333335       0.99996819932377190     
  0.25666666666666671        1.0000052352940574     
  0.26000000000000001        1.0000313246232255     
  0.26333333333333336        1.0000421594787168     
  0.26666666666666666        1.0000386432775692     
  0.27000000000000002        1.0000253828649035     
  0.27333333333333337        1.0000085098652549     
  0.27666666666666667       0.99999359224045659     
  0.28000000000000003       0.99998419966993790     
  0.28333333333333333       0.99998137215917826     
  0.28666666666666668       0.99998392526022195     
  0.29000000000000004       0.99998929875830567     
  0.29333333333333333       0.99999456444413226     
  0.29666666666666669       0.99999724891835939     
  0.30000000000000004       0.99999575746717806     
  0.30333333333333334       0.99998934552029017     
  0.30666666666666670       0.99997771957917181     
  0.31000000000000000       0.99996042401641982     
  0.31333333333333335       0.99993617419570779     
  0.31666666666666671       0.99990224359945845     
  0.32000000000000001       0.99985393057489746     
  0.32333333333333336       0.99978404866231829     
  0.32666666666666666       0.99968232555378111     
  0.33000000000000002       0.99953456926278350     
  0.33333333333333337       0.99932146324052729     
  0.33666666666666667       0.99901687367232339     
  0.34000000000000002       0.99858557824114702     
  0.34333333333333338       0.99798034546668080     
  0.34666666666666668       0.99713830294353933     
  0.35000000000000003       0.99597653416006693     
  0.35333333333333333       0.99438684534055599     
  0.35666666666666669       0.99222965679848485     
  0.36000000000000004       0.98932700811171270     
  0.36333333333333334       0.98545473092754854     
  0.36666666666666670       0.98033394161120635     
  0.37000000000000005       0.97362213877928261     
  0.37333333333333335       0.96490435523857132     
  0.37666666666666671       0.95368500427267611     
  0.38000000000000000       0.93938126779291686     
  0.38333333333333336       0.92131908596470813     
  0.38666666666666671       0.89873300692452407     
  0.39000000000000001       0.87077131745940950     
  0.39333333333333337       0.83650797089907580     
  0.39666666666666667       0.79496282108054872     
  0.40000000000000002       0.74513152166767382     
  0.40333333333333338       0.68602611928336632     
  0.40666666666666668       0.61672682362020126     
  0.41000000000000003       0.53644465731269930     
  0.41333333333333339       0.44459367236944408     
  0.41666666666666669       0.34087019545590724     
  0.42000000000000004       0.22533519240773422     
  0.42333333333333334        9.8494422357123468E-002
  0.42666666666666669       -3.8630278213202078E-002
  0.43000000000000005      -0.18444630914761390     
  0.43333333333333335      -0.33676055598553400     
  0.43666666666666670      -0.49278286415501182     
  0.44000000000000000      -0.64917013599514028     
  0.44333333333333336      -0.80211657962484173     
  0.44666666666666671      -0.94749273591147876     
  0.45000000000000001       -1.0810320275823733     
  0.45333333333333337       -1.1985589017278464     
  0.45666666666666672       -1.2962475092707628     
  0.46000000000000002       -1.3708947599105357     
  0.46333333333333337       -1.4201871011617211     
  0.46666666666666667       -1.4429371527004009     
  0.47000000000000003       -1.4392650315171309     
  0.47333333333333338       -1.4107003803607512     
  0.47666666666666668       -1.3601851164168872     
  0.48000000000000004       -1.2919638148435062     
  0.48333333333333334       -1.2113581375239346     
  0.48666666666666669       -1.1244331203606386     
  0.49000000000000005       -1.0375753724648151     
  0.49333333333333335      -0.95701494457649161     
  0.49666666666666670      -0.88833225319907105     
  0.50000000000000000      -0.83599748605659119     
  0.50333333333333341      -0.80299109346744368     
  0.50666666666666671      -0.79054948855721496     
  0.51000000000000001      -0.79806979784078580     
  0.51333333333333342      -0.82319206705732639     
  0.51666666666666672      -0.86205818331901074     
  0.52000000000000002      -0.90972607280709694     
  0.52333333333333332      -0.96069809551808916     
  0.52666666666666673       -1.0095067443761674     
  0.53000000000000003       -1.0512912591398356     
  0.53333333333333333       -1.0822974015572115     
  0.53666666666666674       -1.1002401912619606     
  0.54000000000000004       -1.1044853980705505     
  0.54333333333333333       -1.0960282488508910     
  0.54666666666666675       -1.0772742221015164     
  0.55000000000000004       -1.0516532912897532     
  0.55333333333333334       -1.0231216277155011     
  0.55666666666666675      -0.99562006141756798     
  0.56000000000000005      -0.97256399031291640     
  0.56333333333333335      -0.95643385572978212     
  0.56666666666666665      -0.94851942100924458     
  0.57000000000000006      -0.94884724587271330     
  0.57333333333333336      -0.95629265395418495     
  0.57666666666666666      -0.96884963253745093     
  0.58000000000000007      -0.98400899486510451     
  0.58333333333333337      -0.99918052667695867     
  0.58666666666666667       -1.0120910423029095     
  0.59000000000000008       -1.0210977347613059     
  0.59333333333333338       -1.0253733964144518     
  0.59666666666666668       -1.0249437920322935     
  0.60000000000000009       -1.0205833583410515     
  0.60333333333333339       -1.0135988558295890     
  0.60666666666666669       -1.0055475464958199     
  0.60999999999999999      -0.99794417128726820     
  0.61333333333333340      -0.99200852178937149     
  0.61666666666666670      -0.98849375566837738     
  0.62000000000000000      -0.98761749819934364     
  0.62333333333333341      -0.98909701053064714     
  0.62666666666666671      -0.99227040728648597     
  0.63000000000000000      -0.99627166792782818     
  0.63333333333333341       -1.0002203856759104     
  0.63666666666666671       -1.0033885760670938     
  0.64000000000000001       -1.0053154702805374     
  0.64333333333333342       -1.0058546965022304     
  0.64666666666666672       -1.0051534398323105     
  0.65000000000000002       -1.0035768065772173     
  0.65333333333333332       -1.0016000439505073     
  0.65666666666666673      -0.99969494772060064     
  0.66000000000000003      -0.99823455933842886     
  0.66333333333333333      -0.99743322771449749     
  0.66666666666666674      -0.99732933350611352     
  0.67000000000000004      -0.99780787928284664     
  0.67333333333333334      -0.99865197974559872     
  0.67666666666666675      -0.99960760758362766     
  0.68000000000000005       -1.0004453649824590     
  0.68333333333333335       -1.0010061623809632     
  0.68666666666666676       -1.0012233018546939     
  0.69000000000000006       -1.0011199605093877     
  0.69333333333333336       -1.0007868292892264     
  0.69666666666666666       -1.0003484492741581     
  0.70000000000000007      -0.99992799742610239     
  0.70333333333333337      -0.99961900028760065     
  0.70666666666666667      -0.99946937442230843     
  0.71000000000000008      -0.99947932407720019     
  0.71333333333333337      -0.99961103103575311     
  0.71666666666666667      -0.99980558477302961     
  0.72000000000000008       -1.0000016564564174     
  0.72333333333333338       -1.0001509988948283     
  0.72666666666666668       -1.0002275564125382     
  0.73000000000000009       -1.0002291732013275     
  0.73333333333333339       -1.0001729484135475     
  0.73666666666666669       -1.0000866986695116     
  0.74000000000000010      -0.99999950437873397     
  0.74333333333333340      -0.99993396324916872     
  0.74666666666666670      -0.99990180439771814     
  0.75000000000000000      -0.99990330033822705     
  0.75333333333333341      -0.99992982156030785     
  0.75666666666666671      -0.99996817838557650     
  0.76000000000000001       -1.0000052001087467     
  0.76333333333333342       -1.0000312659083304     
  0.76666666666666672       -1.0000420621836663     
  0.77000000000000002       -1.0000384831821283     
  0.77333333333333343       -1.0000251212861191     
  0.77666666666666673       -1.0000080854897240     
  0.78000000000000003      -0.99999290862690604     
  0.78333333333333344      -0.99998310629017351     
  0.78666666666666674      -0.99997963588532768     
  0.79000000000000004      -0.99998118786038659     
  0.79333333333333333      -0.99998501409956853     
  0.79666666666666675      -0.99998790655555414     
  0.80000000000000004      -0.99998697863391450     
  0.80333333333333334      -0.99998003080740805     
  0.80666666666666675      -0.99996544100398621     
  0.81000000000000005      -0.99994165397855173     
  0.81333333333333335      -0.99990641637003241     
  0.81666666666666676      -0.99985590588713202     
  0.82000000000000006      -0.99978384778663210     
  0.82333333333333336      -0.99968062715112926     
  0.82666666666666677      -0.99953232142516324     
  0.83000000000000007      -0.99931951689767795     
  0.83333333333333337      -0.99901574555705497     
  0.83666666666666667      -0.99858538285375753     
  0.84000000000000008      -0.99798087197178931     
  0.84333333333333338      -0.99713917348387682     
  0.84666666666666668      -0.99597737112800278     
  0.85000000000000009      -0.99438739174218138     
  0.85333333333333339      -0.99222982402139481     
  0.85666666666666669      -0.98932685585046443     
  0.86000000000000010      -0.98545440474807178     
  0.86333333333333340      -0.98033360043430740     
  0.86666666666666670      -0.97362189890918072     
  0.87000000000000011      -0.96490426466666424     
  0.87333333333333341      -0.95368504709129032     
  0.87666666666666671      -0.93938138857048659     
  0.88000000000000000      -0.92131922014060585     
  0.88333333333333341      -0.89873310525015326     
  0.88666666666666671      -0.87077135797537675     
  0.89000000000000001      -0.83650795805961264     
  0.89333333333333342      -0.79496277613685928     
  0.89666666666666672      -0.74513147021374526     
  0.90000000000000002      -0.68602608110399743     
  0.90333333333333343      -0.61672680765911736     
  0.90666666666666673      -0.53644466195715423     
  0.91000000000000003      -0.44459368933122517     
  0.91333333333333344      -0.34087021478524848     
  0.91666666666666674      -0.22533520652441164     
  0.92000000000000004       -9.8494427976249299E-002
  0.92333333333333334        3.8630280290135523E-002
  0.92666666666666675       0.18444631563407340     
  0.93000000000000005       0.33676056309160768     
  0.93333333333333335       0.49278286911539892     
  0.93666666666666676       0.64917013773470578     
  0.94000000000000006       0.80211657859504715     
  0.94333333333333336       0.94749273342314111     
  0.94666666666666677        1.0810320250414442     
  0.95000000000000007        1.1985589000867718     
  0.95333333333333337        1.2962475088280339     
  0.95666666666666678        1.3708947604190771     
  0.96000000000000008        1.4201871021044170     
  0.96333333333333337        1.4429371535746338     
  0.96666666666666667        1.4392650320185101     
  0.97000000000000008        1.4107003804302907     
  0.97333333333333338        1.3601851161793823     
  0.97666666666666668        1.2919638144970202     
  0.98000000000000009        1.2113581372390161     
  0.98333333333333339        1.1244331202245683     
  0.98666666666666669        1.0375753724770120     
  0.99000000000000010       0.95701494467939374     
  0.99333333333333340       0.88833225332038135     
  0.99666666666666670       0.83599748614255187     
