   0.0000000000000000       0.98912160828576989     
   3.3333333333333335E-003  0.98937114329087172     
   6.6666666666666671E-003  0.99161014323449859     
   1.0000000000000000E-002  0.99504341841072708     
   1.3333333333333334E-002  0.99877664944345079     
   1.6666666666666666E-002   1.0020105934470591     
   2.0000000000000000E-002   1.0041871587169096     
   2.3333333333333334E-002   1.0050637803389995     
   2.6666666666666668E-002   1.0047106600510409     
   3.0000000000000002E-002   1.0034426047519023     
   3.3333333333333333E-002   1.0017097298293600     
   3.6666666666666667E-002  0.99997691626729157     
   4.0000000000000001E-002  0.99862016051737479     
   4.3333333333333335E-002  0.99786011272659769     
   4.6666666666666669E-002  0.99774171224094421     
   5.0000000000000003E-002  0.99815698572897071     
   5.3333333333333337E-002  0.99889860072715742     
   5.6666666666666671E-002  0.99972658246562107     
   6.0000000000000005E-002   1.0004303482109009     
   6.3333333333333339E-002   1.0008722548393663     
   6.6666666666666666E-002   1.0010055894391416     
   7.0000000000000007E-002   1.0008673118293683     
   7.3333333333333334E-002   1.0005519616473120     
   7.6666666666666675E-002   1.0001766477279956     
   8.0000000000000002E-002  0.99984747393740847     
   8.3333333333333343E-002  0.99963550812823998     
   8.6666666666666670E-002  0.99956648600743481     
   9.0000000000000011E-002  0.99962414873122774     
   9.3333333333333338E-002  0.99976362288824927     
   9.6666666666666679E-002  0.99992933956199359     
  0.10000000000000001        1.0000718813718881     
  0.10333333333333335        1.0001595466811846     
  0.10666666666666667        1.0001826764408623     
  0.11000000000000000        1.0001511314602265     
  0.11333333333333334        1.0000870809960896     
  0.11666666666666667        1.0000160891284793     
  0.12000000000000001       0.99995931913222236     
  0.12333333333333334       0.99992876016304133     
  0.12666666666666668       0.99992612265804148     
  0.13000000000000000       0.99994487462512116     
  0.13333333333333333       0.99997411826952698     
  0.13666666666666669        1.0000027735646901     
  0.14000000000000001        1.0000227958522652     
  0.14333333333333334        1.0000307270030777     
  0.14666666666666667        1.0000275285885973     
  0.15000000000000002        1.0000171623970180     
  0.15333333333333335        1.0000046439390093     
  0.15666666666666668       0.99999427783897155     
  0.16000000000000000       0.99998855801900410     
  0.16333333333333333       0.99998789686714395     
  0.16666666666666669       0.99999105495725393     
  0.17000000000000001       0.99999596019001680     
  0.17333333333333334        1.0000005629441222     
  0.17666666666666667        1.0000034515150136     
  0.18000000000000002        1.0000040963813486     
  0.18333333333333335        1.0000027408172658     
  0.18666666666666668        1.0000000604190320     
  0.19000000000000000       0.99999675229978258     
  0.19333333333333336       0.99999319007499454     
  0.19666666666666668       0.99998921653402151     
  0.20000000000000001       0.99998407219120178     
  0.20333333333333334       0.99997640011916800     
  0.20666666666666669       0.99996423895219344     
  0.21000000000000002       0.99994491653566075     
  0.21333333333333335       0.99991477606867796     
  0.21666666666666667       0.99986869025699410     
  0.22000000000000000       0.99979933424728307     
  0.22333333333333336       0.99969618789402281     
  0.22666666666666668       0.99954422186736092     
  0.23000000000000001       0.99932219520047827     
  0.23333333333333334       0.99900046165248224     
  0.23666666666666669       0.99853815619186215     
  0.24000000000000002       0.99787961666912428     
  0.24333333333333335       0.99694989292335034     
  0.24666666666666667       0.99564920843773752     
  0.25000000000000000       0.99384627053656194     
  0.25333333333333335       0.99137037749590884     
  0.25666666666666671       0.98800234995431013     
  0.26000000000000001       0.98346442595868722     
  0.26333333333333336       0.97740941002392079     
  0.26666666666666666       0.96940956083495866     
  0.27000000000000002       0.95894593958111585     
  0.27333333333333337       0.94539921492650036     
  0.27666666666666667       0.92804321656807731     
  0.28000000000000003       0.90604282276005521     
  0.28333333333333333       0.87845802309352095     
  0.28666666666666668       0.84425617083726434     
  0.29000000000000004       0.80233447505988009     
  0.29333333333333333       0.75155462190962774     
  0.29666666666666669       0.69079099735572091     
  0.30000000000000004       0.61899325916595405     
  0.30333333333333334       0.53526294124982310     
  0.30666666666666670       0.43894236654451385     
  0.31000000000000000       0.32971243587466420     
  0.31333333333333335       0.20769394358275739     
  0.31666666666666671        7.3545100323052351E-002
  0.32000000000000001       -7.1453866110192416E-002
  0.32333333333333336      -0.22533954318503499     
  0.32666666666666666      -0.38543876653787207     
  0.33000000000000002      -0.54838745090041341     
  0.33333333333333337      -0.71020396264642438     
  0.33666666666666667      -0.86642307214303893     
  0.34000000000000002       -1.0122919429261339     
  0.34333333333333338       -1.1430237230654472     
  0.34666666666666668       -1.2540974882209883     
  0.35000000000000003       -1.3415861598433205     
  0.35333333333333333       -1.4024874008603510     
  0.35666666666666669       -1.4350273257764747     
  0.36000000000000004       -1.4389041342172759     
  0.36333333333333334       -1.4154393623844332     
  0.36666666666666670       -1.3676089598769965     
  0.37000000000000005       -1.2999350398898559     
  0.37333333333333335       -1.2182315813654401     
  0.37666666666666671       -1.1292126412961367     
  0.38000000000000000       -1.0399882362553543     
  0.38333333333333336      -0.95748897490026985     
  0.38666666666666671      -0.88787351249249125     
  0.39000000000000001      -0.83598074490486851     
  0.39333333333333337      -0.80488955130572726     
  0.39666666666666667      -0.79564176926707708     
  0.40000000000000002      -0.80716891983214256     
  0.40333333333333338      -0.83644117324057199     
  0.40666666666666668      -0.87883053124438926     
  0.41000000000000003      -0.92865254919793283     
  0.41333333333333339      -0.97982604330499801     
  0.41666666666666669       -1.0265720318012217     
  0.42000000000000004       -1.0640648979301810     
  0.42333333333333334       -1.0889524265006394     
  0.42666666666666669       -1.0996772131394119     
  0.43000000000000005       -1.0965582919057852     
  0.43333333333333335       -1.0816251570007960     
  0.43666666666666670       -1.0582317713837366     
  0.44000000000000000       -1.0305101239914114     
  0.44333333333333336       -1.0027461663875259     
  0.44666666666666671      -0.97877150492191234     
  0.45000000000000001      -0.96146003501829236     
  0.45333333333333337      -0.95240024563144132     
  0.45666666666666672      -0.95178416220688478     
  0.46000000000000002      -0.95851785960050695     
  0.46333333333333337      -0.97052238210624642     
  0.46666666666666667      -0.98516404529904289     
  0.47000000000000003      -0.99973464281389979     
  0.47333333333333338       -1.0118981114240038     
  0.47666666666666668       -1.0200310772577770     
  0.48000000000000004       -1.0234079819993436     
  0.48333333333333334       -1.0222124300113749     
  0.48666666666666669       -1.0173889099508668     
  0.49000000000000005       -1.0103769071753275     
  0.49333333333333335       -1.0027875412122624     
  0.49666666666666670      -0.99608827097261321     
  0.50000000000000000      -0.99135361748827244     
  0.50333333333333341      -0.98912160828577000     
  0.50666666666666671      -0.98937114329087106     
  0.51000000000000001      -0.99161014323449748     
  0.51333333333333342      -0.99504341841072608     
  0.51666666666666672      -0.99877664944345024     
  0.52000000000000002       -1.0020105934470589     
  0.52333333333333332       -1.0041871587169098     
  0.52666666666666673       -1.0050637803389997     
  0.53000000000000003       -1.0047106600510414     
  0.53333333333333333       -1.0034426047519025     
  0.53666666666666674       -1.0017097298293609     
  0.54000000000000004      -0.99997691626729235     
  0.54333333333333333      -0.99862016051737568     
  0.54666666666666675      -0.99786011272659836     
  0.55000000000000004      -0.99774171224094477     
  0.55333333333333334      -0.99815698572897116     
  0.55666666666666675      -0.99889860072715775     
  0.56000000000000005      -0.99972658246562141     
  0.56333333333333335       -1.0004303482109009     
  0.56666666666666665       -1.0008722548393658     
  0.57000000000000006       -1.0010055894391408     
  0.57333333333333336       -1.0008673118293661     
  0.57666666666666666       -1.0005519616473075     
  0.58000000000000007       -1.0001766477279865     
  0.58333333333333337      -0.99984747393739015     
  0.58666666666666667      -0.99963550812820323     
  0.59000000000000008      -0.99956648600736042     
  0.59333333333333338      -0.99962414873107852     
  0.59666666666666668      -0.99976362288795151     
  0.60000000000000009      -0.99992933956140329     
  0.60333333333333339       -1.0000718813707261     
  0.60666666666666669       -1.0001595466789153     
  0.60999999999999999       -1.0001826764364625     
  0.61333333333333340       -1.0001511314517613     
  0.61666666666666670       -1.0000870809799247     
  0.62000000000000000       -1.0000160890978469     
  0.62333333333333341      -0.99995931907461799     
  0.62666666666666671      -0.99992876005554532     
  0.63000000000000000      -0.99992612245897905     
  0.63333333333333341      -0.99994487425932210     
  0.63666666666666671      -0.99997411760249333     
  0.64000000000000001       -1.0000027723577076     
  0.64333333333333342       -1.0000227936850721     
  0.64666666666666672       -1.0000307231417873     
  0.65000000000000002       -1.0000275217620680     
  0.65333333333333332       -1.0000171504215167     
  0.65666666666666673       -1.0000046230937722     
  0.66000000000000003      -0.99999424183654551     
  0.66333333333333333      -0.99998849632254272     
  0.66666666666666674      -0.99998779196524668     
  0.67000000000000004      -0.99999087799064368     
  0.67333333333333334      -0.99999566399771977     
  0.67666666666666675       -1.0000000711091994     
  0.68000000000000005       -1.0000026412706127     
  0.68333333333333335       -1.0000027721898168     
  0.68666666666666676       -1.0000005939274197     
  0.69000000000000006      -0.99999660756649178     
  0.69333333333333336      -0.99999124371905068     
  0.69666666666666666      -0.99998447285815595     
  0.70000000000000007      -0.99997553375514225     
  0.70333333333333337      -0.99996277071130502     
  0.70666666666666667      -0.99994351013587079     
  0.71000000000000008      -0.99991387567556100     
  0.71333333333333337      -0.99986843839114803     
  0.71666666666666667      -0.99979961417538199     
  0.72000000000000008      -0.99969674043334444     
  0.72333333333333338      -0.99954477564008393     
  0.72666666666666668      -0.99932256224840255     
  0.73000000000000009      -0.99900057599398473     
  0.73333333333333339      -0.99853805897841064     
  0.73666666666666669      -0.99787940894824334     
  0.74000000000000010      -0.99694968207262924     
  0.74333333333333340      -0.99564906883031545     
  0.74666666666666670      -0.99384622789180999     
  0.75000000000000000      -0.99137041519656199     
  0.75333333333333341      -0.98800242835537799     
  0.75666666666666671      -0.98346450381504202     
  0.76000000000000001      -0.97740945972485116     
  0.76333333333333342      -0.96940957391095717     
  0.76666666666666672      -0.95894592355160613     
  0.77000000000000002      -0.94539918536602130     
  0.77333333333333343      -0.92804318879927727     
  0.77666666666666673      -0.90604280633276935     
  0.78000000000000003      -0.87845802018537411     
  0.78333333333333344      -0.84425617790068552     
  0.78666666666666674      -0.80233448605065827     
  0.79000000000000004      -0.75155463137727130     
  0.79333333333333333      -0.69079100228346446     
  0.79666666666666675      -0.61899325928030080     
  0.80000000000000004      -0.53526293818971882     
  0.80333333333333334      -0.43894236258527336     
  0.80666666666666675      -0.32971243284218826     
  0.81000000000000005      -0.20769394230983218     
  0.81333333333333335       -7.3545100673640618E-002
  0.81666666666666676        7.1453864850929721E-002
  0.82000000000000006       0.22533954183105950     
  0.82333333333333336       0.38543876565051405     
  0.82666666666666677       0.54838745065807160     
  0.83000000000000007       0.71020396291027221     
  0.83333333333333337       0.86642307262468821     
  0.83666666666666667        1.0122919433552624     
  0.84000000000000008        1.1430237232907521     
  0.84333333333333338        1.2540974882276559     
  0.84666666666666668        1.3415861597095551     
  0.85000000000000009        1.4024874006921098     
  0.85333333333333339        1.4350273256545547     
  0.85666666666666669        1.4389041341737796     
  0.86000000000000010        1.4154393624076154     
  0.86333333333333340        1.3676089599322558     
  0.86666666666666670        1.2999350399423963     
  0.87000000000000011        1.2182315813946649     
  0.87333333333333341        1.1292126412988537     
  0.87666666666666671        1.0399882362405719     
  0.88000000000000000       0.95748897488085649     
  0.88333333333333341       0.88787351247834090     
  0.88666666666666671       0.83598074489988095     
  0.89000000000000001       0.80488955130844853     
  0.89333333333333342       0.79564176927335872     
  0.89666666666666672       0.80716891983793204     
  0.90000000000000002       0.83644117324359979     
  0.90333333333333343       0.87883053124444799     
  0.90666666666666673       0.92865254919616813     
  0.91000000000000003       0.97982604330288914     
  0.91333333333333344        1.0265720317998139     
  0.91666666666666674        1.0640648979298037     
  0.92000000000000004        1.0889524265010440     
  0.92333333333333334        1.0996772131401087     
  0.92666666666666675        1.0965582919063521     
  0.93000000000000005        1.0816251570010360     
  0.93333333333333335        1.0582317713836771     
  0.93666666666666676        1.0305101239911996     
  0.94000000000000006        1.0027461663873176     
  0.94333333333333336       0.97877150492179843     
  0.94666666666666677       0.96146003501828448     
  0.95000000000000007       0.95240024563149905     
  0.95333333333333337       0.95178416220695472     
  0.95666666666666678       0.95851785960055191     
  0.96000000000000008       0.97052238210625574     
  0.96333333333333337       0.98516404529902657     
  0.96666666666666667       0.99973464281387492     
  0.97000000000000008        1.0118981114239851     
  0.97333333333333338        1.0200310772577696     
  0.97666666666666668        1.0234079819993458     
  0.98000000000000009        1.0222124300113817     
  0.98333333333333339        1.0173889099508737     
  0.98666666666666669        1.0103769071753312     
  0.99000000000000010        1.0027875412122631     
  0.99333333333333340       0.99608827097261210     
  0.99666666666666670       0.99135361748827144     
