   0.0000000000000000       -1.0000000000929292     
   3.3333333333333335E-003  -1.0000000000476155     
   6.6666666666666671E-003 -0.99999999999822353     
   1.0000000000000000E-002 -0.99999999997818112     
   1.3333333333333334E-002 -0.99999999998346956     
   1.6666666666666666E-002 -0.99999999999623468     
   2.0000000000000000E-002  -1.0000000000040163     
   2.3333333333333334E-002  -1.0000000000046891     
   2.6666666666666668E-002  -1.0000000000019389     
   3.0000000000000002E-002 -0.99999999999954303     
   3.3333333333333333E-002 -0.99999999999885647     
   3.6666666666666667E-002 -0.99999999999932510     
   4.0000000000000001E-002 -0.99999999999995981     
   4.3333333333333335E-002  -1.0000000000002429     
   4.6666666666666669E-002  -1.0000000000001952     
   5.0000000000000003E-002  -1.0000000000000457     
   5.3333333333333337E-002 -0.99999999999995570     
   5.6666666666666671E-002 -0.99999999999995004     
   6.0000000000000005E-002 -0.99999999999998146     
   6.3333333333333339E-002  -1.0000000000000062     
   6.6666666666666666E-002  -1.0000000000000113     
   7.0000000000000007E-002  -1.0000000000000042     
   7.3333333333333334E-002 -0.99999999999999123     
   7.6666666666666675E-002 -0.99999999999996070     
   8.0000000000000002E-002 -0.99999999999984301     
   8.3333333333333343E-002 -0.99999999999937250     
   8.6666666666666670E-002 -0.99999999999756994     
   9.0000000000000011E-002 -0.99999999999096079     
   9.3333333333333338E-002 -0.99999999996768207     
   9.6666666666666679E-002 -0.99999999988880928     
  0.10000000000000001      -0.99999999963147368     
  0.10333333333333335      -0.99999999882224599     
  0.10666666666666667      -0.99999999636750192     
  0.11000000000000000      -0.99999998917891741     
  0.11333333333333334      -0.99999996884175002     
  0.11666666666666667      -0.99999991322197590     
  0.12000000000000001      -0.99999976608682195     
  0.12333333333333334      -0.99999938939575017     
  0.12666666666666668      -0.99999845561157519     
  0.13000000000000000      -0.99999621333595634     
  0.13333333333333333      -0.99999099561569349     
  0.13666666666666669      -0.99997922580768805     
  0.14000000000000001      -0.99995348145627416     
  0.14333333333333334      -0.99989886475310918     
  0.14666666666666667      -0.99978645953013923     
  0.15000000000000002      -0.99956200381887061     
  0.15333333333333335      -0.99912709111500653     
  0.15666666666666668      -0.99830933783032905     
  0.16000000000000000      -0.99681726929324921     
  0.16333333333333333      -0.99417563219198613     
  0.16666666666666669      -0.98963810965635290     
  0.17000000000000001      -0.98207783407978844     
  0.17333333333333334      -0.96986247780034662     
  0.17666666666666667      -0.95073048716972763     
  0.18000000000000002      -0.92169774485960598     
  0.18333333333333335      -0.87903765156856017     
  0.18666666666666668      -0.81838846351393257     
  0.19000000000000000      -0.73504402030727856     
  0.19333333333333336      -0.62447112286933915     
  0.19666666666666668      -0.48306315338099709     
  0.20000000000000001      -0.30908332056397525     
  0.20333333333333334      -0.10367740879599296     
  0.20666666666666669       0.12824049477576493     
  0.21000000000000002       0.37748192347122012     
  0.21333333333333335       0.63071817946441844     
  0.21666666666666667       0.87145080301390720     
  0.22000000000000000        1.0818677443790210     
  0.22333333333333336        1.2454204421242612     
  0.22666666666666668        1.3497193923167916     
  0.23000000000000001        1.3891528744259503     
  0.23333333333333334        1.3665607864303806     
  0.23666666666666669        1.2934001963313797     
  0.24000000000000002        1.1881330799837924     
  0.24333333333333335        1.0729989950878436     
  0.24666666666666667       0.96979532340639407     
  0.25000000000000000       0.89563142367260584     
  0.25333333333333335       0.85972038528300965     
  0.25666666666666671       0.86205761619607724     
  0.26000000000000001       0.89434393376747201     
  0.26333333333333336       0.94287874467369104     
  0.26666666666666666       0.99257635722226578     
  0.27000000000000002        1.0309403333086165     
  0.27333333333333337        1.0508825915794942     
  0.27666666666666667        1.0516827596403826     
  0.28000000000000003        1.0380064114977650     
  0.28333333333333333        1.0175169226428251     
  0.28666666666666668       0.99800905775084603     
  0.29000000000000004       0.98503675976176408     
  0.29333333333333333       0.98071322490091983     
  0.29666666666666669       0.98386565890481470     
  0.30000000000000004       0.99123319247576858     
  0.30333333333333334       0.99908731600449741     
  0.30666666666666670        1.0046209920214881     
  0.31000000000000000        1.0066668780672423     
  0.31333333333333335        1.0056442549997444     
  0.31666666666666671        1.0029442742318180     
  0.32000000000000001        1.0001270973036955     
  0.32333333333333336       0.99828592030148988     
  0.32666666666666666       0.99777765580933298     
  0.33000000000000002       0.99832200963203988     
  0.33333333333333337       0.99932189057771470     
  0.33666666666666667        1.0002090565756119     
  0.34000000000000002        1.0006652996432950     
  0.34333333333333338        1.0006663796669797     
  0.34666666666666668        1.0003875035209526     
  0.35000000000000003        1.0000566226499279     
  0.35333333333333333       0.99983681594931673     
  0.35666666666666669       0.99977939523569892     
  0.36000000000000004       0.99984371735611977     
  0.36333333333333334       0.99995087838096131     
  0.36666666666666670        1.0000344651766790     
  0.37000000000000005        1.0000660629364271     
  0.37333333333333335        1.0000531498610443     
  0.37666666666666671        1.0000209520605041     
  0.38000000000000000       0.99999314319709842     
  0.38333333333333336       0.99998113658474419     
  0.38666666666666671       0.99998373770429205     
  0.39000000000000001       0.99999312311855837     
  0.39333333333333337        1.0000015782381912     
  0.39666666666666667        1.0000053032963028     
  0.40000000000000002        1.0000045994957456     
  0.40333333333333338        1.0000018847700158     
  0.40666666666666668       0.99999949731478088     
  0.41000000000000003       0.99999852012214185     
  0.41333333333333339       0.99999879170740613     
  0.41666666666666669       0.99999956847924987     
  0.42000000000000004        1.0000001924981206     
  0.42333333333333334        1.0000004037051553     
  0.42666666666666669        1.0000002909988344     
  0.43000000000000005        1.0000000762989110     
  0.43333333333333335       0.99999992838928486     
  0.43666666666666670       0.99999989551957047     
  0.44000000000000000       0.99999993778469332     
  0.44333333333333336       0.99999999317642485     
  0.44666666666666671        1.0000000236475668     
  0.45000000000000001        1.0000000247165810     
  0.45333333333333337        1.0000000110459133     
  0.45666666666666672       0.99999999822954122     
  0.46000000000000002       0.99999999326257383     
  0.46333333333333337       0.99999999489549840     
  0.46666666666666667       0.99999999865485145     
  0.47000000000000003        1.0000000011766590     
  0.47333333333333338        1.0000000016249779     
  0.47666666666666668        1.0000000008536232     
  0.48000000000000004       0.99999999999147660     
  0.48333333333333334       0.99999999961099528     
  0.48666666666666669       0.99999999967924247     
  0.49000000000000005       0.99999999990623090     
  0.49333333333333335        1.0000000000637503     
  0.49666666666666670        1.0000000000929292     
  0.50000000000000000        1.0000000000476155     
  0.50333333333333341       0.99999999999822353     
  0.50666666666666671       0.99999999997818112     
  0.51000000000000001       0.99999999998346956     
  0.51333333333333342       0.99999999999623468     
  0.51666666666666672        1.0000000000040163     
  0.52000000000000002        1.0000000000046891     
  0.52333333333333332        1.0000000000019389     
  0.52666666666666673       0.99999999999954303     
  0.53000000000000003       0.99999999999885647     
  0.53333333333333333       0.99999999999932510     
  0.53666666666666674       0.99999999999995981     
  0.54000000000000004        1.0000000000002429     
  0.54333333333333333        1.0000000000001952     
  0.54666666666666675        1.0000000000000457     
  0.55000000000000004       0.99999999999995570     
  0.55333333333333334       0.99999999999995004     
  0.55666666666666675       0.99999999999998146     
  0.56000000000000005        1.0000000000000062     
  0.56333333333333335        1.0000000000000115     
  0.56666666666666665        1.0000000000000056     
  0.57000000000000006       0.99999999999999900     
  0.57333333333333336       0.99999999999999567     
  0.57666666666666666       0.99999999999999001     
  0.58000000000000007       0.99999999999996303     
  0.58333333333333337       0.99999999999984523     
  0.58666666666666667       0.99999999999937295     
  0.59000000000000008       0.99999999999756950     
  0.59333333333333338       0.99999999999096023     
  0.59666666666666668       0.99999999996768185     
  0.60000000000000009       0.99999999988880928     
  0.60333333333333339       0.99999999963147357     
  0.60666666666666669       0.99999999882224599     
  0.60999999999999999       0.99999999636750203     
  0.61333333333333340       0.99999998917891764     
  0.61666666666666670       0.99999996884174991     
  0.62000000000000000       0.99999991322197590     
  0.62333333333333341       0.99999976608682195     
  0.62666666666666671       0.99999938939575028     
  0.63000000000000000       0.99999845561157552     
  0.63333333333333341       0.99999621333595667     
  0.63666666666666671       0.99999099561569360     
  0.64000000000000001       0.99997922580768805     
  0.64333333333333342       0.99995348145627416     
  0.64666666666666672       0.99989886475310930     
  0.65000000000000002       0.99978645953013923     
  0.65333333333333332       0.99956200381887050     
  0.65666666666666673       0.99912709111500653     
  0.66000000000000003       0.99830933783032905     
  0.66333333333333333       0.99681726929324921     
  0.66666666666666674       0.99417563219198624     
  0.67000000000000004       0.98963810965635324     
  0.67333333333333334       0.98207783407978877     
  0.67666666666666675       0.96986247780034673     
  0.68000000000000005       0.95073048716972774     
  0.68333333333333335       0.92169774485960598     
  0.68666666666666676       0.87903765156856029     
  0.69000000000000006       0.81838846351393257     
  0.69333333333333336       0.73504402030727867     
  0.69666666666666666       0.62447112286933937     
  0.70000000000000007       0.48306315338099703     
  0.70333333333333337       0.30908332056397531     
  0.70666666666666667       0.10367740879599298     
  0.71000000000000008      -0.12824049477576491     
  0.71333333333333337      -0.37748192347122006     
  0.71666666666666667      -0.63071817946441833     
  0.72000000000000008      -0.87145080301390720     
  0.72333333333333338       -1.0818677443790210     
  0.72666666666666668       -1.2454204421242612     
  0.73000000000000009       -1.3497193923167916     
  0.73333333333333339       -1.3891528744259503     
  0.73666666666666669       -1.3665607864303806     
  0.74000000000000010       -1.2934001963313797     
  0.74333333333333340       -1.1881330799837924     
  0.74666666666666670       -1.0729989950878436     
  0.75000000000000000      -0.96979532340639407     
  0.75333333333333341      -0.89563142367260584     
  0.75666666666666671      -0.85972038528300965     
  0.76000000000000001      -0.86205761619607724     
  0.76333333333333342      -0.89434393376747201     
  0.76666666666666672      -0.94287874467369104     
  0.77000000000000002      -0.99257635722226578     
  0.77333333333333343       -1.0309403333086165     
  0.77666666666666673       -1.0508825915794942     
  0.78000000000000003       -1.0516827596403826     
  0.78333333333333344       -1.0380064114977650     
  0.78666666666666674       -1.0175169226428251     
  0.79000000000000004      -0.99800905775084603     
  0.79333333333333333      -0.98503675976176408     
  0.79666666666666675      -0.98071322490091983     
  0.80000000000000004      -0.98386565890481470     
  0.80333333333333334      -0.99123319247576858     
  0.80666666666666675      -0.99908731600449741     
  0.81000000000000005       -1.0046209920214881     
  0.81333333333333335       -1.0066668780672423     
  0.81666666666666676       -1.0056442549997444     
  0.82000000000000006       -1.0029442742318180     
  0.82333333333333336       -1.0001270973036955     
  0.82666666666666677      -0.99828592030148988     
  0.83000000000000007      -0.99777765580933298     
  0.83333333333333337      -0.99832200963203988     
  0.83666666666666667      -0.99932189057771470     
  0.84000000000000008       -1.0002090565756119     
  0.84333333333333338       -1.0006652996432950     
  0.84666666666666668       -1.0006663796669797     
  0.85000000000000009       -1.0003875035209526     
  0.85333333333333339       -1.0000566226499279     
  0.85666666666666669      -0.99983681594931673     
  0.86000000000000010      -0.99977939523569892     
  0.86333333333333340      -0.99984371735611977     
  0.86666666666666670      -0.99995087838096131     
  0.87000000000000011       -1.0000344651766790     
  0.87333333333333341       -1.0000660629364271     
  0.87666666666666671       -1.0000531498610443     
  0.88000000000000000       -1.0000209520605041     
  0.88333333333333341      -0.99999314319709842     
  0.88666666666666671      -0.99998113658474419     
  0.89000000000000001      -0.99998373770429205     
  0.89333333333333342      -0.99999312311855837     
  0.89666666666666672       -1.0000015782381912     
  0.90000000000000002       -1.0000053032963028     
  0.90333333333333343       -1.0000045994957456     
  0.90666666666666673       -1.0000018847700158     
  0.91000000000000003      -0.99999949731478088     
  0.91333333333333344      -0.99999852012214185     
  0.91666666666666674      -0.99999879170740613     
  0.92000000000000004      -0.99999956847924987     
  0.92333333333333334       -1.0000001924981206     
  0.92666666666666675       -1.0000004037051553     
  0.93000000000000005       -1.0000002909988344     
  0.93333333333333335       -1.0000000762989110     
  0.93666666666666676      -0.99999992838928486     
  0.94000000000000006      -0.99999989551957047     
  0.94333333333333336      -0.99999993778469332     
  0.94666666666666677      -0.99999999317642485     
  0.95000000000000007       -1.0000000236475668     
  0.95333333333333337       -1.0000000247165810     
  0.95666666666666678       -1.0000000110459133     
  0.96000000000000008      -0.99999999822954122     
  0.96333333333333337      -0.99999999326257383     
  0.96666666666666667      -0.99999999489549840     
  0.97000000000000008      -0.99999999865485145     
  0.97333333333333338       -1.0000000011766590     
  0.97666666666666668       -1.0000000016249779     
  0.98000000000000009       -1.0000000008536232     
  0.98333333333333339      -0.99999999999147660     
  0.98666666666666669      -0.99999999961099528     
  0.99000000000000010      -0.99999999967924247     
  0.99333333333333340      -0.99999999990623090     
  0.99666666666666670       -1.0000000000637503     
