   0.0000000000000000        1.0001282665668261     
   3.3333333333333335E-003   1.0000851584889161     
   6.6666666666666671E-003   1.0000293797983661     
   1.0000000000000000E-002  0.99998058968268055     
   1.3333333333333334E-002  0.99995119484913364     
   1.6666666666666666E-002  0.99994455573501484     
   2.0000000000000000E-002  0.99995634627804419     
   2.3333333333333334E-002  0.99997787866535848     
   2.6666666666666668E-002  0.99999989332619854     
   3.0000000000000002E-002   1.0000155375899966     
   3.3333333333333333E-002   1.0000218216735979     
   3.6666666666666667E-002   1.0000194914941201     
   4.0000000000000001E-002   1.0000117690133175     
   4.3333333333333335E-002   1.0000026535233379     
   4.6666666666666669E-002  0.99999543871663099     
   5.0000000000000003E-002  0.99999186154256647     
   5.3333333333333337E-002  0.99999198643551057     
   5.6666666666666671E-002  0.99999466264108583     
   6.0000000000000005E-002  0.99999824853449637     
   6.3333333333333339E-002   1.0000012914372278     
   6.6666666666666666E-002   1.0000029506867036     
   7.0000000000000007E-002   1.0000030952372723     
   7.3333333333333334E-002   1.0000021349598582     
   7.6666666666666675E-002   1.0000007178796373     
   8.0000000000000002E-002  0.99999943355692233     
   8.3333333333333343E-002  0.99999862042472309     
   8.6666666666666670E-002  0.99999831034058118     
   9.0000000000000011E-002  0.99999828517561351     
   9.3333333333333338E-002  0.99999818636365378     
   9.6666666666666679E-002  0.99999761361016481     
  0.10000000000000001       0.99999616629103771     
  0.10333333333333335       0.99999340723266339     
  0.10666666666666667       0.99998875056254488     
  0.11000000000000000       0.99998128491082861     
  0.11333333333333334       0.99996953848547188     
  0.11666666666666667       0.99995117661006538     
  0.12000000000000001       0.99992260075572592     
  0.12333333333333334       0.99987839601771633     
  0.12666666666666668       0.99981055421325760     
  0.13000000000000000       0.99970738249852586     
  0.13333333333333333       0.99955199103489945     
  0.13666666666666669       0.99932023591176011     
  0.14000000000000001       0.99897797456649384     
  0.14333333333333334       0.99847747178158608     
  0.14666666666666667       0.99775277889823089     
  0.15000000000000002       0.99671390335626475     
  0.15333333333333335       0.99523959805531170     
  0.15666666666666668       0.99316863961116975     
  0.16000000000000000       0.99028954135406222     
  0.16333333333333333       0.98632877092430560     
  0.16666666666666669       0.98093772264806467     
  0.17000000000000001       0.97367893809578610     
  0.17333333333333334       0.96401237619520219     
  0.17666666666666667       0.95128290129430548     
  0.18000000000000002       0.93471056718726964     
  0.18333333333333335       0.91338569696330196     
  0.18666666666666668       0.88627114592409573     
  0.19000000000000000       0.85221442381846835     
  0.19333333333333336       0.80997246360919251     
  0.19666666666666668       0.75825166630237939     
  0.20000000000000001       0.69576533219919157     
  0.20333333333333334       0.62130962624280706     
  0.20666666666666669       0.53385776470348467     
  0.21000000000000002       0.43267014564499195     
  0.21333333333333335       0.31741573779803178     
  0.21666666666666667       0.18829733861405168     
  0.22000000000000000        4.6170555715209442E-002
  0.22333333333333336      -0.10735610455196495     
  0.22666666666666668      -0.26985442502603157     
  0.23000000000000001      -0.43805793037158924     
  0.23333333333333334      -0.60790558974447939     
  0.23666666666666669      -0.77465878712557490     
  0.24000000000000002      -0.93309746022485662     
  0.24333333333333335       -1.0777941148572312     
  0.24666666666666667       -1.2034555462144620     
  0.25000000000000000       -1.3053122955412386     
  0.25333333333333335       -1.3795262367969301     
  0.25666666666666671       -1.4235785830586760     
  0.26000000000000001       -1.4365955043057450     
  0.26333333333333336       -1.4195678451723717     
  0.26666666666666666       -1.3754261756299202     
  0.27000000000000002       -1.3089430632487069     
  0.27333333333333337       -1.2264506847399128     
  0.27666666666666667       -1.1353824321901276     
  0.28000000000000003       -1.0436698328871670     
  0.28333333333333333      -0.95904796202668052     
  0.28666666666666668      -0.88834025129745808     
  0.29000000000000004      -0.83680392869457376     
  0.29333333333333333      -0.80761765518978301     
  0.29666666666666669      -0.80158184133676680     
  0.30000000000000004      -0.81707985993488763     
  0.30333333333333334      -0.85031700358887496     
  0.30666666666666670      -0.89581742005805554     
  0.31000000000000000      -0.94712258524085302     
  0.31333333333333335      -0.99760393517231694     
  0.31666666666666671       -1.0412825107764239     
  0.32000000000000001       -1.0735439379532692     
  0.32333333333333336       -1.0916495838056388     
  0.32666666666666666       -1.0949733018768211     
  0.33000000000000002       -1.0849339239651885     
  0.33333333333333337       -1.0646402794559633     
  0.33666666666666667       -1.0383103059774001     
  0.34000000000000002       -1.0105609660443944     
  0.34333333333333338      -0.98568481422923127     
  0.34666666666666668      -0.96702848394027241     
  0.35000000000000003      -0.95656794622813068     
  0.35333333333333333      -0.95473872254355308     
  0.35666666666666669      -0.96053304366234127     
  0.36000000000000004      -0.97182887096097048     
  0.36333333333333334      -0.98587657524863737     
  0.36666666666666670      -0.99984516639739018     
  0.37000000000000005       -1.0113254735116566     
  0.37333333333333335       -1.0187028348991582     
  0.37666666666666671       -1.0213429347108707     
  0.38000000000000000       -1.0195745302704202     
  0.38333333333333336       -1.0144934218525603     
  0.38666666666666671       -1.0076448193368979     
  0.39000000000000001       -1.0006599655776651     
  0.39333333333333337      -0.99492451158927953     
  0.39666666666666667      -0.99134157420723390     
  0.40000000000000002      -0.99022598921306215     
  0.40333333333333338      -0.99133467156572663     
  0.40666666666666668      -0.99400855842595270     
  0.41000000000000003      -0.99738064343631494     
  0.41333333333333339       -1.0005959816556196     
  0.41666666666666669       -1.0029939602013063     
  0.42000000000000004       -1.0042182098102830     
  0.42333333333333334       -1.0042406284862690     
  0.42666666666666669       -1.0033074954889085     
  0.43000000000000005       -1.0018324570451915     
  0.43333333333333335       -1.0002698428117269     
  0.43666666666666670      -0.99900127027457120     
  0.44000000000000000      -0.99826013968470151     
  0.44333333333333336      -0.99810552748635673     
  0.44666666666666671      -0.99844305689248580     
  0.45000000000000001      -0.99907916531984020     
  0.45333333333333337      -0.99978921103910579     
  0.45666666666666672       -1.0003798071080230     
  0.46000000000000002       -1.0007307357181672     
  0.46333333333333337       -1.0008096936815600     
  0.46666666666666667       -1.0006614023436093     
  0.47000000000000003       -1.0003790266541166     
  0.47333333333333338       -1.0000689936076637     
  0.47666666666666668      -0.99981989781822167     
  0.48000000000000004      -0.99968296777594912     
  0.48333333333333334      -0.99966692798712486     
  0.48666666666666669      -0.99974557362965710     
  0.49000000000000005      -0.99987321319920197     
  0.49333333333333335       -1.0000019615611895     
  0.49666666666666670       -1.0000956287643634     
  0.50000000000000000       -1.0001370499758224     
  0.50333333333333341       -1.0001282665667550     
  0.50666666666666671       -1.0000851584887673     
  0.51000000000000001       -1.0000293797980577     
  0.51333333333333342      -0.99998058968204528     
  0.51666666666666672      -0.99995119484783490     
  0.52000000000000002      -0.99994455573238217     
  0.52333333333333332      -0.99995634627275165     
  0.52666666666666673      -0.99997787865480969     
  0.53000000000000003      -0.99999989330535455     
  0.53333333333333333       -1.0000155375491659     
  0.53666666666666674       -1.0000218215943091     
  0.54000000000000004       -1.0000194913414850     
  0.54333333333333333       -1.0000117687220373     
  0.54666666666666675       -1.0000026529722998     
  0.55000000000000004      -0.99999543768323895     
  0.55333333333333334      -0.99999185962142489     
  0.55666666666666675      -0.99999198289504176     
  0.56000000000000005      -0.99999465617315475     
  0.56333333333333335      -0.99999823682149003     
  0.56666666666666665       -1.0000012704108652     
  0.57000000000000006       -1.0000029132716592     
  0.57333333333333336       -1.0000030292428168     
  0.57666666666666666       -1.0000020195774650     
  0.58000000000000007       -1.0000005179240907     
  0.58333333333333337      -0.99999909009455756     
  0.58666666666666667      -0.99999803568095069     
  0.59000000000000008      -0.99999732365059379     
  0.59333333333333338      -0.99999663507159298     
  0.59666666666666668      -0.99999545145342250     
  0.60000000000000009      -0.99999312139619112     
  0.60333333333333339      -0.99998885411612659     
  0.60666666666666669      -0.99998161263018381     
  0.60999999999999999      -0.99996989884019716     
  0.61333333333333340      -0.99995142911703627     
  0.61666666666666670      -0.99992269024024838     
  0.62000000000000000      -0.99987834486951055     
  0.62333333333333341      -0.99981042877100823     
  0.62666666666666671      -0.99970725417368955     
  0.63000000000000000      -0.99955190824012818     
  0.63333333333333341      -0.99932021374535718     
  0.63666666666666671      -0.99897800034510875     
  0.64000000000000001      -0.99847751916792615     
  0.64333333333333342      -0.99775282246637287     
  0.64666666666666672      -0.99671392792271563     
  0.65000000000000002      -0.99523960095649266     
  0.65333333333333332      -0.99316862741175349     
  0.65666666666666673      -0.99028952412565430     
  0.66000000000000003      -0.98632875712983858     
  0.66333333333333333      -0.98093771641539396     
  0.66666666666666674      -0.97367893912942638     
  0.67000000000000004      -0.96401238145461055     
  0.67333333333333334      -0.95128290716672503     
  0.67666666666666675      -0.93471057112250677     
  0.68000000000000005      -0.91338569810748993     
  0.68333333333333335      -0.88627114485014624     
  0.68666666666666676      -0.85221442177992435     
  0.69000000000000006      -0.80997246178737137     
  0.69333333333333336      -0.75825166535426769     
  0.69666666666666666      -0.69576533218248460     
  0.70000000000000007      -0.62130962681312984     
  0.70333333333333337      -0.53385776540449936     
  0.70666666666666667      -0.43267014613807248     
  0.71000000000000008      -0.31741573795845801     
  0.71333333333333337      -0.18829733850263869     
  0.71666666666666667       -4.6170555483064764E-002
  0.72000000000000008       0.10735610476090471     
  0.72333333333333338       0.26985442513283886     
  0.72666666666666668       0.43805793037089991     
  0.73000000000000009       0.60790558967860142     
  0.73333333333333339       0.77465878704814362     
  0.73666666666666669       0.93309746017353234     
  0.74000000000000010        1.0777941148437264     
  0.74333333333333340        1.2034555462295908     
  0.74666666666666670        1.3053122955670533     
  0.75000000000000000        1.3795262368179493     
  0.75333333333333341        1.4235785830676611     
  0.75666666666666671        1.4365955043036098     
  0.76000000000000001        1.4195678451645470     
  0.76333333333333342        1.3754261756221622     
  0.76666666666666672        1.3089430632444208     
  0.77000000000000002        1.2264506847395844     
  0.77333333333333343        1.1353824321922814     
  0.77666666666666673        1.0436698328898197     
  0.78000000000000003       0.95904796202843567     
  0.78333333333333344       0.88834025129789673     
  0.78666666666666674       0.83680392869404430     
  0.79000000000000004       0.80761765518892914     
  0.79333333333333333       0.80158184133611254     
  0.79666666666666675       0.81707985993464782     
  0.80000000000000004       0.85031700358898499     
  0.80333333333333334       0.89581742005831688     
  0.80666666666666675       0.94712258524108095     
  0.81000000000000005       0.99760393517241974     
  0.81333333333333335        1.0412825107764068     
  0.81666666666666676        1.0735439379531915     
  0.82000000000000006        1.0916495838055622     
  0.82333333333333336        1.0949733018767804     
  0.82666666666666677        1.0849339239651878     
  0.83000000000000007        1.0646402794559853     
  0.83333333333333337        1.0383103059774248     
  0.83666666666666667        1.0105609660444086     
  0.84000000000000008       0.98568481422923293     
  0.84333333333333338       0.96702848394026597     
  0.84666666666666668       0.95656794622812269     
  0.85000000000000009       0.95473872254354764     
  0.85333333333333339       0.96053304366233916     
  0.85666666666666669       0.97182887096097059     
  0.86000000000000010       0.98587657524863781     
  0.86333333333333340       0.99984516639738963     
  0.86666666666666670        1.0113254735116550     
  0.87000000000000011        1.0187028348991560     
  0.87333333333333341        1.0213429347108687     
  0.87666666666666671        1.0195745302704191     
  0.88000000000000000        1.0144934218525603     
  0.88333333333333341        1.0076448193368983     
  0.88666666666666671        1.0006599655776658     
  0.89000000000000001       0.99492451158928041     
  0.89333333333333342       0.99134157420723468     
  0.89666666666666672       0.99022598921306282     
  0.90000000000000002       0.99133467156572719     
  0.90333333333333343       0.99400855842595315     
  0.90666666666666673       0.99738064343631527     
  0.91000000000000003        1.0005959816556200     
  0.91333333333333344        1.0029939602013067     
  0.91666666666666674        1.0042182098102834     
  0.92000000000000004        1.0042406284862693     
  0.92333333333333334        1.0033074954889081     
  0.92666666666666675        1.0018324570451913     
  0.93000000000000005        1.0002698428117267     
  0.93333333333333335       0.99900127027457120     
  0.93666666666666676       0.99826013968470129     
  0.94000000000000006       0.99810552748635639     
  0.94333333333333336       0.99844305689248536     
  0.94666666666666677       0.99907916531983965     
  0.95000000000000007       0.99978921103910523     
  0.95333333333333337        1.0003798071080223     
  0.95666666666666678        1.0007307357181667     
  0.96000000000000008        1.0008096936815598     
  0.96333333333333337        1.0006614023436093     
  0.96666666666666667        1.0003790266541170     
  0.97000000000000008        1.0000689936076641     
  0.97333333333333338       0.99981989781822234     
  0.97666666666666668       0.99968296777594956     
  0.98000000000000009       0.99966692798712564     
  0.98333333333333339       0.99974557362965877     
  0.98666666666666669       0.99987321319920575     
  0.99000000000000010        1.0000019615611975     
  0.99333333333333340        1.0000956287643796     
  0.99666666666666670        1.0001370499758564     
