   0.0000000000000000       -1.0000000000000000     
   3.3333333333333335E-003 -0.99999999999999978     
   6.6666666666666671E-003 -0.99999999999999989     
   1.0000000000000000E-002  -1.0000000000000000     
   1.3333333333333334E-002  -1.0000000000000000     
   1.6666666666666666E-002  -1.0000000000000000     
   2.0000000000000000E-002  -1.0000000000000000     
   2.3333333333333334E-002  -1.0000000000000000     
   2.6666666666666668E-002  -1.0000000000000000     
   3.0000000000000002E-002  -1.0000000000000000     
   3.3333333333333333E-002 -0.99999999999999989     
   3.6666666666666667E-002 -0.99999999999999922     
   4.0000000000000001E-002 -0.99999999999999467     
   4.3333333333333335E-002 -0.99999999999996825     
   4.6666666666666669E-002 -0.99999999999982236     
   5.0000000000000003E-002 -0.99999999999907285     
   5.3333333333333337E-002 -0.99999999999547118     
   5.6666666666666671E-002 -0.99999999997923661     
   6.0000000000000005E-002 -0.99999999991036614     
   6.3333333333333339E-002 -0.99999999963461961     
   6.6666666666666666E-002 -0.99999999859001787     
   7.0000000000000007E-002 -0.99999999483756574     
   7.3333333333333334E-002 -0.99999998203024787     
   7.6666666666666675E-002 -0.99999994042547524     
   8.0000000000000002E-002 -0.99999981158506468     
   8.3333333333333343E-002 -0.99999943069941899     
   8.6666666666666670E-002 -0.99999835444527818     
   9.0000000000000011E-002 -0.99999544441590849     
   9.3333333333333338E-002 -0.99998790787720948     
   9.6666666666666679E-002 -0.99996919600959600     
  0.10000000000000001      -0.99992462387741032     
  0.10333333333333335      -0.99982269549609248     
  0.10666666666666667      -0.99959879658231265     
  0.11000000000000000      -0.99912615748390843     
  0.11333333333333334      -0.99816702284061054     
  0.11666666666666667      -0.99629544418870697     
  0.12000000000000001      -0.99278328398695392     
  0.12333333333333334      -0.98644477412545561     
  0.12666666666666668      -0.97544457124487050     
  0.13000000000000000      -0.95709154493796422     
  0.13333333333333333      -0.92766557440849684     
  0.13666666666666669      -0.88235388542501692     
  0.14000000000000001      -0.81539830184559892     
  0.14333333333333334      -0.72056133772960484     
  0.14666666666666667      -0.59199070610692250     
  0.15000000000000002      -0.42548516831002742     
  0.15333333333333335      -0.22003825128850979     
  0.15666666666666668        2.0620449046890574E-002
  0.16000000000000000       0.28690961683742605     
  0.16333333333333333       0.56319508798741935     
  0.16666666666666669       0.82891632796317727     
  0.17000000000000001        1.0612006659204944     
  0.17333333333333334        1.2387178446683365     
  0.17666666666666667        1.3460616437720849     
  0.18000000000000002        1.3775788099106663     
  0.18333333333333335        1.3394695826242851     
  0.18666666666666668        1.2492725828469877     
  0.19000000000000000        1.1325078755723152     
  0.19333333333333336        1.0171178355702204     
  0.19666666666666668       0.92712663859193167     
  0.20000000000000001       0.87732436683874993     
  0.20333333333333334       0.87056938863613742     
  0.20666666666666669       0.89850798132412613     
  0.21000000000000002       0.94538919913865493     
  0.21333333333333335       0.99361914323913092     
  0.21666666666666667        1.0291564519273586     
  0.22000000000000000        1.0450174156575216     
  0.22333333333333336        1.0419609112651500     
  0.22666666666666668        1.0265210808833456     
  0.23000000000000001        1.0074941159428528     
  0.23333333333333334       0.99239787347976871     
  0.23666666666666669       0.98519125475592517     
  0.24000000000000002       0.98583317419374683     
  0.24333333333333335       0.99143571191459556     
  0.24666666666666667       0.99818777173936346     
  0.25000000000000000        1.0030994661032218     
  0.25333333333333335        1.0049154034366978     
  0.25666666666666671        1.0040532495746637     
  0.26000000000000001        1.0018733301482607     
  0.26333333333333336       0.99978810742244528     
  0.26666666666666666       0.99864437412147278     
  0.27000000000000002       0.99856138750551948     
  0.27333333333333337       0.99914674074125964     
  0.27666666666666667       0.99986446135636409     
  0.28000000000000003        1.0003335839560827     
  0.28333333333333333        1.0004431139854881     
  0.28666666666666668        1.0002962532209461     
  0.29000000000000004        1.0000743983883549     
  0.29333333333333333       0.99991748569012562     
  0.29666666666666669       0.99987307839581374     
  0.30000000000000004       0.99991221048284928     
  0.30333333333333334       0.99997699934241924     
  0.30666666666666670        1.0000226874729867     
  0.31000000000000000        1.0000347755158761     
  0.31333333333333335        1.0000229127060114     
  0.31666666666666671        1.0000048059302595     
  0.32000000000000001       0.99999309497654265     
  0.32333333333333336       0.99999093955244545     
  0.32666666666666666       0.99999479075713871     
  0.33000000000000002       0.99999954398270041     
  0.33333333333333337        1.0000021147475742     
  0.33666666666666667        1.0000021743349741     
  0.34000000000000002        1.0000009750170942     
  0.34333333333333338       0.99999984966452671     
  0.34666666666666668       0.99999940612860705     
  0.35000000000000003       0.99999954347337194     
  0.35333333333333333       0.99999987410055780     
  0.35666666666666669        1.0000001001441794     
  0.36000000000000004        1.0000001435078649     
  0.36333333333333334        1.0000000770783282     
  0.36666666666666670        1.0000000007774101     
  0.37000000000000005       0.99999996641558819     
  0.37333333333333335       0.99999997186810219     
  0.37666666666666671       0.99999999162429265     
  0.38000000000000000        1.0000000053986913     
  0.38333333333333336        1.0000000079418183     
  0.38666666666666671        1.0000000040189461     
  0.39000000000000001       0.99999999980671350     
  0.39333333333333337       0.99999999816061613     
  0.39666666666666667       0.99999999865732092     
  0.40000000000000002       0.99999999973175013     
  0.40333333333333338        1.0000000003475382     
  0.40666666666666668        1.0000000003707559     
  0.41000000000000003        1.0000000001357958     
  0.41333333333333339       0.99999999995146260     
  0.41666666666666669       0.99999999991038113     
  0.42000000000000004       0.99999999995422340     
  0.42333333333333334        1.0000000000023004     
  0.42666666666666669        1.0000000000194795     
  0.43000000000000005        1.0000000000128508     
  0.43333333333333335        1.0000000000014992     
  0.43666666666666670       0.99999999999613642     
  0.44000000000000000       0.99999999999677924     
  0.44333333333333336       0.99999999999926126     
  0.44666666666666671        1.0000000000007043     
  0.45000000000000001        1.0000000000007445     
  0.45333333333333337        1.0000000000002336     
  0.45666666666666672       0.99999999999988098     
  0.46000000000000002       0.99999999999983746     
  0.46333333333333337       0.99999999999993805     
  0.46666666666666667        1.0000000000000184     
  0.47000000000000003        1.0000000000000338     
  0.47333333333333338        1.0000000000000144     
  0.47666666666666668       0.99999999999999700     
  0.48000000000000004       0.99999999999999312     
  0.48333333333333334       0.99999999999999667     
  0.48666666666666669        1.0000000000000002     
  0.49000000000000005        1.0000000000000011     
  0.49333333333333335        1.0000000000000004     
  0.49666666666666670        1.0000000000000000     
  0.50000000000000000       0.99999999999999978     
  0.50333333333333341       0.99999999999999989     
  0.50666666666666671        1.0000000000000000     
  0.51000000000000001        1.0000000000000000     
  0.51333333333333342        1.0000000000000000     
  0.51666666666666672        1.0000000000000000     
  0.52000000000000002        1.0000000000000000     
  0.52333333333333332        1.0000000000000000     
  0.52666666666666673        1.0000000000000000     
  0.53000000000000003       0.99999999999999989     
  0.53333333333333333        1.0000000000000000     
  0.53666666666666674        1.0000000000000000     
  0.54000000000000004       0.99999999999999922     
  0.54333333333333333       0.99999999999999467     
  0.54666666666666675       0.99999999999996825     
  0.55000000000000004       0.99999999999982236     
  0.55333333333333334       0.99999999999907285     
  0.55666666666666675       0.99999999999547118     
  0.56000000000000005       0.99999999997923661     
  0.56333333333333335       0.99999999991036614     
  0.56666666666666665       0.99999999963461961     
  0.57000000000000006       0.99999999859001787     
  0.57333333333333336       0.99999999483756574     
  0.57666666666666666       0.99999998203024787     
  0.58000000000000007       0.99999994042547535     
  0.58333333333333337       0.99999981158506479     
  0.58666666666666667       0.99999943069941910     
  0.59000000000000008       0.99999835444527829     
  0.59333333333333338       0.99999544441590860     
  0.59666666666666668       0.99998790787720959     
  0.60000000000000009       0.99996919600959600     
  0.60333333333333339       0.99992462387741032     
  0.60666666666666669       0.99982269549609248     
  0.60999999999999999       0.99959879658231265     
  0.61333333333333340       0.99912615748390854     
  0.61666666666666670       0.99816702284061065     
  0.62000000000000000       0.99629544418870708     
  0.62333333333333341       0.99278328398695403     
  0.62666666666666671       0.98644477412545561     
  0.63000000000000000       0.97544457124487038     
  0.63333333333333341       0.95709154493796422     
  0.63666666666666671       0.92766557440849684     
  0.64000000000000001       0.88235388542501692     
  0.64333333333333342       0.81539830184559903     
  0.64666666666666672       0.72056133772960496     
  0.65000000000000002       0.59199070610692239     
  0.65333333333333332       0.42548516831002742     
  0.65666666666666673       0.22003825128850973     
  0.66000000000000003       -2.0620449046890560E-002
  0.66333333333333333      -0.28690961683742611     
  0.66666666666666674      -0.56319508798741935     
  0.67000000000000004      -0.82891632796317727     
  0.67333333333333334       -1.0612006659204944     
  0.67666666666666675       -1.2387178446683365     
  0.68000000000000005       -1.3460616437720849     
  0.68333333333333335       -1.3775788099106663     
  0.68666666666666676       -1.3394695826242851     
  0.69000000000000006       -1.2492725828469877     
  0.69333333333333336       -1.1325078755723152     
  0.69666666666666666       -1.0171178355702204     
  0.70000000000000007      -0.92712663859193167     
  0.70333333333333337      -0.87732436683874993     
  0.70666666666666667      -0.87056938863613742     
  0.71000000000000008      -0.89850798132412613     
  0.71333333333333337      -0.94538919913865493     
  0.71666666666666667      -0.99361914323913092     
  0.72000000000000008       -1.0291564519273586     
  0.72333333333333338       -1.0450174156575216     
  0.72666666666666668       -1.0419609112651500     
  0.73000000000000009       -1.0265210808833456     
  0.73333333333333339       -1.0074941159428528     
  0.73666666666666669      -0.99239787347976871     
  0.74000000000000010      -0.98519125475592517     
  0.74333333333333340      -0.98583317419374683     
  0.74666666666666670      -0.99143571191459556     
  0.75000000000000000      -0.99818777173936346     
  0.75333333333333341       -1.0030994661032218     
  0.75666666666666671       -1.0049154034366978     
  0.76000000000000001       -1.0040532495746637     
  0.76333333333333342       -1.0018733301482607     
  0.76666666666666672      -0.99978810742244528     
  0.77000000000000002      -0.99864437412147278     
  0.77333333333333343      -0.99856138750551948     
  0.77666666666666673      -0.99914674074125964     
  0.78000000000000003      -0.99986446135636409     
  0.78333333333333344       -1.0003335839560827     
  0.78666666666666674       -1.0004431139854881     
  0.79000000000000004       -1.0002962532209461     
  0.79333333333333333       -1.0000743983883549     
  0.79666666666666675      -0.99991748569012562     
  0.80000000000000004      -0.99987307839581374     
  0.80333333333333334      -0.99991221048284928     
  0.80666666666666675      -0.99997699934241924     
  0.81000000000000005       -1.0000226874729867     
  0.81333333333333335       -1.0000347755158761     
  0.81666666666666676       -1.0000229127060114     
  0.82000000000000006       -1.0000048059302595     
  0.82333333333333336      -0.99999309497654265     
  0.82666666666666677      -0.99999093955244545     
  0.83000000000000007      -0.99999479075713871     
  0.83333333333333337      -0.99999954398270041     
  0.83666666666666667       -1.0000021147475742     
  0.84000000000000008       -1.0000021743349741     
  0.84333333333333338       -1.0000009750170942     
  0.84666666666666668      -0.99999984966452671     
  0.85000000000000009      -0.99999940612860705     
  0.85333333333333339      -0.99999954347337194     
  0.85666666666666669      -0.99999987410055780     
  0.86000000000000010       -1.0000001001441794     
  0.86333333333333340       -1.0000001435078649     
  0.86666666666666670       -1.0000000770783282     
  0.87000000000000011       -1.0000000007774101     
  0.87333333333333341      -0.99999996641558819     
  0.87666666666666671      -0.99999997186810219     
  0.88000000000000000      -0.99999999162429265     
  0.88333333333333341       -1.0000000053986913     
  0.88666666666666671       -1.0000000079418183     
  0.89000000000000001       -1.0000000040189461     
  0.89333333333333342      -0.99999999980671350     
  0.89666666666666672      -0.99999999816061613     
  0.90000000000000002      -0.99999999865732092     
  0.90333333333333343      -0.99999999973175013     
  0.90666666666666673       -1.0000000003475382     
  0.91000000000000003       -1.0000000003707559     
  0.91333333333333344       -1.0000000001357958     
  0.91666666666666674      -0.99999999995146260     
  0.92000000000000004      -0.99999999991038113     
  0.92333333333333334      -0.99999999995422340     
  0.92666666666666675       -1.0000000000023004     
  0.93000000000000005       -1.0000000000194795     
  0.93333333333333335       -1.0000000000128508     
  0.93666666666666676       -1.0000000000014992     
  0.94000000000000006      -0.99999999999613642     
  0.94333333333333336      -0.99999999999677924     
  0.94666666666666677      -0.99999999999926126     
  0.95000000000000007       -1.0000000000007043     
  0.95333333333333337       -1.0000000000007445     
  0.95666666666666678       -1.0000000000002336     
  0.96000000000000008      -0.99999999999988098     
  0.96333333333333337      -0.99999999999983746     
  0.96666666666666667      -0.99999999999993805     
  0.97000000000000008       -1.0000000000000184     
  0.97333333333333338       -1.0000000000000338     
  0.97666666666666668       -1.0000000000000144     
  0.98000000000000009      -0.99999999999999700     
  0.98333333333333339      -0.99999999999999312     
  0.98666666666666669      -0.99999999999999667     
  0.99000000000000010       -1.0000000000000002     
  0.99333333333333340       -1.0000000000000011     
  0.99666666666666670       -1.0000000000000004     
