   0.0000000000000000      -0.98343859957063806     
   3.3333333333333335E-003 -0.99465736495801671     
   6.6666666666666671E-003  -1.0044071988790013     
   1.0000000000000000E-002  -1.0106040923788657     
   1.3333333333333334E-002  -1.0125174109333399     
   1.6666666666666666E-002  -1.0106860744578841     
   2.0000000000000000E-002  -1.0065126321789204     
   2.3333333333333334E-002  -1.0017020771677245     
   2.6666666666666668E-002 -0.99772933080414816     
   3.0000000000000002E-002 -0.99548043161558797     
   3.3333333333333333E-002 -0.99513686241080268     
   3.6666666666666667E-002 -0.99628836680077026     
   4.0000000000000001E-002 -0.99819415880296458     
   4.3333333333333335E-002  -1.0000830195049224     
   4.6666666666666669E-002  -1.0013926983601675     
   5.0000000000000003E-002  -1.0018883610957396     
   5.3333333333333337E-002  -1.0016506288240969     
   5.6666666666666671E-002  -1.0009673615991088     
   6.0000000000000005E-002  -1.0001867766257486     
   6.3333333333333339E-002 -0.99958895447039153     
   6.6666666666666666E-002 -0.99931335871171811     
   7.0000000000000007E-002 -0.99935226084684137     
   7.3333333333333334E-002 -0.99959525410187422     
   7.6666666666666675E-002 -0.99989626703222600     
   8.0000000000000002E-002  -1.0001339915515661     
   8.3333333333333343E-002  -1.0002464970300571     
   8.6666666666666670E-002  -1.0002350103925930     
   9.0000000000000011E-002  -1.0001442025909926     
   9.3333333333333338E-002  -1.0000327837596374     
   9.6666666666666679E-002 -0.99994789349355662     
  0.10000000000000001      -0.99991155637760931     
  0.10333333333333335      -0.99992061087398221     
  0.10666666666666667      -0.99995605459070014     
  0.11000000000000000      -0.99999538623093209     
  0.11333333333333334       -1.0000223096071639     
  0.11666666666666667       -1.0000309000148360     
  0.12000000000000001       -1.0000243835655038     
  0.12333333333333334       -1.0000107471118123     
  0.12666666666666668      -0.99999794791275343     
  0.13000000000000000      -0.99999076313060342     
  0.13333333333333333      -0.99998999640303943     
  0.13666666666666669      -0.99999356637903103     
  0.14000000000000001      -0.99999839011900127     
  0.14333333333333334       -1.0000020119597550     
  0.14666666666666667       -1.0000033908896286     
  0.15000000000000002       -1.0000028135094792     
  0.15333333333333335       -1.0000012800602500     
  0.15666666666666668      -0.99999981318117082     
  0.16000000000000000      -0.99999901293455096     
  0.16333333333333333      -0.99999895973741160     
  0.16666666666666669      -0.99999937902087854     
  0.17000000000000001      -0.99999989833402014     
  0.17333333333333334       -1.0000002491127136     
  0.17666666666666667       -1.0000003446780461     
  0.18000000000000002       -1.0000002468882694     
  0.18333333333333335       -1.0000000792225956     
  0.18666666666666668      -0.99999994632682365     
  0.19000000000000000      -0.99999989408534140     
  0.19333333333333336      -0.99999991254720333     
  0.19666666666666668      -0.99999996337083008     
  0.20000000000000001       -1.0000000092786085     
  0.20333333333333334       -1.0000000309801127     
  0.20666666666666669       -1.0000000287016644     
  0.21000000000000002       -1.0000000138787430     
  0.21333333333333335      -0.99999999899353853     
  0.21666666666666667      -0.99999999117556804     
  0.22000000000000000      -0.99999999107179349     
  0.22333333333333336      -0.99999999532482275     
  0.22666666666666668      -0.99999999993526656     
  0.23000000000000001       -1.0000000024916766     
  0.23333333333333334       -1.0000000026562363     
  0.23666666666666669       -1.0000000014139376     
  0.24000000000000002      -0.99999999998835620     
  0.24333333333333335      -0.99999999910192872     
  0.24666666666666667      -0.99999999878420098     
  0.25000000000000000      -0.99999999854737021     
  0.25333333333333335      -0.99999999759990565     
  0.25666666666666671      -0.99999999480873591     
  0.26000000000000001      -0.99999998820363634     
  0.26333333333333336      -0.99999997379963856     
  0.26666666666666666      -0.99999994329277697     
  0.27000000000000002      -0.99999987968082182     
  0.27333333333333337      -0.99999974895258470     
  0.27666666666666667      -0.99999948444024422     
  0.28000000000000003      -0.99999895781272485     
  0.28333333333333333      -0.99999792631232198     
  0.28666666666666668      -0.99999593865314740     
  0.29000000000000004      -0.99999217049540334     
  0.29333333333333333      -0.99998514249063819     
  0.29666666666666669      -0.99997224680212582     
  0.30000000000000004      -0.99994896833359803     
  0.30333333333333334      -0.99990763080816747     
  0.30666666666666670      -0.99983542161381622     
  0.31000000000000000      -0.99971135045723247     
  0.31333333333333335      -0.99950167578434801     
  0.31666666666666671      -0.99915319559445448     
  0.32000000000000001      -0.99858366053644221     
  0.32333333333333336      -0.99766845463107867     
  0.32666666666666666      -0.99622264669087546     
  0.33000000000000002      -0.99397760640943811     
  0.33333333333333337      -0.99055168405301608     
  0.33666666666666667      -0.98541506427806558     
  0.34000000000000002      -0.97784991287040746     
  0.34333333333333338      -0.96690840370893405     
  0.34666666666666668      -0.95137314500431669     
  0.35000000000000003      -0.92972681970288029     
  0.35333333333333333      -0.90014027102839178     
  0.35666666666666669      -0.86049037981419974     
  0.36000000000000004      -0.80842029230091783     
  0.36333333333333334      -0.74145411818986584     
  0.36666666666666670      -0.65717533691389107     
  0.37000000000000005      -0.55347215617781231     
  0.37333333333333335      -0.42884364282641613     
  0.37666666666666671      -0.28274788349691315     
  0.38000000000000000      -0.11595886461953335     
  0.38333333333333336        6.9115708568180556E-002
  0.38666666666666671       0.26821479658310859     
  0.39000000000000001       0.47516642460645009     
  0.39333333333333337       0.68205034407202347     
  0.39666666666666667       0.87962080697631684     
  0.40000000000000002        1.0579973948084851     
  0.40333333333333338        1.2075885717151777     
  0.40666666666666668        1.3201634460821390     
  0.41000000000000003        1.3899406767109390     
  0.41333333333333339        1.4145301087371396     
  0.41666666666666669        1.3955531603584201     
  0.42000000000000004        1.3387902168653094     
  0.42333333333333334        1.2537600524802204     
  0.42666666666666669        1.1527229644677368     
  0.43000000000000005        1.0492032038175159     
  0.43333333333333335       0.95622801374128674     
  0.43666666666666670       0.88455739061238770     
  0.44000000000000000       0.84120953593803083     
  0.44333333333333336       0.82855824544565637     
  0.44666666666666671       0.84418875012883399     
  0.45000000000000001       0.88156091522790025     
  0.45333333333333337       0.93136971270384072     
  0.45666666666666672       0.98334732289650506     
  0.46000000000000002        1.0281541512459684     
  0.46333333333333337        1.0589835732234296     
  0.46666666666666667        1.0725666955255853     
  0.47000000000000003        1.0693974921947549     
  0.47333333333333338        1.0531747974213603     
  0.47666666666666668        1.0296331522730209     
  0.48000000000000004        1.0050656644349651     
  0.48333333333333334       0.98489601193366660     
  0.48666666666666669       0.97262099252908429     
  0.49000000000000005       0.96933124669526360     
  0.49333333333333335       0.97385864232023855     
  0.49666666666666670       0.98343859957063773     
  0.50000000000000000       0.99465736495801649     
  0.50333333333333341        1.0044071988790013     
  0.50666666666666671        1.0106040923788655     
  0.51000000000000001        1.0125174109333395     
  0.51333333333333342        1.0106860744578834     
  0.51666666666666672        1.0065126321789200     
  0.52000000000000002        1.0017020771677243     
  0.52333333333333332       0.99772933080414783     
  0.52666666666666673       0.99548043161558764     
  0.53000000000000003       0.99513686241080235     
  0.53333333333333333       0.99628836680077004     
  0.53666666666666674       0.99819415880296458     
  0.54000000000000004        1.0000830195049228     
  0.54333333333333333        1.0013926983601680     
  0.54666666666666675        1.0018883610957401     
  0.55000000000000004        1.0016506288240978     
  0.55333333333333334        1.0009673615991090     
  0.55666666666666675        1.0001867766257488     
  0.56000000000000005       0.99958895447039153     
  0.56333333333333335       0.99931335871171778     
  0.56666666666666665       0.99935226084684092     
  0.57000000000000006       0.99959525410187366     
  0.57333333333333336       0.99989626703222556     
  0.57666666666666666        1.0001339915515659     
  0.58000000000000007        1.0002464970300573     
  0.58333333333333337        1.0002350103925930     
  0.58666666666666667        1.0001442025909928     
  0.59000000000000008        1.0000327837596377     
  0.59333333333333338       0.99994789349355684     
  0.59666666666666668       0.99991155637760931     
  0.60000000000000009       0.99992061087398221     
  0.60333333333333339       0.99995605459069969     
  0.60666666666666669       0.99999538623093165     
  0.60999999999999999        1.0000223096071637     
  0.61333333333333340        1.0000309000148357     
  0.61666666666666670        1.0000243835655036     
  0.62000000000000000        1.0000107471118123     
  0.62333333333333341       0.99999794791275343     
  0.62666666666666671       0.99999076313060342     
  0.63000000000000000       0.99998999640303954     
  0.63333333333333341       0.99999356637903114     
  0.63666666666666671       0.99999839011900116     
  0.64000000000000001        1.0000020119597550     
  0.64333333333333342        1.0000033908896286     
  0.64666666666666672        1.0000028135094792     
  0.65000000000000002        1.0000012800602502     
  0.65333333333333332       0.99999981318117137     
  0.65666666666666673       0.99999901293455140     
  0.66000000000000003       0.99999895973741171     
  0.66333333333333333       0.99999937902087854     
  0.66666666666666674       0.99999989833402014     
  0.67000000000000004        1.0000002491127133     
  0.67333333333333334        1.0000003446780461     
  0.67666666666666675        1.0000002468882692     
  0.68000000000000005        1.0000000792225956     
  0.68333333333333335       0.99999994632682376     
  0.68666666666666676       0.99999989408534140     
  0.69000000000000006       0.99999991254720333     
  0.69333333333333336       0.99999996337083008     
  0.69666666666666666        1.0000000092786090     
  0.70000000000000007        1.0000000309801138     
  0.70333333333333337        1.0000000287016677     
  0.70666666666666667        1.0000000138787537     
  0.71000000000000008       0.99999999899356928     
  0.71333333333333337       0.99999999117565397     
  0.71666666666666667       0.99999999107202742     
  0.72000000000000008       0.99999999532544714     
  0.72333333333333338       0.99999999993690225     
  0.72666666666666668        1.0000000024958851     
  0.73000000000000009        1.0000000026668781     
  0.73333333333333339        1.0000000014403829     
  0.73666666666666669        1.0000000000529550     
  0.74000000000000010       0.99999999925705951     
  0.74333333333333340       0.99999999915048499     
  0.74666666666666670       0.99999999939777162     
  0.75000000000000000       0.99999999954149132     
  0.75333333333333341       0.99999999916839144     
  0.75666666666666671       0.99999999783181970     
  0.76000000000000001       0.99999999471490075     
  0.76333333333333342       0.99999998798542034     
  0.76666666666666672       0.99999997362853410     
  0.77000000000000002       0.99999994323528318     
  0.77333333333333343       0.99999987971281612     
  0.77666666666666673       0.99999974901449140     
  0.78000000000000003       0.99999948448510156     
  0.78333333333333344       0.99999895782503634     
  0.78666666666666674       0.99999792630131557     
  0.79000000000000004       0.99999593863603864     
  0.79333333333333333       0.99999217048434097     
  0.79666666666666675       0.99998514248861026     
  0.80000000000000004       0.99997224680578023     
  0.80333333333333334       0.99994896833814217     
  0.80666666666666675       0.99990763081068357     
  0.81000000000000005       0.99983542161393757     
  0.81333333333333335       0.99971135045609005     
  0.81666666666666676       0.99950167578320659     
  0.82000000000000006       0.99915319559394600     
  0.82333333333333336       0.99858366053652925     
  0.82666666666666677       0.99766845463141052     
  0.83000000000000007       0.99622264669114147     
  0.83333333333333337       0.99397760640952237     
  0.83666666666666667       0.99055168405296423     
  0.84000000000000008       0.98541506427797709     
  0.84333333333333338       0.97784991287035150     
  0.84666666666666668       0.96690840370892595     
  0.85000000000000009       0.95137314500433645     
  0.85333333333333339       0.92972681970290216     
  0.85666666666666669       0.90014027102840222     
  0.86000000000000010       0.86049037981419862     
  0.86333333333333340       0.80842029230091217     
  0.86666666666666670       0.74145411818986129     
  0.87000000000000011       0.65717533691388963     
  0.87333333333333341       0.55347215617781331     
  0.87666666666666671       0.42884364282641746     
  0.88000000000000000       0.28274788349691393     
  0.88333333333333341       0.11595886461953325     
  0.88666666666666671       -6.9115708568181000E-002
  0.89000000000000001      -0.26821479658310904     
  0.89333333333333342      -0.47516642460645031     
  0.89666666666666672      -0.68205034407202347     
  0.90000000000000002      -0.87962080697631695     
  0.90333333333333343       -1.0579973948084853     
  0.90666666666666673       -1.2075885717151782     
  0.91000000000000003       -1.3201634460821396     
  0.91333333333333344       -1.3899406767109397     
  0.91666666666666674       -1.4145301087371400     
  0.92000000000000004       -1.3955531603584206     
  0.92333333333333334       -1.3387902168653092     
  0.92666666666666675       -1.2537600524802199     
  0.93000000000000005       -1.1527229644677364     
  0.93333333333333335       -1.0492032038175156     
  0.93666666666666676      -0.95622801374128652     
  0.94000000000000006      -0.88455739061238758     
  0.94333333333333336      -0.84120953593803072     
  0.94666666666666677      -0.82855824544565626     
  0.95000000000000007      -0.84418875012883376     
  0.95333333333333337      -0.88156091522790014     
  0.95666666666666678      -0.93136971270384061     
  0.96000000000000008      -0.98334732289650495     
  0.96333333333333337       -1.0281541512459682     
  0.96666666666666667       -1.0589835732234294     
  0.97000000000000008       -1.0725666955255846     
  0.97333333333333338       -1.0693974921947540     
  0.97666666666666668       -1.0531747974213590     
  0.98000000000000009       -1.0296331522730200     
  0.98333333333333339       -1.0050656644349643     
  0.98666666666666669      -0.98489601193366616     
  0.99000000000000010      -0.97262099252908407     
  0.99333333333333340      -0.96933124669526372     
  0.99666666666666670      -0.97385864232023878     
