   0.0000000000000000      -0.99979930569960374     
   3.3333333333333335E-003 -0.99950254675800176     
   6.6666666666666671E-003 -0.99948322823837432     
   1.0000000000000000E-002 -0.99965614852021378     
   1.3333333333333334E-002 -0.99989394184847424     
   1.6666666666666666E-002  -1.0000872023924245     
   2.0000000000000000E-002  -1.0001794126931127     
   2.3333333333333334E-002  -1.0001710333473770     
   2.6666666666666668E-002  -1.0001005921469894     
   3.0000000000000002E-002  -1.0000171957540789     
   3.3333333333333333E-002 -0.99995788420134513     
   3.6666666666666667E-002 -0.99993720877161107     
   4.0000000000000001E-002 -0.99994922792255592     
   4.3333333333333335E-002 -0.99997704638350116     
   4.6666666666666669E-002  -1.0000035189835075     
   5.0000000000000003E-002  -1.0000183418587545     
   5.3333333333333337E-002  -1.0000198306006056     
   5.6666666666666671E-002  -1.0000124770846781     
   6.0000000000000005E-002  -1.0000027877782549     
   6.3333333333333339E-002 -0.99999577800354333     
   6.6666666666666666E-002 -0.99999338932427972     
   7.0000000000000007E-002 -0.99999481888533470     
   7.3333333333333334E-002 -0.99999791912212110     
   7.6666666666666675E-002  -1.0000006583218497     
   8.0000000000000002E-002  -1.0000019729243732     
   8.3333333333333343E-002  -1.0000018603715717     
   8.6666666666666670E-002  -1.0000009594768708     
   9.0000000000000011E-002  -1.0000000050665840     
   9.3333333333333338E-002 -0.99999945446521610     
   9.6666666666666679E-002 -0.99999939036071017     
  0.10000000000000001      -0.99999963603349851     
  0.10333333333333335      -0.99999994473737708     
  0.10666666666666667       -1.0000001445497717     
  0.11000000000000000       -1.0000001882135927     
  0.11333333333333334       -1.0000001229907043     
  0.11666666666666667       -1.0000000278574117     
  0.12000000000000001      -0.99999996186953555     
  0.12333333333333334      -0.99999994410386672     
  0.12666666666666668      -0.99999996169467675     
  0.13000000000000000      -0.99999999010836349     
  0.13333333333333333       -1.0000000104018296     
  0.13666666666666669       -1.0000000161703979     
  0.14000000000000001       -1.0000000111688769     
  0.14333333333333334       -1.0000000028689309     
  0.14666666666666667      -0.99999999700008135     
  0.15000000000000002      -0.99999999542188223     
  0.15333333333333335      -0.99999999693707076     
  0.15666666666666668      -0.99999999931101624     
  0.16000000000000000       -1.0000000009079288     
  0.16333333333333333       -1.0000000012648431     
  0.16666666666666669       -1.0000000007866816     
  0.17000000000000001       -1.0000000001258393     
  0.17333333333333334      -0.99999999972017184     
  0.17666666666666667      -0.99999999966176167     
  0.18000000000000002      -0.99999999981233045     
  0.18333333333333335      -0.99999999998739275     
  0.18666666666666668       -1.0000000000767111     
  0.19000000000000000       -1.0000000000644651     
  0.19333333333333336      -0.99999999998248790     
  0.19666666666666668      -0.99999999984593158     
  0.20000000000000001      -0.99999999959552999     
  0.20333333333333334      -0.99999999902945513     
  0.20666666666666669      -0.99999999766388770     
  0.21000000000000002      -0.99999999440443466     
  0.21333333333333335      -0.99999998680449764     
  0.21666666666666667      -0.99999996946647352     
  0.22000000000000000      -0.99999993069720106     
  0.22333333333333336      -0.99999984567008249     
  0.22666666666666668      -0.99999966274156760     
  0.23000000000000001      -0.99999927665434574     
  0.23333333333333334      -0.99999847720275037     
  0.23666666666666669      -0.99999685306161457     
  0.24000000000000002      -0.99999361564420453     
  0.24333333333333335      -0.99998728380200808     
  0.24666666666666667      -0.99997513243720115     
  0.25000000000000000      -0.99995225093509177     
  0.25333333333333335      -0.99990997405768434     
  0.25666666666666671      -0.99983333189789536     
  0.26000000000000001      -0.99969701197808059     
  0.26333333333333336      -0.99945913622070026     
  0.26666666666666666      -0.99905193931671343     
  0.27000000000000002      -0.99836822096487621     
  0.27333333333333337      -0.99724228513310720     
  0.27666666666666667      -0.99542405893563335     
  0.28000000000000003      -0.99254532065989021     
  0.28333333333333333      -0.98807760974757874     
  0.28666666666666668      -0.98128260250748156     
  0.29000000000000004      -0.97115765453137737     
  0.29333333333333333      -0.95638189398012907     
  0.29666666666666669      -0.93527160610900240     
  0.30000000000000004      -0.90575735095416077     
  0.30333333333333334      -0.86539867154295802     
  0.30666666666666670      -0.81145441851116973     
  0.31000000000000000      -0.74102640387469609     
  0.31333333333333335      -0.65128996447598375     
  0.31666666666666671      -0.53981592952249058     
  0.32000000000000001      -0.40497393871985021     
  0.32333333333333336      -0.24638764559765045     
  0.32666666666666666       -6.5390182545091380E-002
  0.33000000000000002       0.13459281715017141     
  0.33333333333333337       0.34782004135023514     
  0.33666666666666667       0.56626084402133092     
  0.34000000000000002       0.77994521088459412     
  0.34333333333333338       0.97767488442925932     
  0.34666666666666668        1.1480766287346320     
  0.35000000000000003        1.2809084324829658     
  0.35333333333333333        1.3684576370577903     
  0.35666666666666669        1.4068128154599953     
  0.36000000000000004        1.3967662353191135     
  0.36333333333333334        1.3441252614155674     
  0.36666666666666670        1.2592854051218632     
  0.37000000000000005        1.1560392581671848     
  0.37333333333333335        1.0497451200834849     
  0.37666666666666671       0.95512617566394964     
  0.38000000000000000       0.88407952972305193     
  0.38333333333333336       0.84391159633876511     
  0.38666666666666671       0.83636280670837637     
  0.39000000000000001       0.85764188703890232     
  0.39333333333333337       0.89948356291360121     
  0.39666666666666667       0.95101917943093028     
  0.40000000000000002        1.0010629112856329     
  0.40333333333333338        1.0403175104624958     
  0.40666666666666668        1.0630233339952002     
  0.41000000000000003        1.0677124061358518     
  0.41333333333333339        1.0569522443681096     
  0.41666666666666669        1.0362136946393836     
  0.42000000000000004        1.0122056263536283     
  0.42333333333333334       0.99113042010902663     
  0.42666666666666669       0.97729929150475670     
  0.43000000000000005       0.97241428696612975     
  0.43333333333333335       0.97561729861583957     
  0.43666666666666670       0.98418931175914393     
  0.44000000000000000       0.99461918304340113     
  0.44333333333333336        1.0036945259604653     
  0.44666666666666671        1.0093088213037704     
  0.45000000000000001        1.0108052103267935     
  0.45333333333333337        1.0088405520372541     
  0.45666666666666672        1.0048983028620304     
  0.46000000000000002        1.0006625016141981     
  0.46333333333333337       0.99746952088491292     
  0.46666666666666667       0.99598955975815928     
  0.47000000000000003       0.99618791643143934     
  0.47333333333333338       0.99751658718280733     
  0.47666666666666668       0.99922244155466156     
  0.48000000000000004        1.0006444789091249     
  0.48333333333333334        1.0014046797471474     
  0.48666666666666669        1.0014547378803047     
  0.49000000000000005        1.0009990929714476     
  0.49333333333333335        1.0003525580535750     
  0.49666666666666670       0.99979930569960407     
  0.50000000000000000       0.99950254675800176     
  0.50333333333333341       0.99948322823837410     
  0.50666666666666671       0.99965614852021345     
  0.51000000000000001       0.99989394184847391     
  0.51333333333333342        1.0000872023924245     
  0.51666666666666672        1.0001794126931127     
  0.52000000000000002        1.0001710333473770     
  0.52333333333333332        1.0001005921469894     
  0.52666666666666673        1.0000171957540789     
  0.53000000000000003       0.99995788420134513     
  0.53333333333333333       0.99993720877161107     
  0.53666666666666674       0.99994922792255592     
  0.54000000000000004       0.99997704638350116     
  0.54333333333333333        1.0000035189835075     
  0.54666666666666675        1.0000183418587545     
  0.55000000000000004        1.0000198306006056     
  0.55333333333333334        1.0000124770846781     
  0.55666666666666675        1.0000027877782549     
  0.56000000000000005       0.99999577800354333     
  0.56333333333333335       0.99999338932427972     
  0.56666666666666665       0.99999481888533470     
  0.57000000000000006       0.99999791912212110     
  0.57333333333333336        1.0000006583218497     
  0.57666666666666666        1.0000019729243732     
  0.58000000000000007        1.0000018603715717     
  0.58333333333333337        1.0000009594768708     
  0.58666666666666667        1.0000000050665840     
  0.59000000000000008       0.99999945446521610     
  0.59333333333333338       0.99999939036071017     
  0.59666666666666668       0.99999963603349851     
  0.60000000000000009       0.99999994473737708     
  0.60333333333333339        1.0000001445497717     
  0.60666666666666669        1.0000001882135927     
  0.60999999999999999        1.0000001229907043     
  0.61333333333333340        1.0000000278574117     
  0.61666666666666670       0.99999996186953555     
  0.62000000000000000       0.99999994410386672     
  0.62333333333333341       0.99999996169467675     
  0.62666666666666671       0.99999999010836349     
  0.63000000000000000        1.0000000104018296     
  0.63333333333333341        1.0000000161703979     
  0.63666666666666671        1.0000000111688769     
  0.64000000000000001        1.0000000028689309     
  0.64333333333333342       0.99999999700008135     
  0.64666666666666672       0.99999999542188223     
  0.65000000000000002       0.99999999693707087     
  0.65333333333333332       0.99999999931101669     
  0.65666666666666673        1.0000000009079302     
  0.66000000000000003        1.0000000012648469     
  0.66333333333333333        1.0000000007866932     
  0.66666666666666674        1.0000000001258746     
  0.67000000000000004       0.99999999972027842     
  0.67333333333333334       0.99999999966207465     
  0.67666666666666675       0.99999999981322896     
  0.68000000000000005       0.99999999998991662     
  0.68333333333333335        1.0000000000836522     
  0.68666666666666676        1.0000000000831584     
  0.69000000000000006        1.0000000000317981     
  0.69333333333333336       0.99999999997337041     
  0.69666666666666666       0.99999999991826793     
  0.70000000000000007       0.99999999983050658     
  0.70333333333333337       0.99999999961285246     
  0.70666666666666667       0.99999999905331183     
  0.71000000000000008       0.99999999767762204     
  0.71333333333333337       0.99999999440550114     
  0.71666666666666667       0.99999998679878710     
  0.72000000000000008       0.99999996946070802     
  0.72333333333333338       0.99999993069468907     
  0.72666666666666668       0.99999984567057187     
  0.73000000000000009       0.99999966274321450     
  0.73333333333333339       0.99999927665559607     
  0.73666666666666669       0.99999847720308899     
  0.74000000000000010       0.99999685306132502     
  0.74333333333333340       0.99999361564378786     
  0.74666666666666670       0.99998728380177593     
  0.75000000000000000       0.99997513243719205     
  0.75333333333333341       0.99995225093519169     
  0.75666666666666671       0.99990997405777604     
  0.76000000000000001       0.99983333189792878     
  0.76333333333333342       0.99969701197806760     
  0.76666666666666672       0.99945913622067384     
  0.77000000000000002       0.99905193931669678     
  0.77333333333333343       0.99836822096487399     
  0.77666666666666673       0.99724228513311286     
  0.78000000000000003       0.99542405893563901     
  0.78333333333333344       0.99254532065989265     
  0.78666666666666674       0.98807760974757830     
  0.79000000000000004       0.98128260250748012     
  0.79333333333333333       0.97115765453137659     
  0.79666666666666675       0.95638189398012896     
  0.80000000000000004       0.93527160610900273     
  0.80333333333333334       0.90575735095416099     
  0.80666666666666675       0.86539867154295813     
  0.81000000000000005       0.81145441851116984     
  0.81333333333333335       0.74102640387469609     
  0.81666666666666676       0.65128996447598375     
  0.82000000000000006       0.53981592952249036     
  0.82333333333333336       0.40497393871985010     
  0.82666666666666677       0.24638764559765025     
  0.83000000000000007        6.5390182545091269E-002
  0.83333333333333337      -0.13459281715017149     
  0.83666666666666667      -0.34782004135023520     
  0.84000000000000008      -0.56626084402133103     
  0.84333333333333338      -0.77994521088459412     
  0.84666666666666668      -0.97767488442925932     
  0.85000000000000009       -1.1480766287346320     
  0.85333333333333339       -1.2809084324829658     
  0.85666666666666669       -1.3684576370577908     
  0.86000000000000010       -1.4068128154599955     
  0.86333333333333340       -1.3967662353191135     
  0.86666666666666670       -1.3441252614155672     
  0.87000000000000011       -1.2592854051218629     
  0.87333333333333341       -1.1560392581671843     
  0.87666666666666671       -1.0497451200834849     
  0.88000000000000000      -0.95512617566394986     
  0.88333333333333341      -0.88407952972305204     
  0.88666666666666671      -0.84391159633876534     
  0.89000000000000001      -0.83636280670837648     
  0.89333333333333342      -0.85764188703890254     
  0.89666666666666672      -0.89948356291360143     
  0.90000000000000002      -0.95101917943093039     
  0.90333333333333343       -1.0010629112856329     
  0.90666666666666673       -1.0403175104624953     
  0.91000000000000003       -1.0630233339951998     
  0.91333333333333344       -1.0677124061358512     
  0.91666666666666674       -1.0569522443681088     
  0.92000000000000004       -1.0362136946393827     
  0.92333333333333334       -1.0122056263536270     
  0.92666666666666675      -0.99113042010902619     
  0.93000000000000005      -0.97729929150475625     
  0.93333333333333335      -0.97241428696612975     
  0.93666666666666676      -0.97561729861583946     
  0.94000000000000006      -0.98418931175914404     
  0.94333333333333336      -0.99461918304340124     
  0.94666666666666677       -1.0036945259604653     
  0.95000000000000007       -1.0093088213037702     
  0.95333333333333337       -1.0108052103267930     
  0.95666666666666678       -1.0088405520372539     
  0.96000000000000008       -1.0048983028620304     
  0.96333333333333337       -1.0006625016141981     
  0.96666666666666667      -0.99746952088491336     
  0.97000000000000008      -0.99598955975815973     
  0.97333333333333338      -0.99618791643143978     
  0.97666666666666668      -0.99751658718280756     
  0.98000000000000009      -0.99922244155466200     
  0.98333333333333339       -1.0006444789091249     
  0.98666666666666669       -1.0014046797471479     
  0.99000000000000010       -1.0014547378803047     
  0.99333333333333340       -1.0009990929714474     
  0.99666666666666670       -1.0003525580535746     
