   0.0000000000000000       0.86900142633715194     
   3.3333333333333335E-003  0.82561225680668227     
   6.6666666666666671E-003  0.77096527852211960     
   1.0000000000000000E-002  0.70328180235854243     
   1.3333333333333334E-002  0.62089393721039898     
   1.6666666666666666E-002  0.52240284521949365     
   2.0000000000000000E-002  0.40686649407419390     
   2.3333333333333334E-002  0.27400641726970165     
   2.6666666666666668E-002  0.12441670860956425     
   3.0000000000000002E-002  -4.0247690007372224E-002
   3.3333333333333333E-002 -0.21713135118984284     
   3.6666666666666667E-002 -0.40211791562080856     
   4.0000000000000001E-002 -0.58987829723323271     
   4.3333333333333335E-002 -0.77405117819648139     
   4.6666666666666669E-002 -0.94756828789873060     
   5.0000000000000003E-002  -1.1031206849037147     
   5.3333333333333337E-002  -1.2337420362021230     
   5.6666666666666671E-002  -1.3334629768610937     
   6.0000000000000005E-002  -1.3979702714420088     
   6.3333333333333339E-002  -1.4251895480124224     
   6.6666666666666666E-002  -1.4157047377400938     
   7.0000000000000007E-002  -1.3729342032262641     
   7.3333333333333334E-002  -1.3030044991461520     
   7.6666666666666675E-002  -1.2142971308260371     
   8.0000000000000002E-002  -1.1166882251113528     
   8.3333333333333343E-002  -1.0205497429061252     
   8.6666666666666670E-002 -0.93562580226274328     
   9.0000000000000011E-002 -0.86993014112726730     
   9.3333333333333338E-002 -0.82882291071232328     
   9.6666666666666679E-002 -0.81441170567540766     
  0.10000000000000001      -0.82538206783713119     
  0.10333333333333335      -0.85730080289321497     
  0.10666666666666667      -0.90336047494242622     
  0.11000000000000000      -0.95545829795262771     
  0.11333333333333334       -1.0054417169862233     
  0.11666666666666667       -1.0463192127204557     
  0.12000000000000001       -1.0732367968695313     
  0.12333333333333334       -1.0840600784825167     
  0.12666666666666668       -1.0794726989641783     
  0.13000000000000000       -1.0625913153570339     
  0.13333333333333333       -1.0381874569112777     
  0.13666666666666669       -1.0116788403869936     
  0.14000000000000001      -0.98809171315887501     
  0.14333333333333334      -0.97119305907416176     
  0.14666666666666667      -0.96294777707364787     
  0.15000000000000002      -0.96338120875760769     
  0.15333333333333335      -0.97083870451231624     
  0.15666666666666668      -0.98255141510334276     
  0.16000000000000000      -0.99535954993434250     
  0.16333333333333333       -1.0064231042730605     
  0.16666666666666669       -1.0137685515709409     
  0.17000000000000001       -1.0165715687934833     
  0.17333333333333334       -1.0151461227660161     
  0.17666666666666667       -1.0106809887113843     
  0.18000000000000002       -1.0048187918864311     
  0.18333333333333335      -0.99919813560848725     
  0.18666666666666668      -0.99507262664586216     
  0.19000000000000000      -0.99308653600456831     
  0.19333333333333336      -0.99323700444199081     
  0.19666666666666668      -0.99500171813199045     
  0.20000000000000001      -0.99757226565204671     
  0.20333333333333334       -1.0001156307429184     
  0.20666666666666669       -1.0019914946730755     
  0.21000000000000002       -1.0028767010458703     
  0.21333333333333335       -1.0027813163937533     
  0.21666666666666667       -1.0019727046383879     
  0.22000000000000000       -1.0008461726208195     
  0.22333333333333336      -0.99978834402409367     
  0.22666666666666668      -0.99907267164188418     
  0.23000000000000001      -0.99880974195583450     
  0.23333333333333334      -0.99895485509719117     
  0.23666666666666669      -0.99935830642583234     
  0.24000000000000002      -0.99983434812370020     
  0.24333333333333335       -1.0002243832108331     
  0.24666666666666667       -1.0004369458257540     
  0.25000000000000000       -1.0004578587052491     
  0.25333333333333335       -1.0003345214089141     
  0.25666666666666671       -1.0001453381040124     
  0.26000000000000001      -0.99996735653704105     
  0.26333333333333336      -0.99985266942293938     
  0.26666666666666666      -0.99981882804882405     
  0.27000000000000002      -0.99985276280280211     
  0.27333333333333337      -0.99992347352494071     
  0.27666666666666667      -0.99999708500826145     
  0.28000000000000003       -1.0000487138246172     
  0.28333333333333333       -1.0000680800162787     
  0.28666666666666668       -1.0000586883082130     
  0.29000000000000004       -1.0000326172265841     
  0.29333333333333333       -1.0000039010581183     
  0.29666666666666669      -0.99998316188847725     
  0.30000000000000004      -0.99997498719183642     
  0.30333333333333334      -0.99997817650073040     
  0.30666666666666670      -0.99998793868530145     
  0.31000000000000000      -0.99999869238533501     
  0.31333333333333335       -1.0000062945326107     
  0.31666666666666671       -1.0000090689392460     
  0.32000000000000001       -1.0000076257747568     
  0.32333333333333336       -1.0000039063966939     
  0.32666666666666666       -1.0000000422730257     
  0.33000000000000002      -0.99999750721881520     
  0.33333333333333337      -0.99999678632951639     
  0.33666666666666667      -0.99999752215210980     
  0.34000000000000002      -0.99999893062317280     
  0.34333333333333338       -1.0000002419340352     
  0.34666666666666668       -1.0000009896343842     
  0.35000000000000003       -1.0000010863578772     
  0.35333333333333333       -1.0000007272505560     
  0.35666666666666669       -1.0000002160953125     
  0.36000000000000004      -0.99999980831357405     
  0.36333333333333334      -0.99999962716497592     
  0.36666666666666670      -0.99999966153210140     
  0.37000000000000005      -0.99999981818112038     
  0.37333333333333335      -0.99999998862653405     
  0.37666666666666671       -1.0000000984200976     
  0.38000000000000000       -1.0000001249066475     
  0.38333333333333336       -1.0000000872236563     
  0.38666666666666671       -1.0000000223810188     
  0.39000000000000001      -0.99999996203624353     
  0.39333333333333337      -0.99999991888152640     
  0.39666666666666667      -0.99999988393702854     
  0.40000000000000002      -0.99999983026525585     
  0.40333333333333338      -0.99999971629155360     
  0.40666666666666668      -0.99999948248176718     
  0.41000000000000003      -0.99999903678605417     
  0.41333333333333339      -0.99999822506591929     
  0.41666666666666669      -0.99999678135039871     
  0.42000000000000004      -0.99999424866916664     
  0.42333333333333334      -0.99998985431989729     
  0.42666666666666669      -0.99998231368108659     
  0.43000000000000005      -0.99996952363404668     
  0.43333333333333335      -0.99994808934918722     
  0.43666666666666670      -0.99991260528164150     
  0.44000000000000000      -0.99985458131560190     
  0.44333333333333336      -0.99976086708427137     
  0.44666666666666671      -0.99961138145487161     
  0.45000000000000001      -0.99937590137895049     
  0.45333333333333337      -0.99900960836048569     
  0.45666666666666672      -0.99844703837341364     
  0.46000000000000002      -0.99759404290044307     
  0.46333333333333337      -0.99631736052058639     
  0.46666666666666667      -0.99443144121253357     
  0.47000000000000003      -0.99168228545803960     
  0.47333333333333338      -0.98772828707556215     
  0.47666666666666668      -0.98211843244447572     
  0.48000000000000004      -0.97426873397898661     
  0.48333333333333334      -0.96343847360935553     
  0.48666666666666669      -0.94870869035459904     
  0.49000000000000005      -0.92896631763813131     
  0.49333333333333335      -0.90289836777058896     
  0.49666666666666670      -0.86900142634812494     
  0.50000000000000000      -0.82561225681387551     
  0.50333333333333341      -0.77096527852370522     
  0.50666666666666671      -0.70328180235626503     
  0.51000000000000001      -0.62089393720712749     
  0.51333333333333342      -0.52240284521729952     
  0.51666666666666672      -0.40686649407367820     
  0.52000000000000002      -0.27400641727035535     
  0.52333333333333332      -0.12441670861052409     
  0.52666666666666673        4.0247690006729758E-002
  0.53000000000000003       0.21713135118969554     
  0.53333333333333333       0.40211791562100169     
  0.53666666666666674       0.58987829723350971     
  0.54000000000000004       0.77405117819666180     
  0.54333333333333333       0.94756828789876713     
  0.54666666666666675        1.1031206849036559     
  0.55000000000000004        1.2337420362020439     
  0.55333333333333334        1.3334629768610442     
  0.55666666666666675        1.3979702714420010     
  0.56000000000000005        1.4251895480124395     
  0.56333333333333335        1.4157047377401153     
  0.56666666666666665        1.3729342032262759     
  0.57000000000000006        1.3030044991461525     
  0.57333333333333336        1.2142971308260313     
  0.57666666666666666        1.1166882251113464     
  0.58000000000000007        1.0205497429061219     
  0.58333333333333337       0.93562580226274339     
  0.58666666666666667       0.86993014112726874     
  0.59000000000000008       0.82882291071232495     
  0.59333333333333338       0.81441170567540833     
  0.59666666666666668       0.82538206783713119     
  0.60000000000000009       0.85730080289321442     
  0.60333333333333339       0.90336047494242555     
  0.60666666666666669       0.95545829795262738     
  0.60999999999999999        1.0054417169862235     
  0.61333333333333340        1.0463192127204561     
  0.61666666666666670        1.0732367968695318     
  0.62000000000000000        1.0840600784825172     
  0.62333333333333341        1.0794726989641787     
  0.62666666666666671        1.0625913153570352     
  0.63000000000000000        1.0381874569112788     
  0.63333333333333341        1.0116788403869950     
  0.63666666666666671       0.98809171315887590     
  0.64000000000000001       0.97119305907416231     
  0.64333333333333342       0.96294777707364787     
  0.64666666666666672       0.96338120875760724     
  0.65000000000000002       0.97083870451231535     
  0.65333333333333332       0.98255141510334165     
  0.65666666666666673       0.99535954993434161     
  0.66000000000000003        1.0064231042730596     
  0.66333333333333333        1.0137685515709400     
  0.66666666666666674        1.0165715687934824     
  0.67000000000000004        1.0151461227660152     
  0.67333333333333334        1.0106809887113835     
  0.67666666666666675        1.0048187918864304     
  0.68000000000000005       0.99919813560848714     
  0.68333333333333335       0.99507262664586238     
  0.68666666666666676       0.99308653600456875     
  0.69000000000000006       0.99323700444199126     
  0.69333333333333336       0.99500171813199101     
  0.69666666666666666       0.99757226565204737     
  0.70000000000000007        1.0001156307429191     
  0.70333333333333337        1.0019914946730759     
  0.70666666666666667        1.0028767010458710     
  0.71000000000000008        1.0027813163937542     
  0.71333333333333337        1.0019727046383884     
  0.71666666666666667        1.0008461726208200     
  0.72000000000000008       0.99978834402409378     
  0.72333333333333338       0.99907267164188407     
  0.72666666666666668       0.99880974195583438     
  0.73000000000000009       0.99895485509719106     
  0.73333333333333339       0.99935830642583234     
  0.73666666666666669       0.99983434812370020     
  0.74000000000000010        1.0002243832108331     
  0.74333333333333340        1.0004369458257543     
  0.74666666666666670        1.0004578587052491     
  0.75000000000000000        1.0003345214089137     
  0.75333333333333341        1.0001453381040120     
  0.75666666666666671       0.99996735653704072     
  0.76000000000000001       0.99985266942293860     
  0.76333333333333342       0.99981882804882327     
  0.76666666666666672       0.99985276280280111     
  0.77000000000000002       0.99992347352494004     
  0.77333333333333343       0.99999708500826079     
  0.77666666666666673        1.0000487138246168     
  0.78000000000000003        1.0000680800162784     
  0.78333333333333344        1.0000586883082132     
  0.78666666666666674        1.0000326172265850     
  0.79000000000000004        1.0000039010581192     
  0.79333333333333333       0.99998316188847802     
  0.79666666666666675       0.99997498719183719     
  0.80000000000000004       0.99997817650073106     
  0.80333333333333334       0.99998793868530222     
  0.80666666666666675       0.99999869238533556     
  0.81000000000000005        1.0000062945326114     
  0.81333333333333335        1.0000090689392469     
  0.81666666666666676        1.0000076257747583     
  0.82000000000000006        1.0000039063966968     
  0.82333333333333336        1.0000000422730313     
  0.82666666666666677       0.99999750721882796     
  0.83000000000000007       0.99999678632954725     
  0.83333333333333337       0.99999752215218340     
  0.83666666666666667       0.99999893062334611     
  0.84000000000000008        1.0000002419344389     
  0.84333333333333338        1.0000009896353133     
  0.84666666666666668        1.0000010863599860     
  0.85000000000000009        1.0000007272552853     
  0.85333333333333339        1.0000002161057884     
  0.85666666666666669       0.99999980833650137     
  0.86000000000000010       0.99999962721455460     
  0.86333333333333340       0.99999966163803400     
  0.86666666666666670       0.99999981840477070     
  0.87000000000000011       0.99999998909311349     
  0.87333333333333341        1.0000000993819469     
  0.87666666666666671        1.0000001268660417     
  0.88000000000000000        1.0000000911680167     
  0.88333333333333341        1.0000000302275294     
  0.88666666666666671       0.99999997746125768     
  0.89000000000000001       0.99999994884733068     
  0.89333333333333342       0.99999994146490789     
  0.89666666666666672       0.99999993940476317     
  0.90000000000000002       0.99999992090506828     
  0.90333333333333343       0.99999986156200948     
  0.90666666666666673       0.99999973079734683     
  0.91000000000000003       0.99999948061208477     
  0.91333333333333344       0.99999902585182243     
  0.91666666666666674       0.99999821342468986     
  0.92000000000000004       0.99999677435716661     
  0.92333333333333334       0.99999424751211996     
  0.92666666666666675       0.99998985714383271     
  0.93000000000000005       0.99998231761641654     
  0.93333333333333335       0.99996952647694926     
  0.93666666666666676       0.99994809027867759     
  0.94000000000000006       0.99991260467040799     
  0.94333333333333336       0.99985458007827177     
  0.94666666666666677       0.99976086604237246     
  0.95000000000000007       0.99961138100098790     
  0.95333333333333337       0.99937590147354316     
  0.95666666666666678       0.99900960872854871     
  0.96000000000000008       0.99844703872910057     
  0.96333333333333337       0.99759404308409627     
  0.96666666666666667       0.99631736052023057     
  0.97000000000000008       0.99443144110734949     
  0.97333333333333338       0.99168228534264979     
  0.97666666666666668       0.98772828700883764     
  0.98000000000000009       0.98211843243688279     
  0.98333333333333339       0.97426873400833014     
  0.98666666666666669       0.96343847364542567     
  0.99000000000000010       0.94870869037712624     
  0.99333333333333340       0.92896631764224136     
  0.99666666666666670       0.90289836776245869     
