   0.0000000000000000       0.95717258348207612     
   3.3333333333333335E-003  0.96921214859768445     
   6.6666666666666671E-003  0.98400098336310060     
   1.0000000000000000E-002  0.99887105842116841     
   1.3333333333333334E-002   1.0114857050310333     
   1.6666666666666666E-002   1.0201751238067727     
   2.0000000000000000E-002   1.0241294303893984     
   2.3333333333333334E-002   1.0234287684243437     
   2.6666666666666668E-002   1.0189198023473234     
   3.0000000000000002E-002   1.0119742699872005     
   3.3333333333333333E-002   1.0041834923958926     
   3.6666666666666667E-002  0.99704980433293522     
   4.0000000000000001E-002  0.99173106722926141     
   4.3333333333333335E-002  0.98887939923256185     
   4.6666666666666669E-002  0.98859358824982835     
   5.0000000000000003E-002  0.99048105989414770     
   5.3333333333333337E-002  0.99380457816449697     
   5.6666666666666671E-002  0.99767498791519704     
   6.0000000000000005E-002   1.0012465151543168     
   6.3333333333333339E-002   1.0038756213618294     
   6.6666666666666666E-002   1.0052163936140814     
   7.0000000000000007E-002   1.0052417250932826     
   7.3333333333333334E-002   1.0041962371551638     
   7.6666666666666675E-002   1.0025004042017587     
   8.0000000000000002E-002   1.0006330890653652     
   8.3333333333333343E-002  0.99902062469452668     
   8.6666666666666670E-002  0.99795525825352682     
   9.0000000000000011E-002  0.99755612164729990     
   9.3333333333333338E-002  0.99777459806613900     
   9.6666666666666679E-002  0.99843578101815189     
  0.10000000000000001       0.99930085401925517     
  0.10333333333333335        1.0001328071630686     
  0.10666666666666667        1.0007499124787063     
  0.11000000000000000        1.0010567212481722     
  0.11333333333333334        1.0010492839044312     
  0.11666666666666667        1.0007979347448830     
  0.12000000000000001        1.0004157690557576     
  0.12333333333333334        1.0000229840392822     
  0.12666666666666668       0.99971647803438968     
  0.13000000000000000       0.99955114164187420     
  0.13333333333333333       0.99953522022209673     
  0.13666666666666669       0.99963818050645747     
  0.14000000000000001       0.99980665984465744     
  0.14333333333333334       0.99998286092149480     
  0.14666666666666667        1.0001202089541661     
  0.15000000000000002        1.0001928012756918     
  0.15333333333333335        1.0001974769602942     
  0.15666666666666668        1.0001495031951317     
  0.16000000000000000        1.0000743611040566     
  0.16333333333333333       0.99999864520179660     
  0.16666666666666669       0.99994270467065516     
  0.17000000000000001       0.99991663274616027     
  0.17333333333333334       0.99991995720179083     
  0.17666666666666667       0.99994429258839190     
  0.18000000000000002       0.99997755558534196     
  0.18333333333333335        1.0000082157042396     
  0.18666666666666668        1.0000283822238683     
  0.19000000000000000        1.0000351259146396     
  0.19333333333333336        1.0000300729586062     
  0.19666666666666668        1.0000177954359488     
  0.20000000000000001        1.0000037491434801     
  0.20333333333333334       0.99999246594297930     
  0.20666666666666669       0.99998646662232249     
  0.21000000000000002       0.99998603686009624     
  0.21333333333333335       0.99998971819161753     
  0.21666666666666667       0.99999518758271677     
  0.22000000000000000        1.0000001611981044     
  0.22333333333333336        1.0000030390047474     
  0.22666666666666668        1.0000031540302456     
  0.23000000000000001        1.0000006421466576     
  0.23333333333333334       0.99999605652120749     
  0.23666666666666669       0.99998989164797747     
  0.24000000000000002       0.99998215804953661     
  0.24333333333333335       0.99997208267366611     
  0.24666666666666667       0.99995793177494074     
  0.25000000000000000       0.99993688891901433     
  0.25333333333333335       0.99990488552353995     
  0.25666666666666671       0.99985627639998464     
  0.26000000000000001       0.99978326878089152     
  0.26333333333333336       0.99967503606334107     
  0.26666666666666666       0.99951646381913561     
  0.27000000000000002       0.99928647775251012     
  0.27333333333333337       0.99895589043025557     
  0.27666666666666667       0.99848468096008691     
  0.28000000000000003       0.99781859799305783     
  0.28333333333333333       0.99688496073602173     
  0.28666666666666668       0.99558753288482948     
  0.29000000000000004       0.99380036605122346     
  0.29333333333333333       0.99136055592255357     
  0.29666666666666669       0.98805992861318837     
  0.30000000000000004       0.98363577884539144     
  0.30333333333333334       0.97776091823944000     
  0.30666666666666670       0.97003346303912752     
  0.31000000000000000       0.95996699591587187     
  0.31333333333333335       0.94698197181636079     
  0.31666666666666671       0.93039949257849586     
  0.32000000000000001       0.90943883053955366     
  0.32333333333333336       0.88322030966217790     
  0.32666666666666666       0.85077531657067929     
  0.33000000000000002       0.81106526803104306     
  0.33333333333333337       0.76301125527006053     
  0.33666666666666667       0.70553576783036498     
  0.34000000000000002       0.63761732476327804     
  0.34333333333333338       0.55835797700197709     
  0.34666666666666668       0.46706248309052950     
  0.35000000000000003       0.36332652561677203     
  0.35333333333333333       0.24712969461724921     
  0.35666666666666669       0.11892723279961126     
  0.36000000000000004       -2.0267117356977518E-002
  0.36333333333333334      -0.16881618923201297     
  0.36666666666666670      -0.32442224259507046     
  0.37000000000000005      -0.48412747356209185     
  0.37333333333333335      -0.64436106806264271     
  0.37666666666666671      -0.80103947168132672     
  0.38000000000000000      -0.94972305117041478     
  0.38333333333333336       -1.0858276070260533     
  0.38666666666666671       -1.2048835062058587     
  0.39000000000000001       -1.3028289749517299     
  0.39333333333333337       -1.3763179426941623     
  0.39666666666666667       -1.4230175231358269     
  0.40000000000000002       -1.4418665962866557     
  0.40333333333333338       -1.4332658277485744     
  0.40666666666666668       -1.3991714925538552     
  0.41000000000000003       -1.3430710449399552     
  0.41333333333333339       -1.2698274791534165     
  0.41666666666666669       -1.1853916628725225     
  0.42000000000000004       -1.0963959842540725     
  0.42333333333333334       -1.0096573570466780     
  0.42666666666666669      -0.93163105468587759     
  0.43000000000000005      -0.86786703756977934     
  0.43333333333333335      -0.82252557533987947     
  0.43666666666666670      -0.79800765781023442     
  0.44000000000000000      -0.79474725982655492     
  0.44333333333333336      -0.81119723553141010     
  0.44666666666666671      -0.84401976014313396     
  0.45000000000000001      -0.88846809048679221     
  0.45333333333333337      -0.93892202054166740     
  0.45666666666666672      -0.98951819021088439     
  0.46000000000000002       -1.0348016763354242     
  0.46333333333333337       -1.0703197100142647     
  0.46666666666666667       -1.0930834214298477     
  0.47000000000000003       -1.1018391897050011     
  0.47333333333333338       -1.0971157839264203     
  0.47666666666666668       -1.0810438006638514     
  0.48000000000000004       -1.0569755858366774     
  0.48333333333333334       -1.0289620464199267     
  0.48666666666666669       -1.0011629863309468     
  0.49000000000000005      -0.97727641516738328     
  0.49333333333333335      -0.96006800603486075     
  0.49666666666666670      -0.95106498311714882     
  0.50000000000000000      -0.95045181675997226     
  0.50333333333333341      -0.95717258348199674     
  0.50666666666666671      -0.96921214859757909     
  0.51000000000000001      -0.98400098336302666     
  0.51333333333333342      -0.99887105842114621     
  0.51666666666666672       -1.0114857050310522     
  0.52000000000000002       -1.0201751238068075     
  0.52333333333333332       -1.0241294303894277     
  0.52666666666666673       -1.0234287684243566     
  0.53000000000000003       -1.0189198023473209     
  0.53333333333333333       -1.0119742699871899     
  0.53666666666666674       -1.0041834923958814     
  0.54000000000000004      -0.99704980433292867     
  0.54333333333333333      -0.99173106722925997     
  0.54666666666666675      -0.98887939923256385     
  0.55000000000000004      -0.98859358824983112     
  0.55333333333333334      -0.99048105989414958     
  0.55666666666666675      -0.99380457816449708     
  0.56000000000000005      -0.99767498791519593     
  0.56333333333333335       -1.0012465151543155     
  0.56666666666666665       -1.0038756213618287     
  0.57000000000000006       -1.0052163936140810     
  0.57333333333333336       -1.0052417250932830     
  0.57666666666666666       -1.0041962371551645     
  0.58000000000000007       -1.0025004042017596     
  0.58333333333333337       -1.0006330890653656     
  0.58666666666666667      -0.99902062469452746     
  0.59000000000000008      -0.99795525825352782     
  0.59333333333333338      -0.99755612164730079     
  0.59666666666666668      -0.99777459806613955     
  0.60000000000000009      -0.99843578101815200     
  0.60333333333333339      -0.99930085401925495     
  0.60666666666666669       -1.0001328071630682     
  0.60999999999999999       -1.0007499124787043     
  0.61333333333333340       -1.0010567212481682     
  0.61666666666666670       -1.0010492839044223     
  0.62000000000000000       -1.0007979347448650     
  0.62333333333333341       -1.0004157690557209     
  0.62666666666666671       -1.0000229840392096     
  0.63000000000000000      -0.99971647803424635     
  0.63333333333333341      -0.99955114164159287     
  0.63666666666666671      -0.99953522022154695     
  0.64000000000000001      -0.99963818050539044     
  0.64333333333333342      -0.99980665984260064     
  0.64666666666666672      -0.99998286091755806     
  0.65000000000000002       -1.0001202089466859     
  0.65333333333333332       -1.0001928012615813     
  0.65666666666666673       -1.0001974769338700     
  0.66000000000000003       -1.0001495031460081     
  0.66333333333333333       -1.0000743610134009     
  0.66666666666666674      -0.99999864503571689     
  0.67000000000000004      -0.99994270436862598     
  0.67333333333333334      -0.99991663220091975     
  0.67666666666666675      -0.99991995622471230     
  0.68000000000000005      -0.99994429085031811     
  0.68333333333333335      -0.99997755251632814     
  0.68666666666666676       -1.0000082103250658     
  0.69000000000000006       -1.0000283728652435     
  0.69333333333333336       -1.0000351097531561     
  0.69666666666666666       -1.0000300452563200     
  0.70000000000000007       -1.0000177483049077     
  0.70333333333333337       -1.0000036695556447     
  0.70666666666666667      -0.99999233255240916     
  0.71000000000000008      -0.99998624473515263     
  0.71333333333333337      -0.99998567054315668     
  0.71666666666666667      -0.99998911800275370     
  0.72000000000000008      -0.99999421166643754     
  0.72333333333333338      -0.99999858642626427     
  0.72666666666666668       -1.0000005173301425     
  0.73000000000000009      -0.99999914710039561     
  0.73333333333333339      -0.99999432429069079     
  0.73666666666666669      -0.99998617222007391     
  0.74000000000000010      -0.99997454822055609     
  0.74333333333333340      -0.99995852717858014     
  0.74666666666666670      -0.99993597516228316     
  0.75000000000000000      -0.99990319815952766     
  0.75333333333333341      -0.99985458389089832     
  0.75666666666666671      -0.99978211624808100     
  0.76000000000000001      -0.99967463368067577     
  0.76333333333333342      -0.99951671583436219     
  0.76666666666666672      -0.99928710318146474     
  0.77000000000000002      -0.99895656983083969     
  0.77333333333333343      -0.99848517333198783     
  0.77666666666666673      -0.99781879748626523     
  0.78000000000000003      -0.99688489155257232     
  0.78333333333333344      -0.99558730200772649     
  0.78666666666666674      -0.99380010207590674     
  0.79000000000000004      -0.99136035884493867     
  0.79333333333333333      -0.98805984447893946     
  0.79666666666666675      -0.98363580057041000     
  0.80000000000000004      -0.97776100449395120     
  0.80333333333333334      -0.97003356321718570     
  0.80666666666666675      -0.95996707065133868     
  0.81000000000000005      -0.94698200321843062     
  0.81333333333333335      -0.93039948373198722     
  0.81666666666666676      -0.90943879775028535     
  0.82000000000000006      -0.88322027244694168     
  0.82333333333333336      -0.85077528966608207     
  0.82666666666666677      -0.81106525765498705     
  0.83000000000000007      -0.76301125964494254     
  0.83333333333333337      -0.70553578043088494     
  0.83666666666666667      -0.63761733824177980     
  0.84000000000000008      -0.55835798614107213     
  0.84333333333333338      -0.46706248601215505     
  0.84666666666666668      -0.36332652336504528     
  0.85000000000000009      -0.24712968979725658     
  0.85333333333333339      -0.11892722808613872     
  0.85666666666666669        2.0267120241253878E-002
  0.86000000000000010       0.16881618984026350     
  0.86333333333333340       0.32442224149106652     
  0.86666666666666670       0.48412747176217347     
  0.87000000000000011       0.64436106649470259     
  0.87333333333333341       0.80103947086147020     
  0.87666666666666671       0.94972305114773403     
  0.88000000000000000        1.0858276075259157     
  0.88333333333333341        1.2048835068488080     
  0.88666666666666671        1.3028289754372675     
  0.89000000000000001        1.3763179428899242     
  0.89333333333333342        1.4230175230699349     
  0.89666666666666672        1.4418665960797874     
  0.90000000000000002        1.4332658275334929     
  0.90333333333333343        1.3991714924186032     
  0.90666666666666673        1.3430710449089598     
  0.91000000000000003        1.2698274792006745     
  0.91333333333333344        1.1853916629502397     
  0.91666666666666674        1.0963959843197595     
  0.92000000000000004        1.0096573570783374     
  0.92333333333333334       0.93163105468340401     
  0.92666666666666675       0.86786703754696204     
  0.93000000000000005       0.82252557531366277     
  0.93333333333333335       0.79800765779262250     
  0.93666666666666676       0.79474725982151873     
  0.94000000000000006       0.81119723553624767     
  0.94333333333333336       0.84401976015208235     
  0.94666666666666677       0.88846809049456676     
  0.95000000000000007       0.93892202054548179     
  0.95333333333333337       0.98951819021066967     
  0.95666666666666678        1.0348016763328260     
  0.96000000000000008        1.0703197100112991     
  0.96333333333333337        1.0930834214279086     
  0.96666666666666667        1.1018391897045088     
  0.97000000000000008        1.0971157839270178     
  0.97333333333333338        1.0810438006648559     
  0.97666666666666668        1.0569755858374990     
  0.98000000000000009        1.0289620464202847     
  0.98333333333333339        1.0011629863308709     
  0.98666666666666669       0.97727641516707853     
  0.99000000000000010       0.96006800603455011     
  0.99333333333333340       0.95106498311696930     
  0.99666666666666670       0.95045181675994894     
