   0.0000000000000000       -1.0000000000000009     
   3.3333333333333335E-003  -1.0000000000000002     
   6.6666666666666671E-003 -0.99999999999999978     
   1.0000000000000000E-002 -0.99999999999999978     
   1.3333333333333334E-002  -1.0000000000000000     
   1.6666666666666666E-002  -1.0000000000000000     
   2.0000000000000000E-002  -1.0000000000000000     
   2.3333333333333334E-002  -1.0000000000000000     
   2.6666666666666668E-002  -1.0000000000000000     
   3.0000000000000002E-002  -1.0000000000000000     
   3.3333333333333333E-002  -1.0000000000000000     
   3.6666666666666667E-002 -0.99999999999999978     
   4.0000000000000001E-002 -0.99999999999999822     
   4.3333333333333335E-002 -0.99999999999998856     
   4.6666666666666669E-002 -0.99999999999993583     
   5.0000000000000003E-002 -0.99999999999965838     
   5.3333333333333337E-002 -0.99999999999829881     
   5.6666666666666671E-002 -0.99999999999204436     
   6.0000000000000005E-002 -0.99999999996496503     
   6.3333333333333339E-002 -0.99999999985428878     
   6.6666666666666666E-002 -0.99999999942622597     
   7.0000000000000007E-002 -0.99999999785598526     
   7.3333333333333334E-002 -0.99999999238215220     
   7.6666666666666675E-002 -0.99999997421639630     
   8.0000000000000002E-002 -0.99999991673316124     
   8.3333333333333343E-002 -0.99999974304426942     
   8.6666666666666670E-002 -0.99999924128131779     
   9.0000000000000011E-002 -0.99999785383999851     
   9.3333333333333338E-002 -0.99999417797146350     
   9.6666666666666679E-002 -0.99998483845429931     
  0.10000000000000001      -0.99996206384989328     
  0.10333333333333335      -0.99990872575501344     
  0.10666666666666667      -0.99978868194978687     
  0.11000000000000000      -0.99952892270027971     
  0.11333333333333334      -0.99898828905419401     
  0.11666666666666667      -0.99790569514278338     
  0.12000000000000001      -0.99581954826669028     
  0.12333333333333334      -0.99195069947016024     
  0.12666666666666668      -0.98504562935498485     
  0.13000000000000000      -0.97318679213946524     
  0.13333333333333333      -0.95359465923451237     
  0.13666666666666669      -0.92247065753613133     
  0.14000000000000001      -0.87495794654006476     
  0.14333333333333334      -0.80531901310352172     
  0.14666666666666667      -0.70743184280384119     
  0.15000000000000002      -0.57567439673483844     
  0.15333333333333335      -0.40618859865037299     
  0.15666666666666668      -0.19839048612793247     
  0.16000000000000000        4.3556846408696170E-002
  0.16333333333333333       0.30972261203233153     
  0.16666666666666669       0.58430792474682003     
  0.17000000000000001       0.84684831312677189     
  0.17333333333333334        1.0748482924924139     
  0.17666666666666667        1.2475811632744775     
  0.18000000000000002        1.3503441095544102     
  0.18333333333333335        1.3781191811991347     
  0.18666666666666668        1.3375153662066983     
  0.19000000000000000        1.2461589928894226     
  0.19333333333333336        1.1293423606204269     
  0.19666666666666668        1.0145705292643408     
  0.20000000000000001       0.92538789977836278     
  0.20333333333333334       0.87622577376357069     
  0.20666666666666669       0.86980112837665635     
  0.21000000000000002       0.89783178743569525     
  0.21333333333333335       0.94475748211864474     
  0.21666666666666667       0.99316210421266526     
  0.22000000000000000        1.0290647018866554     
  0.22333333333333336        1.0453956361163530     
  0.22666666666666668        1.0427354170766536     
  0.23000000000000001        1.0274491433079656     
  0.23333333333333334        1.0082658729222698     
  0.23666666666666669       0.99277350333624581     
  0.24000000000000002       0.98510138889124610     
  0.24333333333333335       0.98539454267785875     
  0.24666666666666667       0.99088097745268489     
  0.25000000000000000       0.99775162924303551     
  0.25333333333333335        1.0029200819491244     
  0.25666666666666671        1.0049951357892224     
  0.26000000000000001        1.0042872179064406     
  0.26333333333333336        1.0021200017185876     
  0.26666666666666666       0.99994037306171213     
  0.27000000000000002       0.99866762768468165     
  0.27333333333333337       0.99848843126775733     
  0.27666666666666667       0.99904282682835488     
  0.28000000000000003       0.99978719879989497     
  0.28333333333333333        1.0003085456125960     
  0.28666666666666668        1.0004624452646877     
  0.29000000000000004        1.0003339373435152     
  0.29333333333333333        1.0001052970447808     
  0.29666666666666669       0.99992934868668903     
  0.30000000000000004       0.99986781346376130     
  0.30333333333333334       0.99989951393626919     
  0.30666666666666670       0.99996638570058294     
  0.31000000000000000        1.0000186719624173     
  0.31333333333333335        1.0000365610805939     
  0.31666666666666671        1.0000270096930608     
  0.32000000000000001        1.0000080199027086     
  0.32333333333333336       0.99999411341323119     
  0.32666666666666666       0.99999022311350860     
  0.33000000000000002       0.99999353705492144     
  0.33333333333333337       0.99999869540681452     
  0.33666666666666667        1.0000019491734271     
  0.34000000000000002        1.0000024551679121     
  0.34333333333333338        1.0000013257658609     
  0.34666666666666668        1.0000000356897281     
  0.35000000000000003       0.99999940230903817     
  0.35333333333333333       0.99999944746018932     
  0.35666666666666669       0.99999978891515817     
  0.36000000000000004        1.0000000705421357     
  0.36333333333333334        1.0000001583824452     
  0.36666666666666670        1.0000001043179356     
  0.37000000000000005        1.0000000174132266     
  0.37333333333333335       0.99999996793590196     
  0.37666666666666671       0.99999996541703995     
  0.38000000000000000       0.99999998548131375     
  0.38333333333333336        1.0000000032197964     
  0.38666666666666671        1.0000000089256749     
  0.39000000000000001        1.0000000058036402     
  0.39333333333333337        1.0000000008148222     
  0.39666666666666667       0.99999999818120355     
  0.40000000000000002       0.99999999823202890     
  0.40333333333333338       0.99999999938804918     
  0.40666666666666668        1.0000000002628433     
  0.41000000000000003        1.0000000004522347     
  0.41333333333333339        1.0000000002340059     
  0.41666666666666669       0.99999999999160205     
  0.42000000000000004       0.99999999989953914     
  0.42333333333333334       0.99999999992955479     
  0.42666666666666669       0.99999999998858502     
  0.43000000000000005        1.0000000000195217     
  0.43333333333333335        1.0000000000184248     
  0.43666666666666670        1.0000000000054743     
  0.44000000000000000       0.99999999999673839     
  0.44333333333333336       0.99999999999563227     
  0.44666666666666671       0.99999999999822620     
  0.45000000000000001        1.0000000000004361     
  0.45333333333333337        1.0000000000009610     
  0.45666666666666672        1.0000000000004832     
  0.46000000000000002       0.99999999999996647     
  0.46333333333333337       0.99999999999980005     
  0.46666666666666667       0.99999999999988132     
  0.47000000000000003       0.99999999999999534     
  0.47333333333333338        1.0000000000000397     
  0.47666666666666668        1.0000000000000269     
  0.48000000000000004        1.0000000000000027     
  0.48333333333333334       0.99999999999999212     
  0.48666666666666669       0.99999999999999412     
  0.49000000000000005       0.99999999999999889     
  0.49333333333333335        1.0000000000000013     
  0.49666666666666670        1.0000000000000009     
  0.50000000000000000        1.0000000000000002     
  0.50333333333333341       0.99999999999999978     
  0.50666666666666671       0.99999999999999978     
  0.51000000000000001        1.0000000000000000     
  0.51333333333333342        1.0000000000000000     
  0.51666666666666672        1.0000000000000000     
  0.52000000000000002        1.0000000000000000     
  0.52333333333333332        1.0000000000000000     
  0.52666666666666673        1.0000000000000000     
  0.53000000000000003        1.0000000000000000     
  0.53333333333333333        1.0000000000000000     
  0.53666666666666674        1.0000000000000000     
  0.54000000000000004       0.99999999999999978     
  0.54333333333333333       0.99999999999999811     
  0.54666666666666675       0.99999999999998856     
  0.55000000000000004       0.99999999999993583     
  0.55333333333333334       0.99999999999965838     
  0.55666666666666675       0.99999999999829881     
  0.56000000000000005       0.99999999999204436     
  0.56333333333333335       0.99999999996496503     
  0.56666666666666665       0.99999999985428878     
  0.57000000000000006       0.99999999942622597     
  0.57333333333333336       0.99999999785598526     
  0.57666666666666666       0.99999999238215220     
  0.58000000000000007       0.99999997421639641     
  0.58333333333333337       0.99999991673316158     
  0.58666666666666667       0.99999974304426964     
  0.59000000000000008       0.99999924128131767     
  0.59333333333333338       0.99999785383999851     
  0.59666666666666668       0.99999417797146362     
  0.60000000000000009       0.99998483845429942     
  0.60333333333333339       0.99996206384989328     
  0.60666666666666669       0.99990872575501344     
  0.60999999999999999       0.99978868194978687     
  0.61333333333333340       0.99952892270027960     
  0.61666666666666670       0.99898828905419401     
  0.62000000000000000       0.99790569514278349     
  0.62333333333333341       0.99581954826669050     
  0.62666666666666671       0.99195069947016035     
  0.63000000000000000       0.98504562935498496     
  0.63333333333333341       0.97318679213946524     
  0.63666666666666671       0.95359465923451225     
  0.64000000000000001       0.92247065753613133     
  0.64333333333333342       0.87495794654006476     
  0.64666666666666672       0.80531901310352183     
  0.65000000000000002       0.70743184280384119     
  0.65333333333333332       0.57567439673483844     
  0.65666666666666673       0.40618859865037293     
  0.66000000000000003       0.19839048612793247     
  0.66333333333333333       -4.3556846408696184E-002
  0.66666666666666674      -0.30972261203233153     
  0.67000000000000004      -0.58430792474682003     
  0.67333333333333334      -0.84684831312677189     
  0.67666666666666675       -1.0748482924924139     
  0.68000000000000005       -1.2475811632744775     
  0.68333333333333335       -1.3503441095544102     
  0.68666666666666676       -1.3781191811991347     
  0.69000000000000006       -1.3375153662066983     
  0.69333333333333336       -1.2461589928894226     
  0.69666666666666666       -1.1293423606204269     
  0.70000000000000007       -1.0145705292643408     
  0.70333333333333337      -0.92538789977836278     
  0.70666666666666667      -0.87622577376357069     
  0.71000000000000008      -0.86980112837665635     
  0.71333333333333337      -0.89783178743569525     
  0.71666666666666667      -0.94475748211864474     
  0.72000000000000008      -0.99316210421266526     
  0.72333333333333338       -1.0290647018866554     
  0.72666666666666668       -1.0453956361163530     
  0.73000000000000009       -1.0427354170766536     
  0.73333333333333339       -1.0274491433079656     
  0.73666666666666669       -1.0082658729222698     
  0.74000000000000010      -0.99277350333624581     
  0.74333333333333340      -0.98510138889124610     
  0.74666666666666670      -0.98539454267785875     
  0.75000000000000000      -0.99088097745268489     
  0.75333333333333341      -0.99775162924303551     
  0.75666666666666671       -1.0029200819491244     
  0.76000000000000001       -1.0049951357892224     
  0.76333333333333342       -1.0042872179064406     
  0.76666666666666672       -1.0021200017185876     
  0.77000000000000002      -0.99994037306171213     
  0.77333333333333343      -0.99866762768468165     
  0.77666666666666673      -0.99848843126775733     
  0.78000000000000003      -0.99904282682835488     
  0.78333333333333344      -0.99978719879989497     
  0.78666666666666674       -1.0003085456125960     
  0.79000000000000004       -1.0004624452646877     
  0.79333333333333333       -1.0003339373435152     
  0.79666666666666675       -1.0001052970447808     
  0.80000000000000004      -0.99992934868668903     
  0.80333333333333334      -0.99986781346376130     
  0.80666666666666675      -0.99989951393626919     
  0.81000000000000005      -0.99996638570058294     
  0.81333333333333335       -1.0000186719624173     
  0.81666666666666676       -1.0000365610805939     
  0.82000000000000006       -1.0000270096930608     
  0.82333333333333336       -1.0000080199027086     
  0.82666666666666677      -0.99999411341323119     
  0.83000000000000007      -0.99999022311350860     
  0.83333333333333337      -0.99999353705492144     
  0.83666666666666667      -0.99999869540681452     
  0.84000000000000008       -1.0000019491734271     
  0.84333333333333338       -1.0000024551679121     
  0.84666666666666668       -1.0000013257658609     
  0.85000000000000009       -1.0000000356897281     
  0.85333333333333339      -0.99999940230903817     
  0.85666666666666669      -0.99999944746018932     
  0.86000000000000010      -0.99999978891515817     
  0.86333333333333340       -1.0000000705421357     
  0.86666666666666670       -1.0000001583824452     
  0.87000000000000011       -1.0000001043179356     
  0.87333333333333341       -1.0000000174132266     
  0.87666666666666671      -0.99999996793590196     
  0.88000000000000000      -0.99999996541703995     
  0.88333333333333341      -0.99999998548131375     
  0.88666666666666671       -1.0000000032197964     
  0.89000000000000001       -1.0000000089256749     
  0.89333333333333342       -1.0000000058036402     
  0.89666666666666672       -1.0000000008148222     
  0.90000000000000002      -0.99999999818120355     
  0.90333333333333343      -0.99999999823202890     
  0.90666666666666673      -0.99999999938804918     
  0.91000000000000003       -1.0000000002628433     
  0.91333333333333344       -1.0000000004522347     
  0.91666666666666674       -1.0000000002340059     
  0.92000000000000004      -0.99999999999160205     
  0.92333333333333334      -0.99999999989953914     
  0.92666666666666675      -0.99999999992955479     
  0.93000000000000005      -0.99999999998858502     
  0.93333333333333335       -1.0000000000195217     
  0.93666666666666676       -1.0000000000184248     
  0.94000000000000006       -1.0000000000054743     
  0.94333333333333336      -0.99999999999673839     
  0.94666666666666677      -0.99999999999563227     
  0.95000000000000007      -0.99999999999822620     
  0.95333333333333337       -1.0000000000004361     
  0.95666666666666678       -1.0000000000009610     
  0.96000000000000008       -1.0000000000004832     
  0.96333333333333337      -0.99999999999996647     
  0.96666666666666667      -0.99999999999980005     
  0.97000000000000008      -0.99999999999988132     
  0.97333333333333338      -0.99999999999999534     
  0.97666666666666668       -1.0000000000000397     
  0.98000000000000009       -1.0000000000000269     
  0.98333333333333339       -1.0000000000000027     
  0.98666666666666669      -0.99999999999999212     
  0.99000000000000010      -0.99999999999999412     
  0.99333333333333340      -0.99999999999999889     
  0.99666666666666670       -1.0000000000000013     
