   0.0000000000000000      -0.99999976558030312     
   3.3333333333333335E-003 -0.99999980483808770     
   6.6666666666666671E-003 -0.99999992618526257     
   1.0000000000000000E-002  -1.0000000275715137     
   1.3333333333333334E-002  -1.0000000654213357     
   1.6666666666666666E-002  -1.0000000503047621     
   2.0000000000000000E-002  -1.0000000158656972     
   2.3333333333333334E-002 -0.99999998991856698     
   2.6666666666666668E-002 -0.99999998226727305     
   3.0000000000000002E-002 -0.99999998804215884     
   3.3333333333333333E-002 -0.99999999744183465     
   3.6666666666666667E-002  -1.0000000035041297     
   4.0000000000000001E-002  -1.0000000045569264     
   4.3333333333333335E-002  -1.0000000025415055     
   4.6666666666666669E-002  -1.0000000001390292     
   5.0000000000000003E-002 -0.99999999889642754     
   5.3333333333333337E-002 -0.99999999892132863     
   5.6666666666666671E-002 -0.99999999954653396     
   6.0000000000000005E-002  -1.0000000001038956     
   6.3333333333333339E-002  -1.0000000003084937     
   6.6666666666666666E-002  -1.0000000002266953     
   7.0000000000000007E-002  -1.0000000000565885     
   7.3333333333333334E-002 -0.99999999994414590     
   7.6666666666666675E-002 -0.99999999992474398     
   8.0000000000000002E-002 -0.99999999996019961     
   8.3333333333333343E-002  -1.0000000000000946     
   8.6666666666666670E-002  -1.0000000000182692     
   9.0000000000000011E-002  -1.0000000000155871     
   9.3333333333333338E-002  -1.0000000000049918     
   9.6666666666666679E-002 -0.99999999999720512     
  0.10000000000000001      -0.99999999999541744     
  0.10333333333333335      -0.99999999999741729     
  0.10666666666666667      -0.99999999999988243     
  0.11000000000000000       -1.0000000000010238     
  0.11333333333333334       -1.0000000000008278     
  0.11666666666666667       -1.0000000000000069     
  0.12000000000000001      -0.99999999999889844     
  0.12333333333333334      -0.99999999999665445     
  0.12666666666666668      -0.99999999998996780     
  0.13000000000000000      -0.99999999996920930     
  0.13333333333333333      -0.99999999990696831     
  0.13666666666666669      -0.99999999972641951     
  0.14000000000000001      -0.99999999921762817     
  0.14333333333333334      -0.99999999782285320     
  0.14666666666666667      -0.99999999410156426     
  0.15000000000000002      -0.99999998443541316     
  0.15333333333333335      -0.99999995998287183     
  0.15666666666666668      -0.99999989972187331     
  0.16000000000000000      -0.99999975500756677     
  0.16333333333333333      -0.99999941627337952     
  0.16666666666666669      -0.99999864327714161     
  0.17000000000000001      -0.99999692317678379     
  0.17333333333333334      -0.99999319012113563     
  0.17666666666666667      -0.99998528743886450     
  0.18000000000000002      -0.99996896677517721     
  0.18333333333333335      -0.99993608186095140     
  0.18666666666666668      -0.99987142989341460     
  0.19000000000000000      -0.99974740434857190     
  0.19333333333333336      -0.99951524283324511     
  0.19666666666666668      -0.99909119909109267     
  0.20000000000000001      -0.99833549903063334     
  0.20333333333333334      -0.99702158230483517     
  0.20666666666666669      -0.99479309711811337     
  0.21000000000000002      -0.99110671758849556     
  0.21333333333333335      -0.98516047997330036     
  0.21666666666666667      -0.97581038924822927     
  0.22000000000000000      -0.96148281784662393     
  0.22333333333333336      -0.94009667920256201     
  0.22666666666666668      -0.90901693375628345     
  0.23000000000000001      -0.86506832059422278     
  0.23333333333333334      -0.80464306190632973     
  0.23666666666666669      -0.72393566205206017     
  0.24000000000000002      -0.61932856288814941     
  0.24333333333333335      -0.48793173225669978     
  0.24666666666666667      -0.32824660050186244     
  0.25000000000000000      -0.14088275899381947     
  0.25333333333333335        7.0788605302410934E-002
  0.25666666666666671       0.30019628445580865     
  0.26000000000000001       0.53751046423701554     
  0.26333333333333336       0.77010582929600058     
  0.26666666666666666       0.98362082371760495     
  0.27000000000000002        1.1635774175080040     
  0.27333333333333337        1.2973881192866932     
  0.27666666666666667        1.3764409103829178     
  0.28000000000000003        1.3978566447054279     
  0.28333333333333333        1.3654956733511010     
  0.28666666666666668        1.2898769453479038     
  0.29000000000000004        1.1868649184362718     
  0.29333333333333333        1.0752467862578647     
  0.29666666666666669       0.97360435813023460     
  0.30000000000000004       0.89710382721357906     
  0.30333333333333334       0.85490966795838086     
  0.30666666666666670       0.84883257190706196     
  0.31000000000000000       0.87355126253148285     
  0.31333333333333335       0.91836472023904370     
  0.31666666666666671       0.97003770839674519     
  0.32000000000000001        1.0160146303461999     
  0.32333333333333336        1.0471864017662991     
  0.32666666666666666        1.0595365153976140     
  0.33000000000000002        1.0543270613878923     
  0.33333333333333337        1.0369106186209440     
  0.33666666666666667        1.0146361060199807     
  0.34000000000000002       0.99453675144250619     
  0.34333333333333338       0.98148312674748339     
  0.34666666666666668       0.97726819542438736     
  0.35000000000000003       0.98074983475672206     
  0.35333333333333333       0.98883254569658929     
  0.35666666666666669       0.99783907796479054     
  0.36000000000000004        1.0047702126453912     
  0.36333333333333334        1.0080731721793772     
  0.36666666666666670        1.0077703281568617     
  0.37000000000000005        1.0050430513368647     
  0.37333333333333335        1.0015323483380065     
  0.37666666666666671       0.99866102328335216     
  0.38000000000000000       0.99720768256297365     
  0.38333333333333336       0.99722042772814046     
  0.38666666666666671       0.99821419807598100     
  0.39000000000000001       0.99950515809665452     
  0.39333333333333337        1.0005214758273968     
  0.39666666666666667        1.0009805987852816     
  0.40000000000000002        1.0009037189399670     
  0.40333333333333338        1.0005093749448313     
  0.40666666666666668        1.0000638074894610     
  0.41000000000000003       0.99976044241727047     
  0.41333333333333339       0.99966770843417108     
  0.41666666666666669       0.99974465932439971     
  0.42000000000000004       0.99989605592049036     
  0.42333333333333334        1.0000310340159502     
  0.42666666666666669        1.0000995074019168     
  0.43000000000000005        1.0000984254544369     
  0.43333333333333335        1.0000556361290114     
  0.43666666666666670        1.0000062380507251     
  0.44000000000000000       0.99997448068863659     
  0.44333333333333336       0.99996722800463267     
  0.44666666666666671       0.99997766557013490     
  0.45000000000000001       0.99999376072231927     
  0.45333333333333337        1.0000058193266255     
  0.45666666666666672        1.0000100005955908     
  0.46000000000000002        1.0000077178667148     
  0.46333333333333337        1.0000028169746586     
  0.46666666666666667       0.99999874885472739     
  0.47000000000000003       0.99999708973611512     
  0.47333333333333338       0.99999757649299414     
  0.47666666666666668       0.99999901996002905     
  0.48000000000000004        1.0000002856898469     
  0.48333333333333334        1.0000008295456331     
  0.48666666666666669        1.0000007092442520     
  0.49000000000000005        1.0000002892233704     
  0.49333333333333335       0.99999991986369319     
  0.49666666666666670       0.99999976558030312     
  0.50000000000000000       0.99999980483808770     
  0.50333333333333341       0.99999992618526257     
  0.50666666666666671        1.0000000275715137     
  0.51000000000000001        1.0000000654213357     
  0.51333333333333342        1.0000000503047621     
  0.51666666666666672        1.0000000158656972     
  0.52000000000000002       0.99999998991856698     
  0.52333333333333332       0.99999998226727305     
  0.52666666666666673       0.99999998804215884     
  0.53000000000000003       0.99999999744183465     
  0.53333333333333333        1.0000000035041297     
  0.53666666666666674        1.0000000045569264     
  0.54000000000000004        1.0000000025415055     
  0.54333333333333333        1.0000000001390292     
  0.54666666666666675       0.99999999889642754     
  0.55000000000000004       0.99999999892132863     
  0.55333333333333334       0.99999999954653396     
  0.55666666666666675        1.0000000001038956     
  0.56000000000000005        1.0000000003084937     
  0.56333333333333335        1.0000000002266953     
  0.56666666666666665        1.0000000000565885     
  0.57000000000000006       0.99999999994414590     
  0.57333333333333336       0.99999999992474398     
  0.57666666666666666       0.99999999996019961     
  0.58000000000000007        1.0000000000000946     
  0.58333333333333337        1.0000000000182692     
  0.58666666666666667        1.0000000000155875     
  0.59000000000000008        1.0000000000049920     
  0.59333333333333338       0.99999999999720546     
  0.59666666666666668       0.99999999999541789     
  0.60000000000000009       0.99999999999741906     
  0.60333333333333339       0.99999999999988820     
  0.60666666666666669        1.0000000000010443     
  0.60999999999999999        1.0000000000009002     
  0.61333333333333340        1.0000000000002602     
  0.61666666666666670       0.99999999999975642     
  0.62000000000000000       0.99999999999946965     
  0.62333333333333341       0.99999999999892997     
  0.62666666666666671       0.99999999999691214     
  0.63000000000000000       0.99999999999015976     
  0.63333333333333341       0.99999999996925126     
  0.63666666666666671       0.99999999990691957     
  0.64000000000000001       0.99999999972636333     
  0.64333333333333342       0.99999999921760507     
  0.64666666666666672       0.99999999782285887     
  0.65000000000000002       0.99999999410157814     
  0.65333333333333332       0.99999998443542182     
  0.65666666666666673       0.99999995998287261     
  0.66000000000000003       0.99999989972187020     
  0.66333333333333333       0.99999975500756422     
  0.66666666666666674       0.99999941627337874     
  0.67000000000000004       0.99999864327714216     
  0.67333333333333334       0.99999692317678468     
  0.67666666666666675       0.99999319012113608     
  0.68000000000000005       0.99998528743886461     
  0.68333333333333335       0.99996896677517721     
  0.68666666666666676       0.99993608186095151     
  0.69000000000000006       0.99987142989341471     
  0.69333333333333336       0.99974740434857201     
  0.69666666666666666       0.99951524283324511     
  0.70000000000000007       0.99909119909109267     
  0.70333333333333337       0.99833549903063346     
  0.70666666666666667       0.99702158230483506     
  0.71000000000000008       0.99479309711811337     
  0.71333333333333337       0.99110671758849578     
  0.71666666666666667       0.98516047997330081     
  0.72000000000000008       0.97581038924822971     
  0.72333333333333338       0.96148281784662437     
  0.72666666666666668       0.94009667920256212     
  0.73000000000000009       0.90901693375628334     
  0.73333333333333339       0.86506832059422256     
  0.73666666666666669       0.80464306190632962     
  0.74000000000000010       0.72393566205206017     
  0.74333333333333340       0.61932856288814953     
  0.74666666666666670       0.48793173225669983     
  0.75000000000000000       0.32824660050186244     
  0.75333333333333341       0.14088275899381955     
  0.75666666666666671       -7.0788605302410809E-002
  0.76000000000000001      -0.30019628445580848     
  0.76333333333333342      -0.53751046423701543     
  0.76666666666666672      -0.77010582929600058     
  0.77000000000000002      -0.98362082371760517     
  0.77333333333333343       -1.1635774175080043     
  0.77666666666666673       -1.2973881192866932     
  0.78000000000000003       -1.3764409103829176     
  0.78333333333333344       -1.3978566447054279     
  0.78666666666666674       -1.3654956733511010     
  0.79000000000000004       -1.2898769453479038     
  0.79333333333333333       -1.1868649184362718     
  0.79666666666666675       -1.0752467862578647     
  0.80000000000000004      -0.97360435813023460     
  0.80333333333333334      -0.89710382721357929     
  0.80666666666666675      -0.85490966795838141     
  0.81000000000000005      -0.84883257190706241     
  0.81333333333333335      -0.87355126253148307     
  0.81666666666666676      -0.91836472023904381     
  0.82000000000000006      -0.97003770839674541     
  0.82333333333333336       -1.0160146303461999     
  0.82666666666666677       -1.0471864017662991     
  0.83000000000000007       -1.0595365153976137     
  0.83333333333333337       -1.0543270613878921     
  0.83666666666666667       -1.0369106186209436     
  0.84000000000000008       -1.0146361060199804     
  0.84333333333333338      -0.99453675144250631     
  0.84666666666666668      -0.98148312674748339     
  0.85000000000000009      -0.97726819542438736     
  0.85333333333333339      -0.98074983475672206     
  0.85666666666666669      -0.98883254569658929     
  0.86000000000000010      -0.99783907796479054     
  0.86333333333333340       -1.0047702126453912     
  0.86666666666666670       -1.0080731721793772     
  0.87000000000000011       -1.0077703281568617     
  0.87333333333333341       -1.0050430513368647     
  0.87666666666666671       -1.0015323483380065     
  0.88000000000000000      -0.99866102328335216     
  0.88333333333333341      -0.99720768256297365     
  0.88666666666666671      -0.99722042772814046     
  0.89000000000000001      -0.99821419807598100     
  0.89333333333333342      -0.99950515809665452     
  0.89666666666666672       -1.0005214758273968     
  0.90000000000000002       -1.0009805987852816     
  0.90333333333333343       -1.0009037189399670     
  0.90666666666666673       -1.0005093749448313     
  0.91000000000000003       -1.0000638074894610     
  0.91333333333333344      -0.99976044241727047     
  0.91666666666666674      -0.99966770843417108     
  0.92000000000000004      -0.99974465932439971     
  0.92333333333333334      -0.99989605592049036     
  0.92666666666666675       -1.0000310340159502     
  0.93000000000000005       -1.0000995074019168     
  0.93333333333333335       -1.0000984254544369     
  0.93666666666666676       -1.0000556361290114     
  0.94000000000000006       -1.0000062380507251     
  0.94333333333333336      -0.99997448068863659     
  0.94666666666666677      -0.99996722800463267     
  0.95000000000000007      -0.99997766557013490     
  0.95333333333333337      -0.99999376072231927     
  0.95666666666666678       -1.0000058193266255     
  0.96000000000000008       -1.0000100005955908     
  0.96333333333333337       -1.0000077178667148     
  0.96666666666666667       -1.0000028169746586     
  0.97000000000000008      -0.99999874885472739     
  0.97333333333333338      -0.99999708973611512     
  0.97666666666666668      -0.99999757649299414     
  0.98000000000000009      -0.99999901996002905     
  0.98333333333333339       -1.0000002856898469     
  0.98666666666666669       -1.0000008295456331     
  0.99000000000000010       -1.0000007092442520     
  0.99333333333333340       -1.0000002892233704     
  0.99666666666666670      -0.99999991986369319     
