   0.0000000000000000        1.0094180233945220     
   3.3333333333333335E-003   1.0188199086409480     
   6.6666666666666671E-003   1.0235619403725675     
   1.0000000000000000E-002   1.0235827551463446     
   1.3333333333333334E-002   1.0196229259651592     
   1.6666666666666666E-002   1.0129958197319560     
   2.0000000000000000E-002   1.0052842593442279     
   2.3333333333333334E-002  0.99802495768690547     
   2.6666666666666668E-002  0.99243946195889665     
   3.0000000000000002E-002  0.98925621700508748     
   3.3333333333333333E-002  0.98864680186457154     
   3.6666666666666667E-002  0.99027519410951437     
   4.0000000000000001E-002  0.99343710365086002     
   4.3333333333333335E-002  0.99725120941414769     
   4.6666666666666669E-002   1.0008580856239939     
   5.0000000000000003E-002   1.0035861686664473     
   5.3333333333333337E-002   1.0050556702298872     
   5.6666666666666671E-002   1.0052076911927732     
   6.0000000000000005E-002   1.0042629765930851     
   6.3333333333333339E-002   1.0026289917931659     
   6.6666666666666666E-002   1.0007825148625227     
   7.0000000000000007E-002  0.99915649611733226     
   7.3333333333333334E-002  0.99805498542019166     
   7.6666666666666675E-002  0.99761034912484414     
   8.0000000000000002E-002  0.99778552089118455     
   8.3333333333333343E-002  0.99841351156076985     
   8.6666666666666670E-002  0.99925914239285984     
   9.0000000000000011E-002   1.0000852197137464     
   9.3333333333333338E-002   1.0007071679432311     
   9.6666666666666679E-002   1.0010254223436623     
  0.10000000000000001        1.0010318921207708     
  0.10333333333333335        1.0007935964362531     
  0.10666666666666667        1.0004215304886734     
  0.11000000000000000        1.0000350003702065     
  0.11333333333333334       0.99973096572181896     
  0.11666666666666667       0.99956498077354883     
  0.12000000000000001       0.99954623386397079     
  0.12333333333333334       0.99964518010692460     
  0.12666666666666668       0.99980935264898374     
  0.13000000000000000       0.99998168827021938     
  0.13333333333333333        1.0001161492190449     
  0.13666666666666669        1.0001871479643525     
  0.14000000000000001        1.0001915990071484     
  0.14333333333333334        1.0001446062747690     
  0.14666666666666667        1.0000712841539596     
  0.15000000000000002       0.99999773285047266     
  0.15333333333333335       0.99994378689562768     
  0.15666666666666668       0.99991911891249463     
  0.16000000000000000       0.99992302085978046     
  0.16333333333333333       0.99994709748216026     
  0.16666666666666669       0.99997946202814880     
  0.17000000000000001        1.0000089140678936     
  0.17333333333333334        1.0000279240599514     
  0.17666666666666667        1.0000338548258254     
  0.18000000000000002        1.0000284861199538     
  0.18333333333333335        1.0000163836050504     
  0.18666666666666668        1.0000028637157621     
  0.19000000000000000       0.99999224747449877     
  0.19333333333333336       0.99998684636277935     
  0.19666666666666668       0.99998679950453850     
  0.20000000000000001       0.99999059772693755     
  0.20333333333333334       0.99999596301633131     
  0.20666666666666669        1.0000007251476086     
  0.21000000000000002        1.0000034259956547     
  0.21333333333333335        1.0000035313728852     
  0.21666666666666667        1.0000012791300044     
  0.22000000000000000       0.99999729400980797     
  0.22333333333333336       0.99999213340819759     
  0.22666666666666668       0.99998589919935210     
  0.23000000000000001       0.99997798295130724     
  0.23333333333333334       0.99996693535411907     
  0.23666666666666669       0.99995039068268743     
  0.24000000000000002       0.99992494678530286     
  0.24333333333333335       0.99988590016302192     
  0.24666666666666667       0.99982675385683839     
  0.25000000000000000       0.99973843861955591     
  0.25333333333333335       0.99960820251854821     
  0.25666666666666671       0.99941812372027006     
  0.26000000000000001       0.99914318566939753     
  0.26333333333333336       0.99874882872548976     
  0.26666666666666666       0.99818786603705034     
  0.27000000000000002       0.99739663269660839     
  0.27333333333333337       0.99629023306184339     
  0.27666666666666667       0.99475676637941013     
  0.28000000000000003       0.99265044870447994     
  0.28333333333333333       0.98978361221126776     
  0.28666666666666668       0.98591765434580525     
  0.29000000000000004       0.98075313247863571     
  0.29333333333333333       0.97391935824925513     
  0.29666666666666669       0.96496404145781700     
  0.30000000000000004       0.95334376418276867     
  0.30333333333333334       0.93841632381487117     
  0.30666666666666670       0.91943625296625842     
  0.31000000000000000       0.89555507949370838     
  0.31333333333333335       0.86582809615943968     
  0.31666666666666671       0.82922952268021477     
  0.32000000000000001       0.78467791212978266     
  0.32333333333333336       0.73107342488188720     
  0.32666666666666666       0.66734811531578186     
  0.33000000000000002       0.59252960871841132     
  0.33333333333333337       0.50581746761456792     
  0.33666666666666667       0.40667016807868073     
  0.34000000000000002       0.29489897820149091     
  0.34333333333333338       0.17076325281415380     
  0.34666666666666668        3.5059884496653072E-002
  0.35000000000000003      -0.11080191361303705     
  0.35333333333333333      -0.26475042525247683     
  0.35666666666666669      -0.42403616195461857     
  0.36000000000000004      -0.58526121395669262     
  0.36333333333333334      -0.74446111784975644     
  0.36666666666666670      -0.89724400078812094     
  0.37000000000000005       -1.0389873086157324     
  0.37333333333333335       -1.1650868432397368     
  0.37666666666666671       -1.2712465071574324     
  0.38000000000000000       -1.3537906635798675     
  0.38333333333333336       -1.4099751227366462     
  0.38666666666666671       -1.4382683198008359     
  0.39000000000000001       -1.4385721298750596     
  0.39333333333333337       -1.4123527314161322     
  0.39666666666666667       -1.3626564935997925     
  0.40000000000000002       -1.2939941572202216     
  0.40333333333333338       -1.2120882500776984     
  0.40666666666666668       -1.1234928371854831     
  0.41000000000000003       -1.0351099485578861     
  0.41333333333333339      -0.95364153902999282     
  0.41666666666666669      -0.88502758693041106     
  0.42000000000000004      -0.83392795523118024     
  0.42333333333333334      -0.80330630606305520     
  0.42666666666666669      -0.79416773404203955     
  0.43000000000000005      -0.80548784731764389     
  0.43333333333333335      -0.83435082966355911     
  0.43666666666666670      -0.87628967764456500     
  0.44000000000000000      -0.92579631797503303     
  0.44333333333333336      -0.97694618566633729     
  0.44666666666666671       -1.0240646205603070     
  0.45000000000000001       -1.0623541109602384     
  0.45333333333333337       -1.0884038791352513     
  0.45666666666666672       -1.1005169475721228     
  0.46000000000000002       -1.0988133000453786     
  0.46333333333333337       -1.0850980469943745     
  0.46666666666666667       -1.0625163099917421     
  0.47000000000000003       -1.0350468737547491     
  0.47333333333333338       -1.0069096663048021     
  0.47666666666666668      -0.98197394458634057     
  0.48000000000000004      -0.96325251722879002     
  0.48333333333333334      -0.95255243857725103     
  0.48666666666666669      -0.95032664609852902     
  0.49000000000000005      -0.95573823525756163     
  0.49333333333333335      -0.96691498361413664     
  0.49666666666666670      -0.98134215781741807     
  0.50000000000000000      -0.99632160941449788     
  0.50333333333333341       -1.0094180233945482     
  0.50666666666666671       -1.0188199086409795     
  0.51000000000000001       -1.0235619403725884     
  0.51333333333333342       -1.0235827551463501     
  0.51666666666666672       -1.0196229259651528     
  0.52000000000000002       -1.0129958197319457     
  0.52333333333333332       -1.0052842593442197     
  0.52666666666666673      -0.99802495768690158     
  0.53000000000000003      -0.99243946195889676     
  0.53333333333333333      -0.98925621700508948     
  0.53666666666666674      -0.98864680186457365     
  0.54000000000000004      -0.99027519410951526     
  0.54333333333333333      -0.99343710365085935     
  0.54666666666666675      -0.99725120941414624     
  0.55000000000000004       -1.0008580856239926     
  0.55333333333333334       -1.0035861686664471     
  0.55666666666666675       -1.0050556702298874     
  0.56000000000000005       -1.0052076911927734     
  0.56333333333333335       -1.0042629765930851     
  0.56666666666666665       -1.0026289917931661     
  0.57000000000000006       -1.0007825148625236     
  0.57333333333333336      -0.99915649611733304     
  0.57666666666666666      -0.99805498542019266     
  0.58000000000000007      -0.99761034912484492     
  0.58333333333333337      -0.99778552089118522     
  0.58666666666666667      -0.99841351156077018     
  0.59000000000000008      -0.99925914239285984     
  0.59333333333333338       -1.0000852197137460     
  0.59666666666666668       -1.0007071679432300     
  0.60000000000000009       -1.0010254223436599     
  0.60333333333333339       -1.0010318921207659     
  0.60666666666666669       -1.0007935964362422     
  0.60999999999999999       -1.0004215304886519     
  0.61333333333333340       -1.0000350003701635     
  0.61666666666666670      -0.99973096572173370     
  0.62000000000000000      -0.99956498077337996     
  0.62333333333333341      -0.99954623386363817     
  0.62666666666666671      -0.99964518010627301     
  0.63000000000000000      -0.99980935264771587     
  0.63333333333333341      -0.99998168826776934     
  0.63666666666666671       -1.0001161492143458     
  0.64000000000000001       -1.0001871479554068     
  0.64333333333333342       -1.0001915989902428     
  0.64666666666666672       -1.0001446062430561     
  0.65000000000000002       -1.0000712840949091     
  0.65333333333333332      -0.99999773274133164     
  0.65666666666666673      -0.99994378669540007     
  0.66000000000000003      -0.99991911854788751     
  0.66333333333333333      -0.99992302020077628     
  0.66666666666666674      -0.99994709629991207     
  0.67000000000000004      -0.99997945992300374     
  0.67333333333333334       -1.0000089103473824     
  0.67666666666666675       -1.0000279175336868     
  0.68000000000000005       -1.0000338434636475     
  0.68333333333333335       -1.0000284664869710     
  0.68666666666666676       -1.0000163499359846     
  0.69000000000000006       -1.0000028064114102     
  0.69333333333333336      -0.99999215068084168     
  0.69666666666666666      -0.99998668410734048     
  0.70000000000000007      -0.99998652958501821     
  0.70333333333333337      -0.99999015213140197     
  0.70666666666666667      -0.99999523304310534     
  0.71000000000000008      -0.99999953850530687     
  0.71333333333333337       -1.0000015118901018     
  0.71666666666666667       -1.0000004677834600     
  0.72000000000000008      -0.99999641395614436     
  0.72333333333333338      -0.99998962829273363     
  0.72666666666666668      -0.99998015011304930     
  0.73000000000000009      -0.99996731473377298     
  0.73333333333333339      -0.99994939030463659     
  0.73666666666666669      -0.99992329704246852     
  0.74000000000000010      -0.99988432615777656     
  0.74333333333333340      -0.99982574224607601     
  0.74666666666666670      -0.99973814857860654     
  0.75000000000000000      -0.99960850950889257     
  0.75333333333333341      -0.99941874406293896     
  0.75666666666666671      -0.99914381762178495     
  0.76000000000000001      -0.99874925831576977     
  0.76333333333333342      -0.99818801236509913     
  0.76666666666666672      -0.99739653502282888     
  0.77000000000000002      -0.99629000107221488     
  0.77333333333333343      -0.99475652139115500     
  0.77666666666666673      -0.99265027861566402     
  0.78000000000000003      -0.98978355159956077     
  0.78333333333333344      -0.98591768906315735     
  0.78666666666666674      -0.98075321976196761     
  0.79000000000000004      -0.97391945061840623     
  0.79333333333333333      -0.96496410485673045     
  0.79666666666666675      -0.95334378572992640     
  0.80000000000000004      -0.93841630962073119     
  0.80333333333333334      -0.91943621987656443     
  0.80666666666666675      -0.89555504560885302     
  0.81000000000000005      -0.86582807392342120     
  0.81333333333333335      -0.82922951622601826     
  0.81666666666666676      -0.78467791849524482     
  0.82000000000000006      -0.73107343741878739     
  0.82333333333333336      -0.66734812734025839     
  0.82666666666666677      -0.59252961598139131     
  0.83000000000000007      -0.50581746906090175     
  0.83333333333333337      -0.40667016516998744     
  0.83666666666666667      -0.29489897352510602     
  0.84000000000000008      -0.17076324873403739     
  0.84333333333333338       -3.5059882340066247E-002
  0.84666666666666668       0.11080191370356304     
  0.85000000000000009       0.26475042396761439     
  0.85333333333333339       0.42403616026858748     
  0.85666666666666669       0.58526121265658893     
  0.86000000000000010       0.74446111729805764     
  0.86333333333333340       0.89724400093077405     
  0.86666666666666670        1.0389873091488304     
  0.87000000000000011        1.1650868438155220     
  0.87333333333333341        1.2712465075355894     
  0.87666666666666671        1.3537906636836907     
  0.88000000000000000        1.4099751226250306     
  0.88333333333333341        1.4382683195965604     
  0.88666666666666671        1.4385721296931513     
  0.89000000000000001        1.4123527313208390     
  0.89333333333333342        1.3626564935972478     
  0.89666666666666672        1.2939941572770768     
  0.90000000000000002        1.2120882501489469     
  0.90333333333333343        1.1234928372369295     
  0.90666666666666673        1.0351099485760589     
  0.91000000000000003       0.95364153901999560     
  0.91333333333333344       0.88502758690696226     
  0.91666666666666674       0.83392795520900054     
  0.92000000000000004       0.80330630605080156     
  0.92333333333333334       0.79416773404099472     
  0.92666666666666675       0.80548784732395284     
  0.93000000000000005       0.83435082967177121     
  0.93333333333333335       0.87628967765051435     
  0.93666666666666676       0.92579631797709849     
  0.94000000000000006       0.97694618566515534     
  0.94333333333333336        1.0240646205576396     
  0.94666666666666677        1.0623541109577954     
  0.95000000000000007        1.0884038791339834     
  0.95333333333333337        1.1005169475721084     
  0.95666666666666678        1.0988133000461298     
  0.96000000000000008        1.0850980469952654     
  0.96333333333333337        1.0625163099923332     
  0.96666666666666667        1.0350468737549043     
  0.97000000000000008        1.0069096663046277     
  0.97333333333333338       0.98197394458604448     
  0.97666666666666668       0.96325251722854976     
  0.98000000000000009       0.95255243857714889     
  0.98333333333333339       0.95032664609855355     
  0.98666666666666669       0.95573823525765011     
  0.99000000000000010       0.96691498361422346     
  0.99333333333333340       0.98134215781746459     
  0.99666666666666670       0.99632160941449954     
