   0.0000000000000000       0.99999985919326362     
   3.3333333333333335E-003   1.0000000531544568     
   6.6666666666666671E-003   1.0000000474941029     
   1.0000000000000000E-002  0.99999982632977213     
   1.3333333333333334E-002  0.99999939603899857     
   1.6666666666666666E-002  0.99999873037502740     
   2.0000000000000000E-002  0.99999771692616546     
   2.3333333333333334E-002  0.99999610702277275     
   2.6666666666666668E-002  0.99999345907966197     
   3.0000000000000002E-002  0.99998905593838017     
   3.3333333333333333E-002  0.99998177059589144     
   3.6666666666666667E-002  0.99996985004380712     
   4.0000000000000001E-002  0.99995058097557221     
   4.3333333333333335E-002  0.99991979119306418     
   4.6666666666666669E-002  0.99987112499621034     
   5.0000000000000003E-002  0.99979500924636278     
   5.3333333333333337E-002  0.99967719979534464     
   5.6666666666666671E-002  0.99949676697375234     
   6.0000000000000005E-002  0.99922334588284178     
   6.3333333333333339E-002  0.99881344521758242     
   6.6666666666666666E-002  0.99820558147106719     
   7.0000000000000007E-002  0.99731398979160457     
   7.3333333333333334E-002  0.99602066714553295     
   7.6666666666666675E-002  0.99416553919510009     
   8.0000000000000002E-002  0.99153462334943043     
   8.3333333333333343E-002  0.98784620229641984     
   8.6666666666666670E-002  0.98273524035249293     
   9.0000000000000011E-002  0.97573658177686384     
   9.3333333333333338E-002  0.96626787199202802     
   9.6666666666666679E-002  0.95361363473085337     
  0.10000000000000001       0.93691249978913493     
  0.10333333333333335       0.91515016552301576     
  0.10666666666666667       0.88716123055714846     
  0.11000000000000000       0.85164344648017232     
  0.11333333333333334       0.80718810883471093     
  0.11666666666666667       0.75233008131185686     
  0.12000000000000001       0.68562019842977762     
  0.12333333333333334       0.60572139417251358     
  0.12666666666666668       0.51152778369710017     
  0.13000000000000000       0.40230308700206369     
  0.13333333333333333       0.27783134391131692     
  0.13666666666666669       0.13856908384333627     
  0.14000000000000001       -1.4215612055668701E-002
  0.14333333333333334      -0.17833483610450512     
  0.14666666666666667      -0.35062290227270954     
  0.15000000000000002      -0.52694816265423305     
  0.15333333333333335      -0.70231138747452060     
  0.15666666666666668      -0.87104188118858783     
  0.16000000000000000       -1.0270938364786559     
  0.16333333333333333       -1.1644340933369071     
  0.16666666666666669       -1.2774993937276968     
  0.17000000000000001       -1.3616878670095811     
  0.17333333333333334       -1.4138377577973251     
  0.17666666666666667       -1.4326384681038635     
  0.18000000000000002       -1.4189169131164554     
  0.18333333333333335       -1.3757476176334087     
  0.18666666666666668       -1.3083486892983502     
  0.19000000000000000       -1.2237473814895838     
  0.19333333333333336       -1.1302265913080554     
  0.19666666666666668       -1.0365941312929186     
  0.20000000000000001      -0.95134567019541361     
  0.20333333333333334      -0.88181501414478036     
  0.20666666666666669      -0.83341727985248570     
  0.21000000000000002      -0.80908799766092998     
  0.21333333333333335      -0.80900273142419343     
  0.21666666666666667      -0.83062843558385346     
  0.22000000000000000      -0.86911328058630866     
  0.22333333333333336      -0.91797232372387705     
  0.22666666666666668      -0.96998005912470542     
  0.23000000000000001       -1.0181457462783801     
  0.23333333333333334       -1.0566304742221402     
  0.23666666666666669       -1.0814704473773495     
  0.24000000000000002       -1.0909994400364693     
  0.24333333333333335       -1.0859109512083984     
  0.24666666666666667       -1.0689596102294658     
  0.25000000000000000       -1.0443615020053685     
  0.25333333333333335       -1.0170032216952896     
  0.25666666666666671      -0.99160002138916914     
  0.26000000000000001      -0.97194828515547127     
  0.26333333333333336      -0.96039561823458908     
  0.26666666666666666      -0.95760729154048363     
  0.27000000000000002      -0.96264952510535329     
  0.27333333333333337      -0.97334987446993348     
  0.27666666666666667      -0.98684494414075674     
  0.28000000000000003       -1.0001956940856191     
  0.28333333333333333       -1.0109462169408909     
  0.28666666666666668       -1.0175229264541319     
  0.29000000000000004       -1.0194119770717442     
  0.29333333333333333       -1.0171036504179456     
  0.29666666666666669       -1.0118417997332516     
  0.30000000000000004       -1.0052535461300991     
  0.30333333333333334      -0.99895193070409638     
  0.30666666666666670      -0.99419972883671193     
  0.31000000000000000      -0.99169896226844878     
  0.31333333333333335      -0.99153491442110886     
  0.31666666666666671      -0.99326507674252318     
  0.32000000000000001      -0.99611169043507208     
  0.32333333333333336      -0.99919824436653659     
  0.32666666666666666       -1.0017683669819855     
  0.33000000000000002       -1.0033386034437897     
  0.33333333333333337       -1.0037596144639171     
  0.33666666666666667       -1.0031864199832694     
  0.34000000000000002       -1.0019805126133265     
  0.34333333333333338       -1.0005798803156698     
  0.34666666666666668      -0.99937506520916686     
  0.35000000000000003      -0.99862139248065962     
  0.35333333333333333      -0.99840299921229114     
  0.35666666666666669      -0.99864808891775447     
  0.36000000000000004      -0.99918151504804498     
  0.36333333333333334      -0.99979347889264580     
  0.36666666666666670       -1.0003028165643411     
  0.37000000000000005       -1.0005989525970369     
  0.37333333333333335       -1.0006555441836826     
  0.37666666666666671       -1.0005180407493162     
  0.38000000000000000       -1.0002741976105520     
  0.38333333333333336       -1.0000195097543547     
  0.38666666666666671      -0.99982846178477336     
  0.39000000000000001      -0.99973849884016053     
  0.39333333333333337      -0.99974844801239182     
  0.39666666666666667      -0.99982852193897542     
  0.40000000000000002      -0.99993626600210406     
  0.40333333333333338       -1.0000323218764842     
  0.40666666666666668       -1.0000913423936759     
  0.41000000000000003       -1.0001059442092011     
  0.41333333333333339       -1.0000842054433070     
  0.41666666666666669       -1.0000430781567906     
  0.42000000000000004       -1.0000007777942359     
  0.42333333333333334      -0.99997078091510128     
  0.42666666666666669      -0.99995890342770166     
  0.43000000000000005      -0.99996358433352961     
  0.43333333333333335      -0.99997844292935401     
  0.43666666666666670      -0.99999568395634830     
  0.44000000000000000       -1.0000090199056504     
  0.44333333333333336       -1.0000152869553827     
  0.44666666666666671       -1.0000145800716544     
  0.45000000000000001       -1.0000092712555377     
  0.45333333333333337       -1.0000025498728717     
  0.45666666666666672      -0.99999711023657767     
  0.46000000000000002      -0.99999438901786697     
  0.46333333333333337      -0.99999445503142581     
  0.46666666666666667      -0.99999640074427543     
  0.47000000000000003      -0.99999895395563709     
  0.47333333333333338       -1.0000010320679966     
  0.47666666666666668       -1.0000020617834915     
  0.48000000000000004       -1.0000020215645049     
  0.48333333333333334       -1.0000012752496985     
  0.48666666666666669       -1.0000003195666054     
  0.49000000000000005      -0.99999956246180777     
  0.49333333333333335      -0.99999920260036457     
  0.49666666666666670      -0.99999922190004842     
  0.50000000000000000      -0.99999945751047548     
  0.50333333333333341      -0.99999970009297179     
  0.50666666666666671      -0.99999977100758830     
  0.51000000000000001      -0.99999955207555935     
  0.51333333333333342      -0.99999896503591146     
  0.51666666666666672      -0.99999791351923506     
  0.52000000000000002      -0.99999620395086752     
  0.52333333333333332      -0.99999345453013200     
  0.52666666666666673      -0.99998898789684376     
  0.53000000000000003      -0.99998168825608236     
  0.53333333333333333      -0.99996979069241032     
  0.53666666666666674      -0.99995055955859635     
  0.54000000000000004      -0.99991980233009659     
  0.54333333333333333      -0.99987115234719193     
  0.54666666666666675      -0.99979503594350627     
  0.55000000000000004      -0.99967721538780274     
  0.55333333333333334      -0.99949676931306231     
  0.55666666666666675      -0.99922333897339466     
  0.56000000000000005      -0.99881343534008815     
  0.56333333333333335      -0.99820557378060204     
  0.56666666666666665      -0.99731398661704818     
  0.57000000000000006      -0.99602066807766210     
  0.57333333333333336      -0.99416554227724563     
  0.57666666666666666      -0.99153462647211743     
  0.58000000000000007      -0.98784620413739810     
  0.58333333333333337      -0.98273524063459960     
  0.58666666666666667      -0.97573658098774851     
  0.59000000000000008      -0.96626787088521715     
  0.59333333333333338      -0.95361363390270681     
  0.59666666666666668      -0.93691249948423183     
  0.60000000000000009      -0.91515016566525009     
  0.60333333333333339      -0.88716123090731869     
  0.60666666666666669      -0.85164344680340842     
  0.60999999999999999      -0.80718810900104077     
  0.61333333333333340      -0.75233008131169410     
  0.61666666666666670      -0.68562019833048082     
  0.62000000000000000      -0.60572139405809899     
  0.62333333333333341      -0.51152778362439411     
  0.62666666666666671      -0.40230308698633876     
  0.63000000000000000      -0.27783134393620146     
  0.63333333333333341      -0.13856908388094025     
  0.63666666666666671        1.4215612027530203E-002
  0.64000000000000001       0.17833483609461515     
  0.64333333333333342       0.35062290227794840     
  0.64666666666666672       0.52694816266588651     
  0.65000000000000002       0.70231138748456856     
  0.65333333333333332       0.87104188119309667     
  0.65666666666666673        1.0270938364778912     
  0.66000000000000003        1.1644340933334607     
  0.66333333333333333        1.2774993937243100     
  0.66666666666666674        1.3616878670078061     
  0.67000000000000004        1.4138377577973000     
  0.67333333333333334        1.4326384681048470     
  0.67666666666666675        1.4189169131175488     
  0.68000000000000005        1.3757476176340480     
  0.68333333333333335        1.3083486892984293     
  0.68666666666666676        1.2237473814893096     
  0.69000000000000006        1.1302265913077130     
  0.69333333333333336        1.0365941312927018     
  0.69666666666666666       0.95134567019537175     
  0.70000000000000007       0.88181501414485652     
  0.70333333333333337       0.83341727985259073     
  0.70666666666666667       0.80908799766100015     
  0.71000000000000008       0.80900273142421009     
  0.71333333333333337       0.83062843558383248     
  0.71666666666666667       0.86911328058627701     
  0.72000000000000008       0.91797232372385507     
  0.72333333333333338       0.96998005912469931     
  0.72666666666666668        1.0181457462783856     
  0.73000000000000009        1.0566304742221488     
  0.73333333333333339        1.0814704473773553     
  0.73666666666666669        1.0909994400364709     
  0.74000000000000010        1.0859109512083971     
  0.74333333333333340        1.0689596102294636     
  0.74666666666666670        1.0443615020053671     
  0.75000000000000000        1.0170032216952891     
  0.75333333333333341       0.99160002138917003     
  0.75666666666666671       0.97194828515547216     
  0.76000000000000001       0.96039561823458952     
  0.76333333333333342       0.95760729154048330     
  0.76666666666666672       0.96264952510535240     
  0.77000000000000002       0.97334987446993237     
  0.77333333333333343       0.98684494414075496     
  0.77666666666666673        1.0001956940856171     
  0.78000000000000003        1.0109462169408889     
  0.78333333333333344        1.0175229264541303     
  0.78666666666666674        1.0194119770717434     
  0.79000000000000004        1.0171036504179449     
  0.79333333333333333        1.0118417997332512     
  0.79666666666666675        1.0052535461300991     
  0.80000000000000004       0.99895193070409649     
  0.80333333333333334       0.99419972883671259     
  0.80666666666666675       0.99169896226844945     
  0.81000000000000005       0.99153491442110930     
  0.81333333333333335       0.99326507674252362     
  0.81666666666666676       0.99611169043507253     
  0.82000000000000006       0.99919824436653737     
  0.82333333333333336        1.0017683669819863     
  0.82666666666666677        1.0033386034437903     
  0.83000000000000007        1.0037596144639176     
  0.83333333333333337        1.0031864199832699     
  0.83666666666666667        1.0019805126133265     
  0.84000000000000008        1.0005798803156698     
  0.84333333333333338       0.99937506520916630     
  0.84666666666666668       0.99862139248065906     
  0.85000000000000009       0.99840299921229048     
  0.85333333333333339       0.99864808891775403     
  0.85666666666666669       0.99918151504804431     
  0.86000000000000010       0.99979347889264525     
  0.86333333333333340        1.0003028165643406     
  0.86666666666666670        1.0005989525970365     
  0.87000000000000011        1.0006555441836824     
  0.87333333333333341        1.0005180407493162     
  0.87666666666666671        1.0002741976105520     
  0.88000000000000000        1.0000195097543547     
  0.88333333333333341       0.99982846178477303     
  0.88666666666666671       0.99973849884016019     
  0.89000000000000001       0.99974844801239149     
  0.89333333333333342       0.99982852193897542     
  0.89666666666666672       0.99993626600210428     
  0.90000000000000002        1.0000323218764848     
  0.90333333333333343        1.0000913423936761     
  0.90666666666666673        1.0001059442092020     
  0.91000000000000003        1.0000842054433088     
  0.91333333333333344        1.0000430781567931     
  0.91666666666666674        1.0000007777942415     
  0.92000000000000004       0.99997078091511138     
  0.92333333333333334       0.99995890342772265     
  0.92666666666666675       0.99996358433357446     
  0.93000000000000005       0.99997844292945171     
  0.93333333333333335       0.99999568395656113     
  0.93666666666666676        1.0000090199061096     
  0.94000000000000006        1.0000152869563648     
  0.94333333333333336        1.0000145800737337     
  0.94666666666666677        1.0000092712598962     
  0.95000000000000007        1.0000025498819185     
  0.95333333333333337       0.99999711025517224     
  0.95666666666666678       0.99999438905571236     
  0.96000000000000008       0.99999445510769680     
  0.96333333333333337       0.99999640089648201     
  0.96666666666666667       0.99999895425641161     
  0.97000000000000008        1.0000010326565483     
  0.97333333333333338        1.0000020629239137     
  0.97666666666666668        1.0000020237526908     
  0.98000000000000009        1.0000012794072684     
  0.98333333333333339        1.0000003273888225     
  0.98666666666666669       0.99999957703492115     
  0.99000000000000010       0.99999922948493469     
  0.99333333333333340       0.99999927101087793     
  0.99666666666666670       0.99999954634236810     
