   0.0000000000000000       -1.0044721861476231     
   3.3333333333333335E-003  -1.0000071905151169     
   6.6666666666666671E-003 -0.99678754318426899     
   1.0000000000000000E-002 -0.99540428864248254     
   1.3333333333333334E-002 -0.99576225424882681     
   1.6666666666666666E-002 -0.99727510600015823     
   2.0000000000000000E-002 -0.99916403686704403     
   2.3333333333333334E-002  -1.0007448726570409     
   2.6666666666666668E-002  -1.0016161272827107     
   3.0000000000000002E-002  -1.0017111281477411     
   3.3333333333333333E-002  -1.0012296470442763     
   3.6666666666666667E-002  -1.0005006014278892     
   4.0000000000000001E-002 -0.99983833363402608     
   4.3333333333333335E-002 -0.99944222490953782     
   4.6666666666666669E-002 -0.99936247191375183     
   5.0000000000000003E-002 -0.99952632594100632     
   5.3333333333333337E-002 -0.99979944660604658     
   5.6666666666666671E-002  -1.0000512238962220     
   6.0000000000000005E-002  -1.0001997694712512     
   6.3333333333333339E-002  -1.0002261793819958     
   6.6666666666666666E-002  -1.0001617327253980     
   7.0000000000000007E-002  -1.0000606313279363     
   7.3333333333333334E-002 -0.99997267376900656     
   7.6666666666666675E-002 -0.99992611378625051     
   8.0000000000000002E-002 -0.99992407313517562     
   8.3333333333333343E-002 -0.99995167917004901     
   8.6666666666666670E-002 -0.99998780730094006     
   9.0000000000000011E-002  -1.0000153929632509     
   9.3333333333333338E-002  -1.0000267234048095     
   9.6666666666666679E-002  -1.0000232497535269     
  0.10000000000000001       -1.0000118044033952     
  0.10333333333333335      -0.99999995129577424     
  0.10666666666666667      -0.99999265457431352     
  0.11000000000000000      -0.99999118224231509     
  0.11333333333333334      -0.99999392612756977     
  0.11666666666666667      -0.99999812661153220     
  0.12000000000000001       -1.0000014572677114     
  0.12333333333333334       -1.0000028474853988     
  0.12666666666666668       -1.0000024659812925     
  0.13000000000000000       -1.0000011774212965     
  0.13333333333333333      -0.99999990131128524     
  0.13666666666666669      -0.99999918958125800     
  0.14000000000000001      -0.99999912707824157     
  0.14333333333333334      -0.99999947728858007     
  0.14666666666666667      -0.99999991489828055     
  0.15000000000000002       -1.0000002072790035     
  0.15333333333333335       -1.0000002824842047     
  0.15666666666666668       -1.0000001970347359     
  0.16000000000000000       -1.0000000576892982     
  0.16333333333333333      -0.99999995157745403     
  0.16666666666666669      -0.99999991383885600     
  0.17000000000000001      -0.99999993281520971     
  0.17333333333333334      -0.99999997512365713     
  0.17666666666666667       -1.0000000106121083     
  0.18000000000000002       -1.0000000253494843     
  0.18333333333333335       -1.0000000213780289     
  0.18666666666666668       -1.0000000088690113     
  0.19000000000000000      -0.99999999767834724     
  0.19333333333333336      -0.99999999267701012     
  0.19666666666666668      -0.99999999354188884     
  0.20000000000000001      -0.99999999720003174     
  0.20333333333333334       -1.0000000005695462     
  0.20666666666666669       -1.0000000021006223     
  0.21000000000000002       -1.0000000018669242     
  0.21333333333333335       -1.0000000007973413     
  0.21666666666666667      -0.99999999981668641     
  0.22000000000000000      -0.99999999937240014     
  0.22333333333333336      -0.99999999941408058     
  0.22666666666666668      -0.99999999962543507     
  0.23000000000000001      -0.99999999965753006     
  0.23333333333333334      -0.99999999920348204     
  0.23666666666666669      -0.99999999786511928     
  0.24000000000000002      -0.99999999479981472     
  0.24333333333333335      -0.99999998806298507     
  0.24666666666666667      -0.99999997336929491     
  0.25000000000000000      -0.99999994165488970     
  0.25333333333333335      -0.99999987423972159     
  0.25666666666666671      -0.99999973336330894     
  0.26000000000000001      -0.99999944404944641     
  0.26333333333333336      -0.99999886008257555     
  0.26666666666666666      -0.99999770147838973     
  0.27000000000000002      -0.99999544189089651     
  0.27333333333333337      -0.99999111000876550     
  0.27666666666666667      -0.99998294650013242     
  0.28000000000000003      -0.99996782397491135     
  0.28333333333333333      -0.99994028747948460     
  0.28666666666666668      -0.99989100253076846     
  0.29000000000000004      -0.99980430235901341     
  0.29333333333333333      -0.99965440354237878     
  0.29666666666666669      -0.99939971168905872     
  0.30000000000000004      -0.99897447630757830     
  0.30333333333333334      -0.99827689896426752     
  0.30666666666666670      -0.99715269102594695     
  0.31000000000000000      -0.99537307802155306     
  0.31333333333333335      -0.99260644144936916     
  0.31666666666666671      -0.98838328001275511     
  0.32000000000000001      -0.98205507320270680     
  0.32333333333333336      -0.97274903852639616     
  0.32666666666666666      -0.95932273670508228     
  0.33000000000000002      -0.94032494612521256     
  0.33333333333333337      -0.91397199662712858     
  0.33666666666666667      -0.87815142193714357     
  0.34000000000000002      -0.83046673438398777     
  0.34333333333333338      -0.76833751698669617     
  0.34666666666666668      -0.68916692536771540     
  0.35000000000000003      -0.59058321409805936     
  0.35333333333333333      -0.47075248368411871     
  0.35666666666666669      -0.32874654666308989     
  0.36000000000000004      -0.16493362763260008     
  0.36333333333333334        1.8657322477180632E-002
  0.36666666666666670       0.21806232328371417     
  0.37000000000000005       0.42726945653270521     
  0.37333333333333335       0.63833556113457202     
  0.37666666666666671       0.84178319282808656     
  0.38000000000000000        1.0272952036863550     
  0.38333333333333336        1.1846770399241293     
  0.38666666666666671        1.3050013615287954     
  0.39000000000000001        1.3817953856916612     
  0.39333333333333337        1.4120906435238019     
  0.39666666666666667        1.3971402078648365     
  0.40000000000000002        1.3426297864591787     
  0.40333333333333338        1.2582702600267641     
  0.40666666666666668        1.1567555458511667     
  0.41000000000000003        1.0521867868710801     
  0.41333333333333339       0.95817938021169202     
  0.41666666666666669       0.88595674893295417     
  0.42000000000000004       0.84276949413853353     
  0.42333333333333334       0.83094491672670845     
  0.42666666666666669       0.84776866591440525     
  0.43000000000000005       0.88624346891337746     
  0.43333333333333335       0.93659105988721514     
  0.43666666666666670       0.98820326891429833     
  0.44000000000000000        1.0316467781931036     
  0.44333333333333336        1.0603116966017603     
  0.44666666666666671        1.0713747271845016     
  0.45000000000000001        1.0659067989452893     
  0.45333333333333337        1.0481545636405514     
  0.45666666666666672        1.0242149165290455     
  0.46000000000000002        1.0004528931829142     
  0.46333333333333337       0.98205243276103282     
  0.46666666666666667       0.97202832371194381     
  0.47000000000000003       0.97088579880280146     
  0.47333333333333338       0.97693354031266288     
  0.47666666666666668       0.98708776843688872     
  0.48000000000000004       0.99789528957464835     
  0.48333333333333334        1.0064782791158600     
  0.48666666666666669        1.0111631498626583     
  0.49000000000000005        1.0116750709343849     
  0.49333333333333335        1.0089177476656963     
  0.49666666666666670        1.0044721861476231     
  0.50000000000000000        1.0000071905151169     
  0.50333333333333341       0.99678754318426888     
  0.50666666666666671       0.99540428864248220     
  0.51000000000000001       0.99576225424882658     
  0.51333333333333342       0.99727510600015778     
  0.51666666666666672       0.99916403686704380     
  0.52000000000000002        1.0007448726570412     
  0.52333333333333332        1.0016161272827113     
  0.52666666666666673        1.0017111281477415     
  0.53000000000000003        1.0012296470442765     
  0.53333333333333333        1.0005006014278890     
  0.53666666666666674       0.99983833363402597     
  0.54000000000000004       0.99944222490953749     
  0.54333333333333333       0.99936247191375172     
  0.54666666666666675       0.99952632594100599     
  0.55000000000000004       0.99979944660604636     
  0.55333333333333334        1.0000512238962220     
  0.55666666666666675        1.0001997694712514     
  0.56000000000000005        1.0002261793819960     
  0.56333333333333335        1.0001617327253982     
  0.56666666666666665        1.0000606313279363     
  0.57000000000000006       0.99997267376900656     
  0.57333333333333336       0.99992611378625040     
  0.57666666666666666       0.99992407313517551     
  0.58000000000000007       0.99995167917004890     
  0.58333333333333337       0.99998780730093995     
  0.58666666666666667        1.0000153929632507     
  0.59000000000000008        1.0000267234048095     
  0.59333333333333338        1.0000232497535264     
  0.59666666666666668        1.0000118044033948     
  0.60000000000000009       0.99999995129577413     
  0.60333333333333339       0.99999265457431363     
  0.60666666666666669       0.99999118224231498     
  0.60999999999999999       0.99999392612756954     
  0.61333333333333340       0.99999812661153209     
  0.61666666666666670        1.0000014572677112     
  0.62000000000000000        1.0000028474853988     
  0.62333333333333341        1.0000024659812925     
  0.62666666666666671        1.0000011774212965     
  0.63000000000000000       0.99999990131128524     
  0.63333333333333341       0.99999918958125800     
  0.63666666666666671       0.99999912707824157     
  0.64000000000000001       0.99999947728858007     
  0.64333333333333342       0.99999991489828055     
  0.64666666666666672        1.0000002072790035     
  0.65000000000000002        1.0000002824842047     
  0.65333333333333332        1.0000001970347359     
  0.65666666666666673        1.0000000576892982     
  0.66000000000000003       0.99999995157745403     
  0.66333333333333333       0.99999991383885600     
  0.66666666666666674       0.99999993281520971     
  0.67000000000000004       0.99999997512365713     
  0.67333333333333334        1.0000000106121083     
  0.67666666666666675        1.0000000253494843     
  0.68000000000000005        1.0000000213780291     
  0.68333333333333335        1.0000000088690120     
  0.68666666666666676       0.99999999767834935     
  0.69000000000000006       0.99999999267701722     
  0.69333333333333336       0.99999999354191038     
  0.69666666666666666       0.99999999720009358     
  0.70000000000000007        1.0000000005697198     
  0.70333333333333337        1.0000000021010997     
  0.70666666666666667        1.0000000018682125     
  0.71000000000000008        1.0000000008007532     
  0.71333333333333337       0.99999999982555499     
  0.71666666666666667       0.99999999939503337     
  0.72000000000000008       0.99999999947079732     
  0.72333333333333338       0.99999999976500964     
  0.72666666666666668       0.99999999999488831     
  0.73000000000000009        1.0000000000044569     
  0.73333333333333339       0.99999999973338349     
  0.73666666666666669       0.99999999908130477     
  0.74000000000000010       0.99999999770416914     
  0.74333333333333340       0.99999999470379863     
  0.74666666666666670       0.99999998805142343     
  0.75000000000000000       0.99999997340728708     
  0.75333333333333341       0.99999994169788708     
  0.75666666666666671       0.99999987426213377     
  0.76000000000000001       0.99999973336315973     
  0.76333333333333342       0.99999944403797358     
  0.76666666666666672       0.99999886007165739     
  0.77000000000000002       0.99999770147372902     
  0.77333333333333343       0.99999544189192446     
  0.77666666666666673       0.99999111001205576     
  0.78000000000000003       0.99998294650271879     
  0.78333333333333344       0.99996782397570994     
  0.78666666666666674       0.99994028747895780     
  0.79000000000000004       0.99989100252988850     
  0.79333333333333333       0.99980430235845730     
  0.79666666666666675       0.99965440354229496     
  0.80000000000000004       0.99939971168925124     
  0.80333333333333334       0.99897447630779435     
  0.80666666666666675       0.99827689896437133     
  0.81000000000000005       0.99715269102593751     
  0.81333333333333335       0.99537307802149511     
  0.81666666666666676       0.99260644144932186     
  0.82000000000000006       0.98838328001274023     
  0.82333333333333336       0.98205507320271601     
  0.82666666666666677       0.97274903852641126     
  0.83000000000000007       0.95932273670509161     
  0.83333333333333337       0.94032494612521389     
  0.83666666666666667       0.91397199662712547     
  0.84000000000000008       0.87815142193714057     
  0.84333333333333338       0.83046673438398677     
  0.84666666666666668       0.76833751698669661     
  0.85000000000000009       0.68916692536771651     
  0.85333333333333339       0.59058321409805992     
  0.85666666666666669       0.47075248368411865     
  0.86000000000000010       0.32874654666308956     
  0.86333333333333340       0.16493362763259978     
  0.86666666666666670       -1.8657322477180861E-002
  0.87000000000000011      -0.21806232328371428     
  0.87333333333333341      -0.42726945653270537     
  0.87666666666666671      -0.63833556113457190     
  0.88000000000000000      -0.84178319282808656     
  0.88333333333333341       -1.0272952036863550     
  0.88666666666666671       -1.1846770399241295     
  0.89000000000000001       -1.3050013615287956     
  0.89333333333333342       -1.3817953856916616     
  0.89666666666666672       -1.4120906435238023     
  0.90000000000000002       -1.3971402078648367     
  0.90333333333333343       -1.3426297864591785     
  0.90666666666666673       -1.2582702600267639     
  0.91000000000000003       -1.1567555458511660     
  0.91333333333333344       -1.0521867868710799     
  0.91666666666666674      -0.95817938021169169     
  0.92000000000000004      -0.88595674893295395     
  0.92333333333333334      -0.84276949413853341     
  0.92666666666666675      -0.83094491672670856     
  0.93000000000000005      -0.84776866591440536     
  0.93333333333333335      -0.88624346891337757     
  0.93666666666666676      -0.93659105988721514     
  0.94000000000000006      -0.98820326891429811     
  0.94333333333333336       -1.0316467781931031     
  0.94666666666666677       -1.0603116966017592     
  0.95000000000000007       -1.0713747271845004     
  0.95333333333333337       -1.0659067989452884     
  0.95666666666666678       -1.0481545636405505     
  0.96000000000000008       -1.0242149165290446     
  0.96333333333333337       -1.0004528931829135     
  0.96666666666666667      -0.98205243276103249     
  0.97000000000000008      -0.97202832371194381     
  0.97333333333333338      -0.97088579880280135     
  0.97666666666666668      -0.97693354031266300     
  0.98000000000000009      -0.98708776843688872     
  0.98333333333333339      -0.99789528957464835     
  0.98666666666666669       -1.0064782791158597     
  0.99000000000000010       -1.0111631498626583     
  0.99333333333333340       -1.0116750709343849     
  0.99666666666666670       -1.0089177476656963     
