   0.0000000000000000       -1.0001442555533746     
   3.3333333333333335E-003  -1.0000777190158858     
   6.6666666666666671E-003  -1.0000053826098678     
   1.0000000000000000E-002 -0.99995835722392534     
   1.3333333333333334E-002 -0.99994622507405584     
   1.6666666666666666E-002 -0.99996079333524501     
   2.0000000000000000E-002 -0.99998588426226287     
   2.3333333333333334E-002  -1.0000069919767258     
   2.6666666666666668E-002  -1.0000167739703723     
   3.0000000000000002E-002  -1.0000155042692713     
   3.3333333333333333E-002  -1.0000080902464281     
   3.6666666666666667E-002  -1.0000001876926647     
   4.0000000000000001E-002 -0.99999544388087114     
   4.3333333333333335E-002 -0.99999466941281401     
   4.6666666666666669E-002 -0.99999658780089629     
   5.0000000000000003E-002 -0.99999923127970747     
   5.3333333333333337E-002  -1.0000011049376998     
   5.6666666666666671E-002  -1.0000016773225413     
   6.0000000000000005E-002  -1.0000012337820423     
   6.3333333333333339E-002  -1.0000004105849281     
   6.6666666666666666E-002 -0.99999975374636152     
   7.0000000000000007E-002 -0.99999950014692196     
   7.3333333333333334E-002 -0.99999959495736546     
   7.6666666666666675E-002 -0.99999984089377791     
   8.0000000000000002E-002  -1.0000000534797067     
   8.3333333333333343E-002  -1.0000001447075109     
   8.6666666666666670E-002  -1.0000001242214012     
   9.0000000000000011E-002  -1.0000000521366330     
   9.3333333333333338E-002 -0.99999998729259265     
   9.6666666666666679E-002 -0.99999995860478330     
  0.10000000000000001      -0.99999996389953716     
  0.10333333333333335      -0.99999998489944053     
  0.10666666666666667       -1.0000000037153876     
  0.11000000000000000       -1.0000000117790728     
  0.11333333333333334       -1.0000000099859274     
  0.11666666666666667       -1.0000000038954457     
  0.12000000000000001      -0.99999999869810230     
  0.12333333333333334      -0.99999999668022010     
  0.12666666666666668      -0.99999999738049417     
  0.13000000000000000      -0.99999999912316218     
  0.13333333333333333       -1.0000000004800933     
  0.13666666666666669       -1.0000000009147449     
  0.14000000000000001       -1.0000000006441407     
  0.14333333333333334       -1.0000000001601499     
  0.14666666666666667      -0.99999999983032073     
  0.15000000000000002      -0.99999999975800458     
  0.15333333333333335      -0.99999999985461618     
  0.15666666666666668      -0.99999999998244204     
  0.16000000000000000       -1.0000000000549356     
  0.16333333333333333       -1.0000000000592919     
  0.16666666666666669       -1.0000000000263831     
  0.17000000000000001      -0.99999999999015565     
  0.17333333333333334      -0.99999999996307154     
  0.17666666666666667      -0.99999999992971389     
  0.18000000000000002      -0.99999999984357746     
  0.18333333333333335      -0.99999999960396280     
  0.18666666666666668      -0.99999999898078262     
  0.19000000000000000      -0.99999999742810552     
  0.19333333333333336      -0.99999999365841041     
  0.19666666666666668      -0.99999998469845741     
  0.20000000000000001      -0.99999996383777490     
  0.20333333333333334      -0.99999991626545326     
  0.20666666666666669      -0.99999980999945259     
  0.21000000000000002      -0.99999957746412171     
  0.21333333333333335      -0.99999907894353313     
  0.21666666666666667      -0.99999803177508206     
  0.22000000000000000      -0.99999587640344023     
  0.22333333333333336      -0.99999152903976729     
  0.22666666666666668      -0.99998293599232813     
  0.23000000000000001      -0.99996629044154772     
  0.23333333333333334      -0.99993469067126950     
  0.23666666666666669      -0.99987590087278011     
  0.24000000000000002      -0.99976871394967215     
  0.24333333333333335      -0.99957720705533193     
  0.24666666666666667      -0.99924193166295106     
  0.25000000000000000      -0.99866681539192925     
  0.25333333333333335      -0.99770032463499314     
  0.25666666666666671      -0.99610933451009565     
  0.26000000000000001      -0.99354430891383794     
  0.26333333333333336      -0.98949498377198142     
  0.26666666666666666      -0.98323697176543456     
  0.27000000000000002      -0.97377175447701358     
  0.27333333333333337      -0.95976550696682128     
  0.27666666666666667      -0.93949604904596362     
  0.28000000000000003      -0.91082159950440444     
  0.28333333333333333      -0.87118921439375707     
  0.28666666666666668      -0.81770368930942294     
  0.29000000000000004      -0.74727780327225490     
  0.29333333333333333      -0.65688041731142688     
  0.29666666666666669      -0.54388866432916538     
  0.30000000000000004      -0.40653357724568812     
  0.30333333333333334      -0.24440566478158313     
  0.30666666666666670       -5.8960729044292767E-002
  0.31000000000000000       0.14605865547106686     
  0.31333333333333335       0.36438754140082241     
  0.31666666666666671       0.58729204124317180     
  0.32000000000000001       0.80399466204079517     
  0.32333333333333336        1.0025087769171970     
  0.32666666666666666        1.1708503885222699     
  0.33000000000000002        1.2985115862593606     
  0.33333333333333337        1.3779973345870749     
  0.33666666666666667        1.4061659329121827     
  0.34000000000000002        1.3850946943138696     
  0.34333333333333338        1.3222318578718768     
  0.34666666666666668        1.2296979154690961     
  0.35000000000000003        1.1227531614782209     
  0.35333333333333333        1.0176256910744939     
  0.35666666666666669       0.92905525660381594     
  0.36000000000000004       0.86800982942032645     
  0.36333333333333334       0.84003833397026906     
  0.36666666666666670       0.84461998999299182     
  0.37000000000000005       0.87567122084320415     
  0.37333333333333335       0.92311684638977365     
  0.37666666666666671       0.97518507339194471     
  0.38000000000000000        1.0209116427080354     
  0.38333333333333336        1.0522883500563105     
  0.38666666666666671        1.0655841858360928     
  0.39000000000000001        1.0615825838645063     
  0.39333333333333337        1.0447584361654143     
  0.39666666666666667        1.0216857180889796     
  0.40000000000000002       0.99914557085867106     
  0.40333333333333338       0.98244648971830006     
  0.40666666666666668       0.97436571050275644     
  0.41000000000000003       0.97491087589991188     
  0.41333333333333339       0.98185214984055791     
  0.41666666666666669       0.99176444499258321     
  0.42000000000000004        1.0012079645592520     
  0.42333333333333334        1.0076877558864938     
  0.42666666666666669        1.0101525891182919     
  0.43000000000000005        1.0089702473051199     
  0.43333333333333335        1.0054867434746653     
  0.43666666666666670        1.0013868862088413     
  0.44000000000000000       0.99809577516373205     
  0.44333333333333336       0.99640132247649271     
  0.44666666666666671       0.99636993427838583     
  0.45000000000000001       0.99751595710769292     
  0.45333333333333337       0.99910934162075826     
  0.45666666666666672        1.0004850448185749     
  0.46000000000000002        1.0012485610134962     
  0.46333333333333337        1.0013331381879940     
  0.46666666666666667        1.0009272997516869     
  0.47000000000000003        1.0003328761051606     
  0.47333333333333338       0.99982337977176872     
  0.47666666666666668       0.99955406598925323     
  0.48000000000000004       0.99954208875944150     
  0.48333333333333334       0.99970386649276632     
  0.48666666666666669       0.99991873090241634     
  0.49000000000000005        1.0000867280170511     
  0.49333333333333335        1.0001600852356947     
  0.49666666666666670        1.0001442555533746     
  0.50000000000000000        1.0000777190158858     
  0.50333333333333341        1.0000053826098678     
  0.50666666666666671       0.99995835722392534     
  0.51000000000000001       0.99994622507405584     
  0.51333333333333342       0.99996079333524501     
  0.51666666666666672       0.99998588426226287     
  0.52000000000000002        1.0000069919767258     
  0.52333333333333332        1.0000167739703723     
  0.52666666666666673        1.0000155042692713     
  0.53000000000000003        1.0000080902464281     
  0.53333333333333333        1.0000001876926647     
  0.53666666666666674       0.99999544388087114     
  0.54000000000000004       0.99999466941281401     
  0.54333333333333333       0.99999658780089629     
  0.54666666666666675       0.99999923127970747     
  0.55000000000000004        1.0000011049376998     
  0.55333333333333334        1.0000016773225413     
  0.55666666666666675        1.0000012337820423     
  0.56000000000000005        1.0000004105849281     
  0.56333333333333335       0.99999975374636152     
  0.56666666666666665       0.99999950014692196     
  0.57000000000000006       0.99999959495736546     
  0.57333333333333336       0.99999984089377791     
  0.57666666666666666        1.0000000534797067     
  0.58000000000000007        1.0000001447075109     
  0.58333333333333337        1.0000001242214012     
  0.58666666666666667        1.0000000521366330     
  0.59000000000000008       0.99999998729259265     
  0.59333333333333338       0.99999995860478330     
  0.59666666666666668       0.99999996389953716     
  0.60000000000000009       0.99999998489944053     
  0.60333333333333339        1.0000000037153876     
  0.60666666666666669        1.0000000117790728     
  0.60999999999999999        1.0000000099859274     
  0.61333333333333340        1.0000000038954457     
  0.61666666666666670       0.99999999869810230     
  0.62000000000000000       0.99999999668022010     
  0.62333333333333341       0.99999999738049417     
  0.62666666666666671       0.99999999912316218     
  0.63000000000000000        1.0000000004800933     
  0.63333333333333341        1.0000000009147449     
  0.63666666666666671        1.0000000006441410     
  0.64000000000000001        1.0000000001601506     
  0.64333333333333342       0.99999999983032317     
  0.64666666666666672       0.99999999975801313     
  0.65000000000000002       0.99999999985464316     
  0.65333333333333332       0.99999999998252753     
  0.65666666666666673        1.0000000000551972     
  0.66000000000000003        1.0000000000600728     
  0.66333333333333333        1.0000000000286593     
  0.66666666666666674       0.99999999999664146     
  0.67000000000000004       0.99999999998113898     
  0.67333333333333334       0.99999999997892908     
  0.67666666666666675       0.99999999997470213     
  0.68000000000000005       0.99999999994574740     
  0.68333333333333335       0.99999999985254895     
  0.68666666666666676       0.99999999960439878     
  0.69000000000000006       0.99999999897690339     
  0.69333333333333336       0.99999999742443102     
  0.69666666666666666       0.99999999365697301     
  0.70000000000000007       0.99999998469891194     
  0.70333333333333337       0.99999996383884726     
  0.70666666666666667       0.99999991626618068     
  0.71000000000000008       0.99999980999958915     
  0.71333333333333337       0.99999957746390422     
  0.71666666666666667       0.99999907894328266     
  0.72000000000000008       0.99999803177496671     
  0.72333333333333338       0.99999587640345577     
  0.72666666666666668       0.99999152903983302     
  0.73000000000000009       0.99998293599237686     
  0.73333333333333339       0.99996629044155916     
  0.73666666666666669       0.99993469067125762     
  0.74000000000000010       0.99987590087276512     
  0.74333333333333340       0.99976871394966527     
  0.74666666666666670       0.99957720705533304     
  0.75000000000000000       0.99924193166295483     
  0.75333333333333341       0.99866681539193181     
  0.75666666666666671       0.99770032463499347     
  0.76000000000000001       0.99610933451009498     
  0.76333333333333342       0.99354430891383727     
  0.76666666666666672       0.98949498377198097     
  0.77000000000000002       0.98323697176543468     
  0.77333333333333343       0.97377175447701370     
  0.77666666666666673       0.95976550696682139     
  0.78000000000000003       0.93949604904596373     
  0.78333333333333344       0.91082159950440444     
  0.78666666666666674       0.87118921439375729     
  0.79000000000000004       0.81770368930942328     
  0.79333333333333333       0.74727780327225490     
  0.79666666666666675       0.65688041731142655     
  0.80000000000000004       0.54388866432916516     
  0.80333333333333334       0.40653357724568795     
  0.80666666666666675       0.24440566478158315     
  0.81000000000000005        5.8960729044292837E-002
  0.81333333333333335      -0.14605865547106683     
  0.81666666666666676      -0.36438754140082241     
  0.82000000000000006      -0.58729204124317180     
  0.82333333333333336      -0.80399466204079517     
  0.82666666666666677       -1.0025087769171970     
  0.83000000000000007       -1.1708503885222701     
  0.83333333333333337       -1.2985115862593610     
  0.83666666666666667       -1.3779973345870753     
  0.84000000000000008       -1.4061659329121829     
  0.84333333333333338       -1.3850946943138696     
  0.84666666666666668       -1.3222318578718768     
  0.85000000000000009       -1.2296979154690961     
  0.85333333333333339       -1.1227531614782209     
  0.85666666666666669       -1.0176256910744939     
  0.86000000000000010      -0.92905525660381605     
  0.86333333333333340      -0.86800982942032678     
  0.86666666666666670      -0.84003833397026928     
  0.87000000000000011      -0.84461998999299182     
  0.87333333333333341      -0.87567122084320426     
  0.87666666666666671      -0.92311684638977387     
  0.88000000000000000      -0.97518507339194505     
  0.88333333333333341       -1.0209116427080356     
  0.88666666666666671       -1.0522883500563101     
  0.89000000000000001       -1.0655841858360926     
  0.89333333333333342       -1.0615825838645057     
  0.89666666666666672       -1.0447584361654139     
  0.90000000000000002       -1.0216857180889789     
  0.90333333333333343      -0.99914557085867051     
  0.90666666666666673      -0.98244648971829973     
  0.91000000000000003      -0.97436571050275644     
  0.91333333333333344      -0.97491087589991188     
  0.91666666666666674      -0.98185214984055813     
  0.92000000000000004      -0.99176444499258332     
  0.92333333333333334       -1.0012079645592518     
  0.92666666666666675       -1.0076877558864936     
  0.93000000000000005       -1.0101525891182919     
  0.93333333333333335       -1.0089702473051203     
  0.93666666666666676       -1.0054867434746653     
  0.94000000000000006       -1.0013868862088415     
  0.94333333333333336      -0.99809577516373205     
  0.94666666666666677      -0.99640132247649282     
  0.95000000000000007      -0.99636993427838594     
  0.95333333333333337      -0.99751595710769303     
  0.95666666666666678      -0.99910934162075837     
  0.96000000000000008       -1.0004850448185749     
  0.96333333333333337       -1.0012485610134962     
  0.96666666666666667       -1.0013331381879940     
  0.97000000000000008       -1.0009272997516869     
  0.97333333333333338       -1.0003328761051606     
  0.97666666666666668      -0.99982337977176872     
  0.98000000000000009      -0.99955406598925323     
  0.98333333333333339      -0.99954208875944150     
  0.98666666666666669      -0.99970386649276632     
  0.99000000000000010      -0.99991873090241634     
  0.99333333333333340       -1.0000867280170511     
  0.99666666666666670       -1.0001600852356947     
