   0.0000000000000000       0.89812077644813937     
   3.3333333333333335E-003  0.84298300737065812     
   6.6666666666666671E-003  0.80672950594857673     
   1.0000000000000000E-002  0.79088734347547784     
   1.3333333333333334E-002  0.79516382689323029     
   1.6666666666666666E-002  0.81749742592188379     
   2.0000000000000000E-002  0.85428466871064335     
   2.3333333333333334E-002  0.90076545460854307     
   2.6666666666666668E-002  0.95152955912529846     
   3.0000000000000002E-002   1.0010907038089905     
   3.3333333333333333E-002   1.0444639484917302     
   3.6666666666666667E-002   1.0776792607521501     
   4.0000000000000001E-002   1.0981699030815579     
   4.3333333333333335E-002   1.1049885294349802     
   4.6666666666666669E-002   1.0988250982764116     
   5.0000000000000003E-002   1.0818262301991608     
   5.3333333333333337E-002   1.0572419735447645     
   5.6666666666666671E-002   1.0289492614524107     
   6.0000000000000005E-002   1.0009180740173584     
   6.3333333333333339E-002  0.97669373926900771     
   6.6666666666666666E-002  0.95896554795821620     
   7.0000000000000007E-002  0.94927820295105458     
   7.3333333333333334E-002  0.94792054203486875     
   7.6666666666666675E-002  0.95399885527680706     
   8.0000000000000002E-002  0.96567425681200214     
   8.3333333333333343E-002  0.98051944925893941     
   8.6666666666666670E-002  0.99593373887043213     
   9.0000000000000011E-002   1.0095489469104295     
   9.3333333333333338E-002   1.0195637836281706     
   9.6666666666666679E-002   1.0249592390117677     
  0.10000000000000001        1.0255697817282199     
  0.10333333333333335        1.0220105871149485     
  0.10666666666666667        1.0154850895898708     
  0.11000000000000000        1.0075156833858057     
  0.11333333333333334       0.99965032096133766     
  0.11666666666666667       0.99319771214682362     
  0.12000000000000001       0.98903434895674469     
  0.12333333333333334       0.98750996127955626     
  0.12666666666666668       0.98845778589196442     
  0.13000000000000000       0.99129625284531231     
  0.13333333333333333       0.99519309467235917     
  0.13666666666666669       0.99925415834030451     
  0.14000000000000001        1.0026985095193459     
  0.14333333333333334        1.0049882425905783     
  0.14666666666666667        1.0058937500641605     
  0.15000000000000002        1.0054900934060382     
  0.15333333333333335        1.0040942993562940     
  0.15666666666666668        1.0021640466798498     
  0.16000000000000000        1.0001834627762816     
  0.16333333333333333       0.99856107942287098     
  0.16666666666666669       0.99755917874419875     
  0.17000000000000001       0.99726460251541382     
  0.17333333333333334       0.99760094907789842     
  0.17666666666666667       0.99837326034260176     
  0.18000000000000002       0.99933057792637270     
  0.18333333333333335        1.0002300030155564     
  0.18666666666666668        1.0008880119798005     
  0.19000000000000000        1.0012097791545920     
  0.19333333333333336        1.0011936198514595     
  0.19666666666666668        1.0009137474710756     
  0.20000000000000001        1.0004889729732096     
  0.20333333333333334        1.0000469645109080     
  0.20666666666666669       0.99969311834448982     
  0.21000000000000002       0.99949048345828628     
  0.21333333333333335       0.99945346450880557     
  0.21666666666666667       0.99955426795714364     
  0.22000000000000000       0.99973817444007629     
  0.22333333333333336       0.99994228176776978     
  0.22666666666666668        1.0001124874439071     
  0.23000000000000001        1.0002148773433746     
  0.23333333333333334        1.0002397932629563     
  0.23666666666666669        1.0001990131025511     
  0.24000000000000002        1.0001181336403104     
  0.24333333333333335        1.0000270614047666     
  0.24666666666666667       0.99995143174846124     
  0.25000000000000000       0.99990697577656673     
  0.25333333333333335       0.99989768095278764     
  0.25666666666666671       0.99991742384032267     
  0.26000000000000001       0.99995390193058353     
  0.26333333333333336       0.99999332346938952     
  0.26666666666666666        1.0000244350092273     
  0.27000000000000002        1.0000409470985598     
  0.27333333333333337        1.0000420558793335     
  0.27666666666666667        1.0000313452398542     
  0.28000000000000003        1.0000147380792455     
  0.28333333333333333       0.99999828083483389     
  0.28666666666666668       0.99998641613641914     
  0.29000000000000004       0.99998111241468979     
  0.29333333333333333       0.99998189122613146     
  0.29666666666666669       0.99998652582545045     
  0.30000000000000004       0.99999204166000777     
  0.30333333333333334       0.99999564471136237     
  0.30666666666666670       0.99999530719364604     
  0.31000000000000000       0.99998989668113969     
  0.31333333333333335       0.99997888520244749     
  0.31666666666666671       0.99996177483584148     
  0.32000000000000001       0.99993740631165151     
  0.32333333333333336       0.99990328275534646     
  0.32666666666666666       0.99985496555456610     
  0.33000000000000002       0.99978551362879364     
  0.33333333333333337       0.99968486722574845     
  0.33666666666666667       0.99953903769294705     
  0.34000000000000002       0.99932895731426119     
  0.34333333333333338       0.99902885972412214     
  0.34666666666666668       0.99860408819062807     
  0.35000000000000003       0.99800825378386537     
  0.35333333333333333       0.99717968108664989     
  0.35666666666666669       0.99603708578695893     
  0.36000000000000004       0.99447443270091263     
  0.36333333333333334       0.99235493481441539     
  0.36666666666666670       0.98950418479370850     
  0.37000000000000005       0.98570246912689208     
  0.37333333333333335       0.98067640708857373     
  0.37666666666666671       0.97409018350391863     
  0.38000000000000000       0.96553680349259274     
  0.38333333333333336       0.95452998332612027     
  0.38666666666666671       0.94049749533266946     
  0.39000000000000001       0.92277699385116707     
  0.39333333333333337       0.90061554640926245     
  0.39666666666666667       0.87317425685615735     
  0.40000000000000002       0.83953946633295062     
  0.40333333333333338       0.79874201935022815     
  0.40666666666666668       0.74978594785472130     
  0.41000000000000003       0.69168761789540889     
  0.41333333333333339       0.62352586829301315     
  0.41666666666666669       0.54450292706271686     
  0.42000000000000004       0.45401491655783266     
  0.42333333333333334       0.35172957589837811     
  0.42666666666666669       0.23766749534975309     
  0.43000000000000005       0.11228176499512006     
  0.43333333333333335       -2.3470379791670638E-002
  0.43666666666666670      -0.16807141605082057     
  0.44000000000000000      -0.31941105017669796     
  0.44333333333333336      -0.47478558290936829     
  0.44666666666666671      -0.63093653861644905     
  0.45000000000000001      -0.78413425811606674     
  0.45333333333333337      -0.93030942766772806     
  0.45666666666666672       -1.0652318192455628     
  0.46000000000000002       -1.1847310161170206     
  0.46333333333333337       -1.2849489026363758     
  0.46666666666666667       -1.3626086573090523     
  0.47000000000000003       -1.4152804695553367     
  0.47333333333333338       -1.4416208399786874     
  0.47666666666666668       -1.4415607609149597     
  0.48000000000000004       -1.4164188653239980     
  0.48333333333333334       -1.3689191566804837     
  0.48666666666666669       -1.3030992999327167     
  0.49000000000000005       -1.2241044300791926     
  0.49333333333333335       -1.1378724034352927     
  0.49666666666666670       -1.0507283846709365     
  0.50000000000000000      -0.96891832717089232     
  0.50333333333333341      -0.89812077632184573     
  0.50666666666666671      -0.84298300725738073     
  0.51000000000000001      -0.80672950588760350     
  0.51333333333333342      -0.79088734347173617     
  0.51666666666666672      -0.79516382692751730     
  0.52000000000000002      -0.81749742596696806     
  0.52333333333333332      -0.85428466874484710     
  0.52666666666666673      -0.90076545462232049     
  0.53000000000000003      -0.95152955912066484     
  0.53333333333333333       -1.0010907037945547     
  0.53666666666666674       -1.0444639484768714     
  0.54000000000000004       -1.0776792607429801     
  0.54333333333333333       -1.0981699030796539     
  0.54666666666666675       -1.1049885294384052     
  0.55000000000000004       -1.0988250982817884     
  0.55333333333333334       -1.0818262302035730     
  0.55666666666666675       -1.0572419735467764     
  0.56000000000000005       -1.0289492614521045     
  0.56333333333333335       -1.0009180740157368     
  0.56666666666666665      -0.97669373926723813     
  0.57000000000000006      -0.95896554795708611     
  0.57333333333333336      -0.94927820295078835     
  0.57666666666666666      -0.94792054203524623     
  0.58000000000000007      -0.95399885527742367     
  0.58333333333333337      -0.96567425681250818     
  0.58666666666666667      -0.98051944925916557     
  0.59000000000000008      -0.99593373887039183     
  0.59333333333333338       -1.0095489469102441     
  0.59666666666666668       -1.0195637836279756     
  0.60000000000000009       -1.0249592390116502     
  0.60333333333333339       -1.0255697817281990     
  0.60666666666666669       -1.0220105871149956     
  0.60999999999999999       -1.0154850895899388     
  0.61333333333333340       -1.0075156833858565     
  0.61666666666666670      -0.99965032096135598     
  0.62000000000000000      -0.99319771214681429     
  0.62333333333333341      -0.98903434895672238     
  0.62666666666666671      -0.98750996127953550     
  0.63000000000000000      -0.98845778589195332     
  0.63333333333333341      -0.99129625284531186     
  0.63666666666666671      -0.99519309467236516     
  0.64000000000000001      -0.99925415834031184     
  0.64333333333333342       -1.0026985095193510     
  0.64666666666666672       -1.0049882425905796     
  0.65000000000000002       -1.0058937500641594     
  0.65333333333333332       -1.0054900934060367     
  0.65666666666666673       -1.0040942993562929     
  0.66000000000000003       -1.0021640466798496     
  0.66333333333333333       -1.0001834627762825     
  0.66666666666666674      -0.99856107942287209     
  0.67000000000000004      -0.99755917874419942     
  0.67333333333333334      -0.99726460251541338     
  0.67666666666666675      -0.99760094907789620     
  0.68000000000000005      -0.99837326034259644     
  0.68333333333333335      -0.99933057792636149     
  0.68666666666666676       -1.0002300030155344     
  0.69000000000000006       -1.0008880119797574     
  0.69333333333333336       -1.0012097791545078     
  0.69666666666666666       -1.0011936198512965     
  0.70000000000000007       -1.0009137474707623     
  0.70333333333333337       -1.0004889729726112     
  0.70666666666666667       -1.0000469645097732     
  0.71000000000000008      -0.99969311834235275     
  0.71333333333333337      -0.99949048345428892     
  0.71666666666666667      -0.99945346450137773     
  0.72000000000000008      -0.99955426794343527     
  0.72333333333333338      -0.99973817441494672     
  0.72666666666666668      -0.99994228172201427     
  0.73000000000000009       -1.0001124873611584     
  0.73333333333333339       -1.0002148771947346     
  0.73666666666666669       -1.0002397929977633     
  0.74000000000000010       -1.0001990126326195     
  0.74333333333333340       -1.0001181328132309     
  0.74666666666666670       -1.0000270599590095     
  0.75000000000000000      -0.99995142923846847     
  0.75333333333333341      -0.99990697144871044     
  0.75666666666666671      -0.99989767354156722     
  0.76000000000000001      -0.99991741123609934     
  0.76333333333333342      -0.99995388064211876     
  0.76666666666666672      -0.99999328776131979     
  0.77000000000000002       -1.0000243755288738     
  0.77333333333333343       -1.0000408487072772     
  0.77666666666666673       -1.0000418942553506     
  0.78000000000000003       -1.0000310816002411     
  0.78333333333333344       -1.0000143110475315     
  0.78666666666666674      -0.99999759401559551     
  0.79000000000000004      -0.99998531929162227     
  0.79333333333333333      -0.99997937319228969     
  0.79666666666666675      -0.99997915306940122     
  0.80000000000000004      -0.99998224586318829     
  0.80333333333333334      -0.99998539988164070     
  0.80666666666666675      -0.99998541236899796     
  0.81000000000000005      -0.99997965790969445     
  0.81333333333333335      -0.99996613790486610     
  0.81666666666666676      -0.99994308015590139     
  0.82000000000000006      -0.99990821561627585     
  0.82333333333333336      -0.99985788709548518     
  0.82666666666666677      -0.99978610787208844     
  0.83000000000000007      -0.99968361050332022     
  0.83333333333333337      -0.99953683806435867     
  0.83666666666666667      -0.99932675806817639     
  0.84000000000000008      -0.99902733883306916     
  0.84333333333333338      -0.99860352157937526     
  0.84666666666666668      -0.99800854135068295     
  0.85000000000000009      -0.99718048354489641     
  0.85333333333333339      -0.99603799912966751     
  0.85666666666666669      -0.99447513466054949     
  0.86000000000000010      -0.99235526426054599     
  0.86333333333333340      -0.98950414710759971     
  0.86666666666666670      -0.98570218638334040     
  0.87000000000000011      -0.98067604462622415     
  0.87333333333333341      -0.97408988345695247     
  0.87666666666666671      -0.96553664508762571     
  0.88000000000000000      -0.95452997539578011     
  0.88333333333333341      -0.94049759429491475     
  0.88666666666666671      -0.92277713383691584     
  0.89000000000000001      -0.90061566794766590     
  0.89333333333333342      -0.87317432490321778     
  0.89666666666666672      -0.83953947468286994     
  0.90000000000000002      -0.79874198394834928     
  0.90333333333333343      -0.74978589458145350     
  0.90666666666666673      -0.69168757065223152     
  0.91000000000000003      -0.62352584139847411     
  0.91333333333333344      -0.54450292328745342     
  0.91666666666666674      -0.45401492977221669     
  0.92000000000000004      -0.35172959600422105     
  0.92333333333333334      -0.23766751306865685     
  0.92666666666666675      -0.11228177487224698     
  0.93000000000000005        2.3470378678264806E-002
  0.93333333333333335       0.16807142121373420     
  0.93666666666666676       0.31941105770208073     
  0.94000000000000006       0.47478558931894849     
  0.94333333333333336       0.63093654197692550     
  0.94666666666666677       0.78413425823371652     
  0.95000000000000007       0.93030942558913721     
  0.95333333333333337        1.0652318164685861     
  0.95666666666666678        1.1847310138939151     
  0.96000000000000008        1.2849489015953666     
  0.96333333333333337        1.3626086574305503     
  0.96666666666666667        1.4152804703959290     
  0.97000000000000008        1.4416208409783906     
  0.97333333333333338        1.4415607616455881     
  0.97666666666666668        1.4164188656049914     
  0.98000000000000009        1.3689191565626082     
  0.98333333333333339        1.3030992995998745     
  0.98666666666666669        1.2241044297330190     
  0.99000000000000010        1.1378724032122878     
  0.99333333333333340        1.0507283846128148     
  0.99666666666666670       0.96891832724147731     
