   0.0000000000000000       -1.0000000000000000     
   3.3333333333333335E-003  -1.0000000000000000     
   6.6666666666666671E-003  -1.0000000000000000     
   1.0000000000000000E-002  -1.0000000000000000     
   1.3333333333333334E-002  -1.0000000000000000     
   1.6666666666666666E-002  -1.0000000000000000     
   2.0000000000000000E-002  -1.0000000000000000     
   2.3333333333333334E-002  -1.0000000000000000     
   2.6666666666666668E-002 -0.99999999999999978     
   3.0000000000000002E-002 -0.99999999999999833     
   3.3333333333333333E-002 -0.99999999999998768     
   3.6666666666666667E-002 -0.99999999999991962     
   4.0000000000000001E-002 -0.99999999999951639     
   4.3333333333333335E-002 -0.99999999999732170     
   4.6666666666666669E-002 -0.99999999998625910     
   5.0000000000000003E-002 -0.99999999993438926     
   5.3333333333333337E-002 -0.99999999970719911     
   5.6666666666666671E-002 -0.99999999877430645     
   6.0000000000000005E-002 -0.99999999517183802     
   6.3333333333333339E-002 -0.99999998205324359     
   6.6666666666666666E-002 -0.99999993689432809     
   7.0000000000000007E-002 -0.99999978963028591     
   7.3333333333333334E-002 -0.99999933383711626     
   7.6666666666666675E-002 -0.99999799266919487     
   8.0000000000000002E-002 -0.99999423529266041     
   8.3333333333333343E-002 -0.99998419981168363     
   8.6666666666666670E-002 -0.99995861751892190     
   9.0000000000000011E-002 -0.99989631298395121     
   9.3333333333333338E-002 -0.99975121916619469     
   9.6666666666666679E-002 -0.99942789440388125     
  0.10000000000000001      -0.99873806024841438     
  0.10333333333333335      -0.99732823790974690     
  0.10666666666666667      -0.99456741277813043     
  0.11000000000000000      -0.98938598619747120     
  0.11333333333333334      -0.98006604479525272     
  0.11666666666666667      -0.96400113991821668     
  0.12000000000000001      -0.93747258282135415     
  0.12333333333333334      -0.89552584946441882     
  0.12666666666666668      -0.83206558062583291     
  0.13000000000000000      -0.74030383044706172     
  0.13333333333333333      -0.61367156868035055     
  0.13666666666666669      -0.44721824043062641     
  0.14000000000000001      -0.23937295742905629     
  0.14333333333333334        6.2547263670076625E-003
  0.14666666666666667       0.27954073837505838     
  0.15000000000000002       0.56357500963122231     
  0.15333333333333335       0.83595796083353990     
  0.15666666666666668        1.0718521687087239     
  0.16000000000000000        1.2484627668394317     
  0.16333333333333333        1.3500431455953208     
  0.16666666666666669        1.3720931340487925     
  0.17000000000000001        1.3233550483850933     
  0.17333333333333334        1.2246477862510670     
  0.17666666666666667        1.1044602625136064     
  0.18000000000000002       0.99229701871070441     
  0.18333333333333335       0.91163708892362483     
  0.18666666666666668       0.87465252609032684     
  0.19000000000000000       0.88034711924443954     
  0.19333333333333336       0.91663858905525963     
  0.19666666666666668       0.96553203862427017     
  0.20000000000000001        1.0094659035229769     
  0.20333333333333334        1.0365946606650176     
  0.20666666666666669        1.0433307755383923     
  0.21000000000000002        1.0336454683669620     
  0.21333333333333335        1.0159017055005815     
  0.21666666666666667       0.99882174557567704     
  0.22000000000000000       0.98826714978576735     
  0.22333333333333336       0.98588634748837944     
  0.22666666666666668       0.98972712118645612     
  0.23000000000000001       0.99608842654524865     
  0.23333333333333334        1.0015379717326489     
  0.23666666666666669        1.0042146633015316     
  0.24000000000000002        1.0040703682017003     
  0.24333333333333335        1.0022629505694494     
  0.24666666666666667        1.0002289279443519     
  0.25000000000000000       0.99895140502228918     
  0.25333333333333335       0.99868997566495721     
  0.25666666666666671       0.99913893568527479     
  0.26000000000000001       0.99978917822054203     
  0.26333333333333336        1.0002484429562020     
  0.26666666666666666        1.0003811496416846     
  0.27000000000000002        1.0002679976661499     
  0.27333333333333337        1.0000753028279030     
  0.27666666666666667       0.99993544099578036     
  0.28000000000000003       0.99989469336570591     
  0.28333333333333333       0.99992755023226143     
  0.28666666666666668       0.99998210446513947     
  0.29000000000000004        1.0000193033169604     
  0.29333333333333333        1.0000277812762470     
  0.29666666666666669        1.0000170491100948     
  0.30000000000000004        1.0000024561262941     
  0.30333333333333334       0.99999395945526293     
  0.30666666666666670       0.99999320226019894     
  0.31000000000000000       0.99999666175473856     
  0.31333333333333335        1.0000002037941758     
  0.31666666666666671        1.0000017559638499     
  0.32000000000000001        1.0000014635746133     
  0.32333333333333336        1.0000004727625331     
  0.32666666666666666       0.99999973978301238     
  0.33000000000000002       0.99999956175549254     
  0.33333333333333337       0.99999974469419606     
  0.33666666666666667       0.99999998084138686     
  0.34000000000000002        1.0000000969382976     
  0.34333333333333338        1.0000000881760629     
  0.34666666666666668        1.0000000296941023     
  0.35000000000000003       0.99999998595410400     
  0.35333333333333333       0.99999997612077141     
  0.35666666666666669       0.99999998710117821     
  0.36000000000000004       0.99999999994904565     
  0.36333333333333334        1.0000000053296518     
  0.36666666666666670        1.0000000040989314     
  0.37000000000000005        1.0000000009225460     
  0.37333333333333335       0.99999999902740244     
  0.37666666666666671       0.99999999890668945     
  0.38000000000000000       0.99999999958527153     
  0.38333333333333336        1.0000000001315723     
  0.38666666666666671        1.0000000002577687     
  0.39000000000000001        1.0000000001324665     
  0.39333333333333337       0.99999999999377565     
  0.39666666666666667       0.99999999994479705     
  0.40000000000000002       0.99999999996416500     
  0.40333333333333338       0.99999999999630629     
  0.40666666666666668        1.0000000000109344     
  0.41000000000000003        1.0000000000087235     
  0.41333333333333339        1.0000000000017666     
  0.41666666666666669       0.99999999999796585     
  0.42000000000000004       0.99999999999802902     
  0.42333333333333334       0.99999999999946021     
  0.42666666666666669        1.0000000000003608     
  0.43000000000000005        1.0000000000004206     
  0.43333333333333335        1.0000000000001363     
  0.43666666666666670       0.99999999999993738     
  0.44000000000000000       0.99999999999991374     
  0.44333333333333336       0.99999999999996880     
  0.44666666666666671        1.0000000000000104     
  0.45000000000000001        1.0000000000000169     
  0.45333333333333337        1.0000000000000064     
  0.45666666666666672       0.99999999999999789     
  0.46000000000000002       0.99999999999999656     
  0.46333333333333337       0.99999999999999867     
  0.46666666666666667        1.0000000000000004     
  0.47000000000000003        1.0000000000000009     
  0.47333333333333338        1.0000000000000002     
  0.47666666666666668       0.99999999999999978     
  0.48000000000000004       0.99999999999999978     
  0.48333333333333334        1.0000000000000000     
  0.48666666666666669       0.99999999999999989     
  0.49000000000000005        1.0000000000000000     
  0.49333333333333335        1.0000000000000000     
  0.49666666666666670        1.0000000000000000     
  0.50000000000000000        1.0000000000000000     
  0.50333333333333341        1.0000000000000000     
  0.50666666666666671        1.0000000000000000     
  0.51000000000000001        1.0000000000000000     
  0.51333333333333342        1.0000000000000000     
  0.51666666666666672        1.0000000000000000     
  0.52000000000000002        1.0000000000000000     
  0.52333333333333332        1.0000000000000000     
  0.52666666666666673        1.0000000000000000     
  0.53000000000000003       0.99999999999999978     
  0.53333333333333333       0.99999999999999833     
  0.53666666666666674       0.99999999999998768     
  0.54000000000000004       0.99999999999991962     
  0.54333333333333333       0.99999999999951639     
  0.54666666666666675       0.99999999999732170     
  0.55000000000000004       0.99999999998625910     
  0.55333333333333334       0.99999999993438926     
  0.55666666666666675       0.99999999970719911     
  0.56000000000000005       0.99999999877430645     
  0.56333333333333335       0.99999999517183791     
  0.56666666666666665       0.99999998205324370     
  0.57000000000000006       0.99999993689432820     
  0.57333333333333336       0.99999978963028602     
  0.57666666666666666       0.99999933383711614     
  0.58000000000000007       0.99999799266919476     
  0.58333333333333337       0.99999423529266041     
  0.58666666666666667       0.99998419981168363     
  0.59000000000000008       0.99995861751892190     
  0.59333333333333338       0.99989631298395132     
  0.59666666666666668       0.99975121916619480     
  0.60000000000000009       0.99942789440388125     
  0.60333333333333339       0.99873806024841438     
  0.60666666666666669       0.99732823790974690     
  0.60999999999999999       0.99456741277813043     
  0.61333333333333340       0.98938598619747120     
  0.61666666666666670       0.98006604479525272     
  0.62000000000000000       0.96400113991821668     
  0.62333333333333341       0.93747258282135415     
  0.62666666666666671       0.89552584946441882     
  0.63000000000000000       0.83206558062583291     
  0.63333333333333341       0.74030383044706172     
  0.63666666666666671       0.61367156868035055     
  0.64000000000000001       0.44721824043062641     
  0.64333333333333342       0.23937295742905629     
  0.64666666666666672       -6.2547263670076625E-003
  0.65000000000000002      -0.27954073837505838     
  0.65333333333333332      -0.56357500963122231     
  0.65666666666666673      -0.83595796083353990     
  0.66000000000000003       -1.0718521687087239     
  0.66333333333333333       -1.2484627668394317     
  0.66666666666666674       -1.3500431455953208     
  0.67000000000000004       -1.3720931340487925     
  0.67333333333333334       -1.3233550483850933     
  0.67666666666666675       -1.2246477862510670     
  0.68000000000000005       -1.1044602625136064     
  0.68333333333333335      -0.99229701871070441     
  0.68666666666666676      -0.91163708892362483     
  0.69000000000000006      -0.87465252609032684     
  0.69333333333333336      -0.88034711924443954     
  0.69666666666666666      -0.91663858905525963     
  0.70000000000000007      -0.96553203862427017     
  0.70333333333333337       -1.0094659035229769     
  0.70666666666666667       -1.0365946606650176     
  0.71000000000000008       -1.0433307755383923     
  0.71333333333333337       -1.0336454683669620     
  0.71666666666666667       -1.0159017055005815     
  0.72000000000000008      -0.99882174557567704     
  0.72333333333333338      -0.98826714978576735     
  0.72666666666666668      -0.98588634748837944     
  0.73000000000000009      -0.98972712118645612     
  0.73333333333333339      -0.99608842654524865     
  0.73666666666666669       -1.0015379717326489     
  0.74000000000000010       -1.0042146633015316     
  0.74333333333333340       -1.0040703682017003     
  0.74666666666666670       -1.0022629505694494     
  0.75000000000000000       -1.0002289279443519     
  0.75333333333333341      -0.99895140502228918     
  0.75666666666666671      -0.99868997566495721     
  0.76000000000000001      -0.99913893568527479     
  0.76333333333333342      -0.99978917822054203     
  0.76666666666666672       -1.0002484429562020     
  0.77000000000000002       -1.0003811496416846     
  0.77333333333333343       -1.0002679976661499     
  0.77666666666666673       -1.0000753028279030     
  0.78000000000000003      -0.99993544099578036     
  0.78333333333333344      -0.99989469336570591     
  0.78666666666666674      -0.99992755023226143     
  0.79000000000000004      -0.99998210446513947     
  0.79333333333333333       -1.0000193033169604     
  0.79666666666666675       -1.0000277812762470     
  0.80000000000000004       -1.0000170491100948     
  0.80333333333333334       -1.0000024561262941     
  0.80666666666666675      -0.99999395945526293     
  0.81000000000000005      -0.99999320226019894     
  0.81333333333333335      -0.99999666175473856     
  0.81666666666666676       -1.0000002037941758     
  0.82000000000000006       -1.0000017559638499     
  0.82333333333333336       -1.0000014635746133     
  0.82666666666666677       -1.0000004727625331     
  0.83000000000000007      -0.99999973978301238     
  0.83333333333333337      -0.99999956175549254     
  0.83666666666666667      -0.99999974469419606     
  0.84000000000000008      -0.99999998084138686     
  0.84333333333333338       -1.0000000969382976     
  0.84666666666666668       -1.0000000881760629     
  0.85000000000000009       -1.0000000296941023     
  0.85333333333333339      -0.99999998595410400     
  0.85666666666666669      -0.99999997612077141     
  0.86000000000000010      -0.99999998710117821     
  0.86333333333333340      -0.99999999994904565     
  0.86666666666666670       -1.0000000053296518     
  0.87000000000000011       -1.0000000040989314     
  0.87333333333333341       -1.0000000009225460     
  0.87666666666666671      -0.99999999902740244     
  0.88000000000000000      -0.99999999890668945     
  0.88333333333333341      -0.99999999958527153     
  0.88666666666666671       -1.0000000001315723     
  0.89000000000000001       -1.0000000002577687     
  0.89333333333333342       -1.0000000001324665     
  0.89666666666666672      -0.99999999999377565     
  0.90000000000000002      -0.99999999994479705     
  0.90333333333333343      -0.99999999996416500     
  0.90666666666666673      -0.99999999999630629     
  0.91000000000000003       -1.0000000000109344     
  0.91333333333333344       -1.0000000000087235     
  0.91666666666666674       -1.0000000000017666     
  0.92000000000000004      -0.99999999999796585     
  0.92333333333333334      -0.99999999999802902     
  0.92666666666666675      -0.99999999999946021     
  0.93000000000000005       -1.0000000000003608     
  0.93333333333333335       -1.0000000000004206     
  0.93666666666666676       -1.0000000000001363     
  0.94000000000000006      -0.99999999999993738     
  0.94333333333333336      -0.99999999999991374     
  0.94666666666666677      -0.99999999999996880     
  0.95000000000000007       -1.0000000000000104     
  0.95333333333333337       -1.0000000000000169     
  0.95666666666666678       -1.0000000000000064     
  0.96000000000000008      -0.99999999999999789     
  0.96333333333333337      -0.99999999999999656     
  0.96666666666666667      -0.99999999999999867     
  0.97000000000000008       -1.0000000000000004     
  0.97333333333333338       -1.0000000000000009     
  0.97666666666666668       -1.0000000000000002     
  0.98000000000000009      -0.99999999999999978     
  0.98333333333333339      -0.99999999999999978     
  0.98666666666666669       -1.0000000000000000     
  0.99000000000000010      -0.99999999999999989     
  0.99333333333333340       -1.0000000000000000     
  0.99666666666666670       -1.0000000000000000     
