   0.0000000000000000       -1.0000000000010965     
   3.3333333333333335E-003  -1.0000000000033087     
   6.6666666666666671E-003  -1.0000000000020233     
   1.0000000000000000E-002  -1.0000000000001650     
   1.3333333333333334E-002 -0.99999999999931155     
   1.6666666666666666E-002 -0.99999999999943234     
   2.0000000000000000E-002 -0.99999999999986144     
   2.3333333333333334E-002  -1.0000000000001239     
   2.6666666666666668E-002  -1.0000000000001421     
   3.0000000000000002E-002  -1.0000000000000526     
   3.3333333333333333E-002 -0.99999999999998190     
   3.6666666666666667E-002 -0.99999999999996714     
   4.0000000000000001E-002 -0.99999999999998401     
   4.3333333333333335E-002  -1.0000000000000013     
   4.6666666666666669E-002  -1.0000000000000069     
   5.0000000000000003E-002  -1.0000000000000040     
   5.3333333333333337E-002  -1.0000000000000002     
   5.6666666666666671E-002 -0.99999999999999856     
   6.0000000000000005E-002 -0.99999999999999778     
   6.3333333333333339E-002 -0.99999999999999445     
   6.6666666666666666E-002 -0.99999999999997446     
   7.0000000000000007E-002 -0.99999999999988276     
   7.3333333333333334E-002 -0.99999999999949318     
   7.6666666666666675E-002 -0.99999999999791256     
   8.0000000000000002E-002 -0.99999999999178479     
   8.3333333333333343E-002 -0.99999999996905842     
   8.6666666666666670E-002 -0.99999999988830968     
   9.0000000000000011E-002 -0.99999999961309938     
   9.3333333333333338E-002 -0.99999999871230894     
   9.6666666666666679E-002 -0.99999999587783228     
  0.10000000000000001      -0.99999998729496509     
  0.10333333333333335      -0.99999996226355303     
  0.10666666666666667      -0.99999989189471317     
  0.11000000000000000      -0.99999970107019864     
  0.11333333333333334      -0.99999920157266842     
  0.11666666666666667      -0.99999793876768561     
  0.12000000000000001      -0.99999485363122032     
  0.12333333333333334      -0.99998756655882759     
  0.12666666666666668      -0.99997091891794354     
  0.13000000000000000      -0.99993412052668895     
  0.13333333333333333      -0.99985539553956315     
  0.13666666666666669      -0.99969234940620810     
  0.14000000000000001      -0.99936538233297456     
  0.14333333333333334      -0.99873041880368496     
  0.14666666666666667      -0.99753622895972860     
  0.15000000000000002      -0.99536113701061768     
  0.15333333333333335      -0.99152468054179876     
  0.15666666666666668      -0.98497280031553636     
  0.16000000000000000      -0.97414148732196049     
  0.16333333333333333      -0.95681427133705932     
  0.16666666666666669      -0.93000335155122160     
  0.17000000000000001      -0.88990069930458160     
  0.17333333333333334      -0.83195991687904436     
  0.17666666666666667      -0.75117536379993211     
  0.18000000000000002      -0.64261384900214102     
  0.18333333333333335      -0.50221852797213640     
  0.18666666666666668      -0.32784131602314953     
  0.19000000000000000      -0.12037429441345519     
  0.19333333333333336       0.11524114540412800     
  0.19666666666666668       0.36941829352430122     
  0.20000000000000001       0.62804620469198713     
  0.20333333333333334       0.87355793612789734     
  0.20666666666666669        1.0870026751711814     
  0.21000000000000002        1.2509242625647827     
  0.21333333333333335        1.3525687997193212     
  0.21666666666666667        1.3867234814520351     
  0.22000000000000000        1.3574195479301490     
  0.22333333333333336        1.2778800702748054     
  0.22666666666666668        1.1684639965009351     
  0.23000000000000001        1.0528781316952769     
  0.23333333333333334       0.95345402715801364     
  0.23666666666666669       0.88664097035820244     
  0.24000000000000002       0.85990332392060809     
  0.24333333333333335       0.87087660694785674     
  0.24666666666666667       0.90900637655090055     
  0.25000000000000000       0.95915868447749519     
  0.25333333333333335        1.0060983317651795     
  0.25666666666666671        1.0384936173638584     
  0.26000000000000001        1.0513146052550495     
  0.26333333333333336        1.0460728799657353     
  0.26666666666666666        1.0290900675792534     
  0.27000000000000002        1.0086076458875799     
  0.27333333333333337       0.99184025741075332     
  0.27666666666666667       0.98294648340638513     
  0.28000000000000003       0.98242981747969804     
  0.28333333333333333       0.98789710379573259     
  0.28666666666666668       0.99563001653210836     
  0.29000000000000004        1.0022336018061435     
  0.29333333333333333        1.0057470520091325     
  0.29666666666666669        1.0059364354967839     
  0.30000000000000004        1.0038652801202708     
  0.30333333333333334        1.0010964223023040     
  0.30666666666666670       0.99893591818532423     
  0.31000000000000000       0.99800633258250737     
  0.31333333333333335       0.99822530277998300     
  0.31666666666666671       0.99907679709985853     
  0.32000000000000001       0.99997241121746816     
  0.32333333333333336        1.0005221256266190     
  0.32666666666666666        1.0006282565594860     
  0.33000000000000002        1.0004206488839498     
  0.33333333333333337        1.0001155193917426     
  0.33666666666666667       0.99988726918813020     
  0.34000000000000002       0.99980644646749395     
  0.34333333333333338       0.99984826633805102     
  0.34666666666666668       0.99994176798283341     
  0.35000000000000003        1.0000213881796887     
  0.35333333333333333        1.0000556317220153     
  0.35666666666666669        1.0000480004866137     
  0.36000000000000004        1.0000206579728124     
  0.36333333333333334       0.99999572148348204     
  0.36666666666666670       0.99998438976552328     
  0.37000000000000005       0.99998611011656779     
  0.37333333333333335       0.99999401715262770     
  0.37666666666666671        1.0000012227635231     
  0.38000000000000000        1.0000043588275609     
  0.38333333333333336        1.0000037243650999     
  0.38666666666666671        1.0000014488197975     
  0.39000000000000001       0.99999952194238573     
  0.39333333333333337       0.99999880036710187     
  0.39666666666666667       0.99999908228641743     
  0.40000000000000002       0.99999972048234509     
  0.40333333333333338        1.0000001894838648     
  0.40666666666666668        1.0000003157494854     
  0.41000000000000003        1.0000002020147425     
  0.41333333333333339        1.0000000337900885     
  0.41666666666666669       0.99999993376512253     
  0.42000000000000004       0.99999992361149892     
  0.42333333333333334       0.99999996252786205     
  0.42666666666666669        1.0000000024711213     
  0.43000000000000005        1.0000000197233774     
  0.43333333333333335        1.0000000162054072     
  0.43666666666666670        1.0000000050415621     
  0.44000000000000000       0.99999999693796982     
  0.44333333333333336       0.99999999507657544     
  0.44666666666666671       0.99999999719111687     
  0.45000000000000001       0.99999999983759158     
  0.45333333333333337        1.0000000011166248     
  0.45666666666666672        1.0000000010003087     
  0.46000000000000002        1.0000000003336351     
  0.46333333333333337       0.99999999983566623     
  0.46666666666666667       0.99999999972166598     
  0.47000000000000003       0.99999999984671695     
  0.47333333333333338       0.99999999999683065     
  0.47666666666666668        1.0000000000627864     
  0.48000000000000004        1.0000000000507461     
  0.48333333333333334        1.0000000000132134     
  0.48666666666666669       0.99999999998902744     
  0.49000000000000005       0.99999999998607547     
  0.49333333333333335       0.99999999999390465     
  0.49666666666666670        1.0000000000010965     
  0.50000000000000000        1.0000000000033087     
  0.50333333333333341        1.0000000000020233     
  0.50666666666666671        1.0000000000001650     
  0.51000000000000001       0.99999999999931155     
  0.51333333333333342       0.99999999999943234     
  0.51666666666666672       0.99999999999986144     
  0.52000000000000002        1.0000000000001239     
  0.52333333333333332        1.0000000000001421     
  0.52666666666666673        1.0000000000000526     
  0.53000000000000003       0.99999999999998190     
  0.53333333333333333       0.99999999999996714     
  0.53666666666666674       0.99999999999998401     
  0.54000000000000004        1.0000000000000013     
  0.54333333333333333        1.0000000000000069     
  0.54666666666666675        1.0000000000000040     
  0.55000000000000004        1.0000000000000002     
  0.55333333333333334       0.99999999999999867     
  0.55666666666666675       0.99999999999999900     
  0.56000000000000005       0.99999999999999956     
  0.56333333333333335       0.99999999999999911     
  0.56666666666666665       0.99999999999999489     
  0.57000000000000006       0.99999999999997413     
  0.57333333333333336       0.99999999999988254     
  0.57666666666666666       0.99999999999949285     
  0.58000000000000007       0.99999999999791234     
  0.58333333333333337       0.99999999999178457     
  0.58666666666666667       0.99999999996905831     
  0.59000000000000008       0.99999999988830968     
  0.59333333333333338       0.99999999961309938     
  0.59666666666666668       0.99999999871230882     
  0.60000000000000009       0.99999999587783206     
  0.60333333333333339       0.99999998729496509     
  0.60666666666666669       0.99999996226355314     
  0.60999999999999999       0.99999989189471328     
  0.61333333333333340       0.99999970107019875     
  0.61666666666666670       0.99999920157266853     
  0.62000000000000000       0.99999793876768583     
  0.62333333333333341       0.99999485363122054     
  0.62666666666666671       0.99998756655882770     
  0.63000000000000000       0.99997091891794376     
  0.63333333333333341       0.99993412052668895     
  0.63666666666666671       0.99985539553956304     
  0.64000000000000001       0.99969234940620799     
  0.64333333333333342       0.99936538233297467     
  0.64666666666666672       0.99873041880368529     
  0.65000000000000002       0.99753622895972882     
  0.65333333333333332       0.99536113701061768     
  0.65666666666666673       0.99152468054179888     
  0.66000000000000003       0.98497280031553636     
  0.66333333333333333       0.97414148732196049     
  0.66666666666666674       0.95681427133705943     
  0.67000000000000004       0.93000335155122182     
  0.67333333333333334       0.88990069930458171     
  0.67666666666666675       0.83195991687904447     
  0.68000000000000005       0.75117536379993211     
  0.68333333333333335       0.64261384900214102     
  0.68666666666666676       0.50221852797213640     
  0.69000000000000006       0.32784131602314959     
  0.69333333333333336       0.12037429441345524     
  0.69666666666666666      -0.11524114540412798     
  0.70000000000000007      -0.36941829352430122     
  0.70333333333333337      -0.62804620469198713     
  0.70666666666666667      -0.87355793612789734     
  0.71000000000000008       -1.0870026751711814     
  0.71333333333333337       -1.2509242625647827     
  0.71666666666666667       -1.3525687997193212     
  0.72000000000000008       -1.3867234814520351     
  0.72333333333333338       -1.3574195479301490     
  0.72666666666666668       -1.2778800702748054     
  0.73000000000000009       -1.1684639965009351     
  0.73333333333333339       -1.0528781316952769     
  0.73666666666666669      -0.95345402715801364     
  0.74000000000000010      -0.88664097035820244     
  0.74333333333333340      -0.85990332392060809     
  0.74666666666666670      -0.87087660694785674     
  0.75000000000000000      -0.90900637655090055     
  0.75333333333333341      -0.95915868447749519     
  0.75666666666666671       -1.0060983317651795     
  0.76000000000000001       -1.0384936173638584     
  0.76333333333333342       -1.0513146052550495     
  0.76666666666666672       -1.0460728799657353     
  0.77000000000000002       -1.0290900675792534     
  0.77333333333333343       -1.0086076458875799     
  0.77666666666666673      -0.99184025741075332     
  0.78000000000000003      -0.98294648340638513     
  0.78333333333333344      -0.98242981747969804     
  0.78666666666666674      -0.98789710379573259     
  0.79000000000000004      -0.99563001653210836     
  0.79333333333333333       -1.0022336018061435     
  0.79666666666666675       -1.0057470520091325     
  0.80000000000000004       -1.0059364354967839     
  0.80333333333333334       -1.0038652801202708     
  0.80666666666666675       -1.0010964223023040     
  0.81000000000000005      -0.99893591818532423     
  0.81333333333333335      -0.99800633258250737     
  0.81666666666666676      -0.99822530277998300     
  0.82000000000000006      -0.99907679709985853     
  0.82333333333333336      -0.99997241121746816     
  0.82666666666666677       -1.0005221256266190     
  0.83000000000000007       -1.0006282565594860     
  0.83333333333333337       -1.0004206488839498     
  0.83666666666666667       -1.0001155193917426     
  0.84000000000000008      -0.99988726918813020     
  0.84333333333333338      -0.99980644646749395     
  0.84666666666666668      -0.99984826633805102     
  0.85000000000000009      -0.99994176798283341     
  0.85333333333333339       -1.0000213881796887     
  0.85666666666666669       -1.0000556317220153     
  0.86000000000000010       -1.0000480004866137     
  0.86333333333333340       -1.0000206579728124     
  0.86666666666666670      -0.99999572148348204     
  0.87000000000000011      -0.99998438976552328     
  0.87333333333333341      -0.99998611011656779     
  0.87666666666666671      -0.99999401715262770     
  0.88000000000000000       -1.0000012227635231     
  0.88333333333333341       -1.0000043588275609     
  0.88666666666666671       -1.0000037243650999     
  0.89000000000000001       -1.0000014488197975     
  0.89333333333333342      -0.99999952194238573     
  0.89666666666666672      -0.99999880036710187     
  0.90000000000000002      -0.99999908228641743     
  0.90333333333333343      -0.99999972048234509     
  0.90666666666666673       -1.0000001894838648     
  0.91000000000000003       -1.0000003157494854     
  0.91333333333333344       -1.0000002020147425     
  0.91666666666666674       -1.0000000337900885     
  0.92000000000000004      -0.99999993376512253     
  0.92333333333333334      -0.99999992361149892     
  0.92666666666666675      -0.99999996252786205     
  0.93000000000000005       -1.0000000024711213     
  0.93333333333333335       -1.0000000197233774     
  0.93666666666666676       -1.0000000162054072     
  0.94000000000000006       -1.0000000050415621     
  0.94333333333333336      -0.99999999693796982     
  0.94666666666666677      -0.99999999507657544     
  0.95000000000000007      -0.99999999719111687     
  0.95333333333333337      -0.99999999983759158     
  0.95666666666666678       -1.0000000011166248     
  0.96000000000000008       -1.0000000010003087     
  0.96333333333333337       -1.0000000003336351     
  0.96666666666666667      -0.99999999983566623     
  0.97000000000000008      -0.99999999972166598     
  0.97333333333333338      -0.99999999984671695     
  0.97666666666666668      -0.99999999999683065     
  0.98000000000000009       -1.0000000000627864     
  0.98333333333333339       -1.0000000000507461     
  0.98666666666666669       -1.0000000000132134     
  0.99000000000000010      -0.99999999998902744     
  0.99333333333333340      -0.99999999998607547     
  0.99666666666666670      -0.99999999999390465     
