   0.0000000000000000       -1.0000000000000000     
   3.3333333333333335E-003  -1.0000000000000000     
   6.6666666666666671E-003  -1.0000000000000000     
   1.0000000000000000E-002 -0.99999999999999956     
   1.3333333333333334E-002 -0.99999999999999378     
   1.6666666666666666E-002 -0.99999999999993061     
   2.0000000000000000E-002 -0.99999999999935252     
   2.3333333333333334E-002 -0.99999999999483513     
   2.6666666666666668E-002 -0.99999999996400779     
   3.0000000000000002E-002 -0.99999999977750809     
   3.3333333333333333E-002 -0.99999999876529910     
   3.6666666666666667E-002 -0.99999999378973004     
   4.0000000000000001E-002 -0.99999997146625375     
   4.3333333333333335E-002 -0.99999987946101021     
   4.6666666666666669E-002 -0.99999952925294788     
   5.0000000000000003E-002 -0.99999829253482109     
   5.3333333333333337E-002 -0.99999422511843350     
   5.6666666666666671E-002 -0.99998172551542630     
   6.0000000000000005E-002 -0.99994573221876049     
   6.3333333333333339E-002 -0.99984838279518429     
   6.6666666666666666E-002 -0.99960057668077540     
   7.0000000000000007E-002 -0.99900587924930595     
   7.3333333333333334E-002 -0.99765848890166009     
   7.6666666666666675E-002 -0.99477320425166782     
   8.0000000000000002E-002 -0.98892871895146872     
   8.3333333333333343E-002 -0.97772376607484801     
   8.6666666666666670E-002 -0.95738625531621202     
   9.0000000000000011E-002 -0.92244080346640966     
   9.3333333333333338E-002 -0.86561902006268077     
   9.6666666666666679E-002 -0.77825890170896372     
  0.10000000000000001      -0.65143503848610473     
  0.10333333333333335      -0.47793605997798239     
  0.10666666666666667      -0.25493204526029067     
  0.11000000000000000        1.3211409851407716E-002
  0.11333333333333334       0.31289009998197637     
  0.11666666666666667       0.62107348230532344     
  0.12000000000000001       0.90782020925736462     
  0.12333333333333334        1.1416235435378670     
  0.12666666666666668        1.2966444038683997     
  0.13000000000000000        1.3598515866577305     
  0.13333333333333333        1.3355879063220462     
  0.13666666666666669        1.2455189991381197     
  0.14000000000000001        1.1233392141996972     
  0.14333333333333334        1.0055606303137119     
  0.14666666666666667       0.92138410125628789     
  0.15000000000000002       0.88522436669018711     
  0.15333333333333335       0.89454274459678806     
  0.15666666666666668       0.93353815740952240     
  0.16000000000000000       0.98088205246203009     
  0.16333333333333333        1.0181535406384936     
  0.16666666666666669        1.0356423173108549     
  0.17000000000000001        1.0336697824535481     
  0.17333333333333334        1.0197323474627191     
  0.17666666666666667        1.0035087814262140     
  0.18000000000000002       0.99231395353476837     
  0.18333333333333335       0.98883557349031215     
  0.18666666666666668       0.99153508178539440     
  0.19000000000000000       0.99677689825627680     
  0.19333333333333336        1.0011964541733098     
  0.19666666666666668        1.0031306514609244     
  0.20000000000000001        1.0027420986608095     
  0.20333333333333334        1.0012257912622782     
  0.20666666666666669       0.99981502686057799     
  0.21000000000000002       0.99915738534629250     
  0.21333333333333335       0.99923695105349242     
  0.21666666666666667       0.99966883207204627     
  0.22000000000000000        1.0000616255992367     
  0.22333333333333336        1.0002268787507047     
  0.22666666666666668        1.0001871979549461     
  0.23000000000000001        1.0000656789520908     
  0.23333333333333334       0.99997044404131941     
  0.23666666666666669       0.99994139696279727     
  0.24000000000000002       0.99996093278009990     
  0.24333333333333335       0.99999253163939106     
  0.24666666666666667        1.0000114725016325     
  0.25000000000000000        1.0000133569553431     
  0.25333333333333335        1.0000062463334083     
  0.25666666666666671       0.99999931199339864     
  0.26000000000000001       0.99999667515944657     
  0.26333333333333336       0.99999757304753301     
  0.26666666666666666       0.99999946914207682     
  0.27000000000000002        1.0000006103271100     
  0.27333333333333337        1.0000007041532186     
  0.27666666666666667        1.0000002925883948     
  0.28000000000000003       0.99999993396022613     
  0.28333333333333333       0.99999983072743492     
  0.28666666666666668       0.99999990031097141     
  0.29000000000000004       0.99999999415521812     
  0.29333333333333333        1.0000000351396887     
  0.29666666666666669        1.0000000275026757     
  0.30000000000000004        1.0000000058820016     
  0.30333333333333334       0.99999999357651492     
  0.30666666666666670       0.99999999333432132     
  0.31000000000000000       0.99999999786836746     
  0.31333333333333335        1.0000000010435366     
  0.31666666666666671        1.0000000014782291     
  0.32000000000000001        1.0000000005896215     
  0.32333333333333336       0.99999999984838428     
  0.32666666666666666       0.99999999969212516     
  0.33000000000000002       0.99999999985911414     
  0.33333333333333337        1.0000000000200777     
  0.33666666666666667        1.0000000000613485     
  0.34000000000000002        1.0000000000304452     
  0.34333333333333338       0.99999999999738154     
  0.34666666666666668       0.99999999998815148     
  0.35000000000000003       0.99999999999392297     
  0.35333333333333333        1.0000000000004101     
  0.35666666666666669        1.0000000000022342     
  0.36000000000000004        1.0000000000011302     
  0.36333333333333334       0.99999999999990974     
  0.36666666666666670       0.99999999999958800     
  0.37000000000000005       0.99999999999980393     
  0.37333333333333335        1.0000000000000240     
  0.37666666666666671        1.0000000000000737     
  0.38000000000000000        1.0000000000000313     
  0.38333333333333336       0.99999999999999345     
  0.38666666666666671       0.99999999999998712     
  0.39000000000000001       0.99999999999999523     
  0.39333333333333337        1.0000000000000013     
  0.39666666666666667        1.0000000000000020     
  0.40000000000000002        1.0000000000000007     
  0.40333333333333338       0.99999999999999978     
  0.40666666666666668       0.99999999999999978     
  0.41000000000000003       0.99999999999999989     
  0.41333333333333339        1.0000000000000000     
  0.41666666666666669        1.0000000000000000     
  0.42000000000000004        1.0000000000000000     
  0.42333333333333334        1.0000000000000000     
  0.42666666666666669        1.0000000000000000     
  0.43000000000000005        1.0000000000000000     
  0.43333333333333335       0.99999999999999989     
  0.43666666666666670        1.0000000000000000     
  0.44000000000000000        1.0000000000000000     
  0.44333333333333336        1.0000000000000000     
  0.44666666666666671        1.0000000000000000     
  0.45000000000000001        1.0000000000000000     
  0.45333333333333337        1.0000000000000000     
  0.45666666666666672        1.0000000000000000     
  0.46000000000000002        1.0000000000000000     
  0.46333333333333337        1.0000000000000000     
  0.46666666666666667        1.0000000000000000     
  0.47000000000000003        1.0000000000000000     
  0.47333333333333338        1.0000000000000000     
  0.47666666666666668        1.0000000000000000     
  0.48000000000000004       0.99999999999999989     
  0.48333333333333334        1.0000000000000000     
  0.48666666666666669        1.0000000000000000     
  0.49000000000000005        1.0000000000000000     
  0.49333333333333335        1.0000000000000000     
  0.49666666666666670        1.0000000000000000     
  0.50000000000000000        1.0000000000000000     
  0.50333333333333341        1.0000000000000000     
  0.50666666666666671        1.0000000000000000     
  0.51000000000000001        1.0000000000000000     
  0.51333333333333342       0.99999999999999956     
  0.51666666666666672       0.99999999999999378     
  0.52000000000000002       0.99999999999993061     
  0.52333333333333332       0.99999999999935252     
  0.52666666666666673       0.99999999999483513     
  0.53000000000000003       0.99999999996400779     
  0.53333333333333333       0.99999999977750809     
  0.53666666666666674       0.99999999876529910     
  0.54000000000000004       0.99999999378973004     
  0.54333333333333333       0.99999997146625375     
  0.54666666666666675       0.99999987946101021     
  0.55000000000000004       0.99999952925294788     
  0.55333333333333334       0.99999829253482109     
  0.55666666666666675       0.99999422511843350     
  0.56000000000000005       0.99998172551542630     
  0.56333333333333335       0.99994573221876049     
  0.56666666666666665       0.99984838279518429     
  0.57000000000000006       0.99960057668077540     
  0.57333333333333336       0.99900587924930595     
  0.57666666666666666       0.99765848890166009     
  0.58000000000000007       0.99477320425166782     
  0.58333333333333337       0.98892871895146872     
  0.58666666666666667       0.97772376607484801     
  0.59000000000000008       0.95738625531621202     
  0.59333333333333338       0.92244080346640966     
  0.59666666666666668       0.86561902006268077     
  0.60000000000000009       0.77825890170896372     
  0.60333333333333339       0.65143503848610473     
  0.60666666666666669       0.47793605997798239     
  0.60999999999999999       0.25493204526029067     
  0.61333333333333340       -1.3211409851407716E-002
  0.61666666666666670      -0.31289009998197637     
  0.62000000000000000      -0.62107348230532344     
  0.62333333333333341      -0.90782020925736462     
  0.62666666666666671       -1.1416235435378670     
  0.63000000000000000       -1.2966444038683997     
  0.63333333333333341       -1.3598515866577305     
  0.63666666666666671       -1.3355879063220462     
  0.64000000000000001       -1.2455189991381197     
  0.64333333333333342       -1.1233392141996972     
  0.64666666666666672       -1.0055606303137119     
  0.65000000000000002      -0.92138410125628789     
  0.65333333333333332      -0.88522436669018711     
  0.65666666666666673      -0.89454274459678806     
  0.66000000000000003      -0.93353815740952240     
  0.66333333333333333      -0.98088205246203009     
  0.66666666666666674       -1.0181535406384936     
  0.67000000000000004       -1.0356423173108549     
  0.67333333333333334       -1.0336697824535481     
  0.67666666666666675       -1.0197323474627191     
  0.68000000000000005       -1.0035087814262140     
  0.68333333333333335      -0.99231395353476837     
  0.68666666666666676      -0.98883557349031215     
  0.69000000000000006      -0.99153508178539440     
  0.69333333333333336      -0.99677689825627680     
  0.69666666666666666       -1.0011964541733098     
  0.70000000000000007       -1.0031306514609244     
  0.70333333333333337       -1.0027420986608095     
  0.70666666666666667       -1.0012257912622782     
  0.71000000000000008      -0.99981502686057799     
  0.71333333333333337      -0.99915738534629250     
  0.71666666666666667      -0.99923695105349242     
  0.72000000000000008      -0.99966883207204627     
  0.72333333333333338       -1.0000616255992367     
  0.72666666666666668       -1.0002268787507047     
  0.73000000000000009       -1.0001871979549461     
  0.73333333333333339       -1.0000656789520908     
  0.73666666666666669      -0.99997044404131941     
  0.74000000000000010      -0.99994139696279727     
  0.74333333333333340      -0.99996093278009990     
  0.74666666666666670      -0.99999253163939106     
  0.75000000000000000       -1.0000114725016325     
  0.75333333333333341       -1.0000133569553431     
  0.75666666666666671       -1.0000062463334083     
  0.76000000000000001      -0.99999931199339864     
  0.76333333333333342      -0.99999667515944657     
  0.76666666666666672      -0.99999757304753301     
  0.77000000000000002      -0.99999946914207682     
  0.77333333333333343       -1.0000006103271100     
  0.77666666666666673       -1.0000007041532186     
  0.78000000000000003       -1.0000002925883948     
  0.78333333333333344      -0.99999993396022613     
  0.78666666666666674      -0.99999983072743492     
  0.79000000000000004      -0.99999990031097141     
  0.79333333333333333      -0.99999999415521812     
  0.79666666666666675       -1.0000000351396887     
  0.80000000000000004       -1.0000000275026757     
  0.80333333333333334       -1.0000000058820016     
  0.80666666666666675      -0.99999999357651492     
  0.81000000000000005      -0.99999999333432132     
  0.81333333333333335      -0.99999999786836746     
  0.81666666666666676       -1.0000000010435366     
  0.82000000000000006       -1.0000000014782291     
  0.82333333333333336       -1.0000000005896215     
  0.82666666666666677      -0.99999999984838428     
  0.83000000000000007      -0.99999999969212516     
  0.83333333333333337      -0.99999999985911414     
  0.83666666666666667       -1.0000000000200777     
  0.84000000000000008       -1.0000000000613485     
  0.84333333333333338       -1.0000000000304452     
  0.84666666666666668      -0.99999999999738154     
  0.85000000000000009      -0.99999999998815148     
  0.85333333333333339      -0.99999999999392297     
  0.85666666666666669       -1.0000000000004101     
  0.86000000000000010       -1.0000000000022342     
  0.86333333333333340       -1.0000000000011302     
  0.86666666666666670      -0.99999999999990974     
  0.87000000000000011      -0.99999999999958800     
  0.87333333333333341      -0.99999999999980393     
  0.87666666666666671       -1.0000000000000240     
  0.88000000000000000       -1.0000000000000737     
  0.88333333333333341       -1.0000000000000313     
  0.88666666666666671      -0.99999999999999345     
  0.89000000000000001      -0.99999999999998712     
  0.89333333333333342      -0.99999999999999523     
  0.89666666666666672       -1.0000000000000013     
  0.90000000000000002       -1.0000000000000020     
  0.90333333333333343       -1.0000000000000007     
  0.90666666666666673      -0.99999999999999978     
  0.91000000000000003      -0.99999999999999978     
  0.91333333333333344      -0.99999999999999989     
  0.91666666666666674       -1.0000000000000000     
  0.92000000000000004       -1.0000000000000000     
  0.92333333333333334       -1.0000000000000000     
  0.92666666666666675       -1.0000000000000000     
  0.93000000000000005       -1.0000000000000000     
  0.93333333333333335       -1.0000000000000000     
  0.93666666666666676      -0.99999999999999989     
  0.94000000000000006       -1.0000000000000000     
  0.94333333333333336       -1.0000000000000000     
  0.94666666666666677       -1.0000000000000000     
  0.95000000000000007       -1.0000000000000000     
  0.95333333333333337       -1.0000000000000000     
  0.95666666666666678       -1.0000000000000000     
  0.96000000000000008       -1.0000000000000000     
  0.96333333333333337       -1.0000000000000000     
  0.96666666666666667       -1.0000000000000000     
  0.97000000000000008       -1.0000000000000000     
  0.97333333333333338       -1.0000000000000000     
  0.97666666666666668       -1.0000000000000000     
  0.98000000000000009       -1.0000000000000000     
  0.98333333333333339      -0.99999999999999989     
  0.98666666666666669       -1.0000000000000000     
  0.99000000000000010       -1.0000000000000000     
  0.99333333333333340       -1.0000000000000000     
  0.99666666666666670       -1.0000000000000000     
