   0.0000000000000000        1.0008117702785158     
   3.3333333333333335E-003   1.0008828266604564     
   6.6666666666666671E-003   1.0007165054687248     
   1.0000000000000000E-002   1.0004103505237174     
   1.3333333333333334E-002   1.0000752768576882     
   1.6666666666666666E-002  0.99980416180844855     
   2.0000000000000000E-002  0.99965178240692298     
   2.3333333333333334E-002  0.99962904635729277     
   2.6666666666666668E-002  0.99971007823815650     
   3.0000000000000002E-002  0.99984756037486622     
   3.3333333333333333E-002  0.99999042888736767     
   3.6666666666666667E-002   1.0000985996060470     
   4.0000000000000001E-002   1.0001513304942728     
   4.3333333333333335E-002   1.0001483136750529     
   4.6666666666666669E-002   1.0001048204392102     
   5.0000000000000003E-002   1.0000436131949355     
   5.3333333333333337E-002  0.99998666026456606     
   5.6666666666666671E-002  0.99994906894696645     
   6.0000000000000005E-002  0.99993646605499609     
   6.3333333333333339E-002  0.99994577043833632     
   6.6666666666666666E-002  0.99996831942310294     
   7.0000000000000007E-002  0.99999385759018433     
   7.3333333333333334E-002   1.0000139916869293     
   7.6666666666666675E-002   1.0000242089303630     
   8.0000000000000002E-002   1.0000242079143968     
   8.3333333333333343E-002   1.0000168660945841     
   8.6666666666666670E-002   1.0000065060095309     
   9.0000000000000011E-002  0.99999717419885081     
   9.3333333333333338E-002  0.99999146352438006     
   9.6666666666666679E-002  0.99999010496207741     
  0.10000000000000001       0.99999225460403329     
  0.10333333333333335       0.99999620024314129     
  0.10666666666666667        1.0000001497274591     
  0.11000000000000000        1.0000028257192890     
  0.11333333333333334        1.0000037269656705     
  0.11666666666666667        1.0000030618406892     
  0.12000000000000001        1.0000014651783671     
  0.12333333333333334       0.99999964978632916     
  0.12666666666666668       0.99999812284799428     
  0.13000000000000000       0.99999703775471871     
  0.13333333333333333       0.99999618374932864     
  0.13666666666666669       0.99999506400519023     
  0.14000000000000001       0.99999298994587982     
  0.14333333333333334       0.99998912473238943     
  0.14666666666666667       0.99998243119230601     
  0.15000000000000002       0.99997150481730990     
  0.15333333333333335       0.99995428890156257     
  0.15666666666666668       0.99992767030636764     
  0.16000000000000000       0.99988694088174535     
  0.16333333333333333       0.99982508587486574     
  0.16666666666666669       0.99973183290969680     
  0.17000000000000001       0.99959236855293887     
  0.17333333333333334       0.99938560698247292     
  0.17666666666666667       0.99908187750152044     
  0.18000000000000002       0.99863988417617766     
  0.18333333333333335       0.99800278180484425     
  0.18666666666666668       0.99709320969917481     
  0.19000000000000000       0.99580713286853739     
  0.19333333333333336       0.99400636616026994     
  0.19666666666666668       0.99150970955317408     
  0.20000000000000001       0.98808271172346396     
  0.20333333333333334       0.98342621325460655     
  0.20666666666666669       0.97716400751588850     
  0.21000000000000002       0.96883019973516549     
  0.21333333333333335       0.95785714104145447     
  0.21666666666666667       0.94356515440025313     
  0.22000000000000000       0.92515563343808316     
  0.22333333333333336       0.90170945089625976     
  0.22666666666666668       0.87219291490254791     
  0.23000000000000001       0.83547369875534871     
  0.23333333333333334       0.79034917237748481     
  0.23666666666666669       0.73558930358314334     
  0.24000000000000002       0.66999569952114246     
  0.24333333333333335       0.59247736184840905     
  0.24666666666666667       0.50214230090744338     
  0.25000000000000000       0.39840230726613302     
  0.25333333333333335       0.28108598761012032     
  0.25666666666666671       0.15055278451943940     
  0.26000000000000001        7.7983447970914818E-003
  0.26333333333333336      -0.14546041646068950     
  0.26666666666666666      -0.30673352590421299     
  0.27000000000000002      -0.47275263481147878     
  0.27333333333333337      -0.63952415124301076     
  0.27666666666666667      -0.80244984853325108     
  0.28000000000000003      -0.95651918128909408     
  0.28333333333333333       -1.0965710012971057     
  0.28666666666666668       -1.2176144624884586     
  0.29000000000000004       -1.3151903124034512     
  0.29333333333333333       -1.3857454422669719     
  0.29666666666666669       -1.4269866725066997     
  0.30000000000000004       -1.4381755338670656     
  0.30333333333333334       -1.4203254278864796     
  0.30666666666666670       -1.3762668866716596     
  0.31000000000000000       -1.3105560774781964     
  0.31333333333333335       -1.2292159203067285     
  0.31666666666666671       -1.1393171426692172     
  0.32000000000000001       -1.0484264539348234     
  0.32333333333333336      -0.96396832018880152     
  0.32666666666666666      -0.89256273892372451     
  0.33000000000000002      -0.83941116247721770     
  0.33333333333333337      -0.80780400430451371     
  0.33666666666666667      -0.79881464279740355     
  0.34000000000000002      -0.81122650766483417     
  0.34333333333333338      -0.84171323199941139     
  0.34666666666666668      -0.88526003192929525     
  0.35000000000000003      -0.93578169937107469     
  0.35333333333333333      -0.98686377164523187     
  0.35666666666666669       -1.0325333678676429     
  0.36000000000000004       -1.0679586898993592     
  0.36333333333333334       -1.0899833755505850     
  0.36666666666666670       -1.0974235836169228     
  0.37000000000000005       -1.0910892385510189     
  0.37333333333333335       -1.0735314119258548     
  0.37666666666666671       -1.0485589999808229     
  0.38000000000000000       -1.0206028358750814     
  0.38333333333333336      -0.99402807087441447     
  0.38666666666666671      -0.97250191386965523     
  0.39000000000000001      -0.95851227822989959     
  0.39333333333333337      -0.95310537995601763     
  0.39666666666666667      -0.95587165661624929     
  0.40000000000000002      -0.96516647067569605     
  0.40333333333333338      -0.97851271903768478     
  0.40666666666666668      -0.99310384073730595     
  0.41000000000000003       -1.0063128789421691     
  0.41333333333333339       -1.0161182008472869     
  0.41666666666666669       -1.0213777008500720     
  0.42000000000000004       -1.0219161225428217     
  0.42333333333333334       -1.0184276618933736     
  0.42666666666666669       -1.0122306552468556     
  0.43000000000000005       -1.0049361808172839     
  0.43333333333333335      -0.99810334639930087     
  0.43666666666666670      -0.99294957583343901     
  0.44000000000000000      -0.99016632487237310     
  0.44333333333333336      -0.98986406843698060     
  0.44666666666666671      -0.99164138800839796     
  0.45000000000000001      -0.99474792696759828     
  0.45333333333333337      -0.99829491662074810     
  0.45666666666666672       -1.0014625662201260     
  0.46000000000000002       -1.0036606921000741     
  0.46333333333333337       -1.0046147913537826     
  0.46666666666666667       -1.0043698606347236     
  0.47000000000000003       -1.0032235887870264     
  0.47333333333333338       -1.0016147679608500     
  0.47666666666666668      -0.99999918418329903     
  0.48000000000000004      -0.99874332035041224     
  0.48333333333333334      -0.99805744562199850     
  0.48666666666666669      -0.99797705941037584     
  0.49000000000000005      -0.99838876287269152     
  0.49333333333333335      -0.99908662580559482     
  0.49666666666666670      -0.99984005057548009     
  0.50000000000000000       -1.0004545438721628     
  0.50333333333333341       -1.0008117702785160     
  0.50666666666666671       -1.0008828266604561     
  0.51000000000000001       -1.0007165054687246     
  0.51333333333333342       -1.0004103505237172     
  0.51666666666666672       -1.0000752768576873     
  0.52000000000000002      -0.99980416180844711     
  0.52333333333333332      -0.99965178240692010     
  0.52666666666666673      -0.99962904635728667     
  0.53000000000000003      -0.99971007823814384     
  0.53333333333333333      -0.99984756037484024     
  0.53666666666666674      -0.99999042888731415     
  0.54000000000000004       -1.0000985996059366     
  0.54333333333333333       -1.0001513304940477     
  0.54666666666666675       -1.0001483136745952     
  0.55000000000000004       -1.0001048204382863     
  0.55333333333333334       -1.0000436131930859     
  0.55666666666666675      -0.99998666026089178     
  0.56000000000000005      -0.99994906893972746     
  0.56333333333333335      -0.99993646604084929     
  0.56666666666666665      -0.99994577041091681     
  0.57000000000000006      -0.99996831937039488     
  0.57333333333333336      -0.99999385748969838     
  0.57666666666666666       -1.0000139914969339     
  0.58000000000000007       -1.0000242085740858     
  0.58333333333333337       -1.0000242072518160     
  0.58666666666666667       -1.0000168648725269     
  0.59000000000000008       -1.0000065037741979     
  0.59333333333333338      -0.99999717014388667     
  0.59666666666666668      -0.99999145622945607     
  0.60000000000000009      -0.99999009194726352     
  0.60333333333333339      -0.99999223157730732     
  0.60666666666666669      -0.99999615984174794     
  0.60999999999999999       -1.0000000794327724     
  0.61333333333333340       -1.0000027044357265     
  0.61666666666666670       -1.0000035194623171     
  0.62000000000000000       -1.0000027098091429     
  0.62333333333333341       -1.0000008729898489     
  0.62666666666666671      -0.99999866203413801     
  0.63000000000000000      -0.99999648929842200     
  0.63333333333333341      -0.99999435921215973     
  0.63666666666666671      -0.99999182932040931     
  0.64000000000000001      -0.99998804600117985     
  0.64333333333333342      -0.99998177678997968     
  0.64666666666666672      -0.99997136425122779     
  0.65000000000000002      -0.99995454600295508     
  0.65333333333333332      -0.99992810755059502     
  0.65666666666666673      -0.99988734709997973     
  0.66000000000000003      -0.99982532844651772     
  0.66333333333333333      -0.99973187974707101     
  0.66666666666666674      -0.99959226748476482     
  0.67000000000000004      -0.99938544307625832     
  0.67333333333333334      -0.99908173052501459     
  0.67666666666666675      -0.99863980152201792     
  0.68000000000000005      -0.99800277184048547     
  0.68333333333333335      -0.99709325149740613     
  0.68666666666666676      -0.99580719352696656     
  0.69000000000000006      -0.99400641688980729     
  0.69333333333333336      -0.99150973497015304     
  0.69666666666666666      -0.98808271108925849     
  0.70000000000000007      -0.98342619582577007     
  0.70333333333333337      -0.97716398568575891     
  0.70666666666666667      -0.96883018328738202     
  0.71000000000000008      -0.95785713432860653     
  0.71333333333333337      -0.94356515654850159     
  0.71666666666666667      -0.92515564048471799     
  0.72000000000000008      -0.90170945838549688     
  0.72333333333333338      -0.87219291978007851     
  0.72666666666666668      -0.83547370006421084     
  0.73000000000000009      -0.79034917089396906     
  0.73333333333333339      -0.73558930090022456     
  0.73666666666666669      -0.66999569713150275     
  0.74000000000000010      -0.59247736058996070     
  0.74333333333333340      -0.50214230086506495     
  0.74666666666666670      -0.39840230800873677     
  0.75000000000000000      -0.28108598854980038     
  0.75333333333333341      -0.15055278520490473     
  0.75666666666666671       -7.7983450461816609E-003
  0.76000000000000001       0.14546041658564268     
  0.76333333333333342       0.30673352621167882     
  0.76666666666666672       0.47275263510678162     
  0.77000000000000002       0.63952415140945285     
  0.77333333333333343       0.80244984855120061     
  0.77666666666666673       0.95651918120782098     
  0.78000000000000003        1.0965710011884331     
  0.78333333333333344        1.2176144624082883     
  0.78666666666666674        1.3151903123743693     
  0.79000000000000004        1.3857454422814079     
  0.79333333333333333        1.4269866725416263     
  0.79666666666666675        1.4381755338996765     
  0.80000000000000004        1.4203254279038071     
  0.80333333333333334        1.3762668866723149     
  0.80666666666666675        1.3105560774684804     
  0.81000000000000005        1.2292159202949302     
  0.81333333333333335        1.1393171426612594     
  0.81666666666666676        1.0484264539326229     
  0.82000000000000006       0.96396832019101109     
  0.82333333333333336       0.89256273892760840     
  0.82666666666666677       0.83941116248039949     
  0.83000000000000007       0.80780400430587873     
  0.83333333333333337       0.79881464279708636     
  0.83666666666666667       0.81122650766366022     
  0.84000000000000008       0.84171323199825199     
  0.84333333333333338       0.88526003192866087     
  0.84666666666666668       0.93578169937103317     
  0.85000000000000009       0.98686377164555672     
  0.85333333333333339        1.0325333678680364     
  0.85666666666666669        1.0679586898996145     
  0.86000000000000010        1.0899833755506441     
  0.86333333333333340        1.0974235836168402     
  0.86666666666666670        1.0910892385508919     
  0.87000000000000011        1.0735314119257597     
  0.87333333333333341        1.0485589999807901     
  0.87666666666666671        1.0206028358750991     
  0.88000000000000000       0.99402807087445333     
  0.88333333333333341       0.97250191386968798     
  0.88666666666666671       0.95851227822991303     
  0.89000000000000001       0.95310537995601330     
  0.89333333333333342       0.95587165661623641     
  0.89666666666666672       0.96516647067568362     
  0.90000000000000002       0.97851271903767756     
  0.90333333333333343       0.99310384073730429     
  0.90666666666666673        1.0063128789421707     
  0.91000000000000003        1.0161182008472887     
  0.91333333333333344        1.0213777008500731     
  0.91666666666666674        1.0219161225428213     
  0.92000000000000004        1.0184276618933727     
  0.92333333333333334        1.0122306552468552     
  0.92666666666666675        1.0049361808172843     
  0.93000000000000005       0.99810334639930176     
  0.93333333333333335       0.99294957583344023     
  0.93666666666666676       0.99016632487237422     
  0.94000000000000006       0.98986406843698138     
  0.94333333333333336       0.99164138800839829     
  0.94666666666666677       0.99474792696759851     
  0.95000000000000007       0.99829491662074843     
  0.95333333333333337        1.0014625662201266     
  0.95666666666666678        1.0036606921000748     
  0.96000000000000008        1.0046147913537828     
  0.96333333333333337        1.0043698606347233     
  0.96666666666666667        1.0032235887870262     
  0.97000000000000008        1.0016147679608494     
  0.97333333333333338       0.99999918418329825     
  0.97666666666666668       0.99874332035041180     
  0.98000000000000009       0.99805744562199794     
  0.98333333333333339       0.99797705941037540     
  0.98666666666666669       0.99838876287269096     
  0.99000000000000010       0.99908662580559415     
  0.99333333333333340       0.99984005057547942     
  0.99666666666666670        1.0004545438721626     
