   0.0000000000000000       0.92468409492222547     
   3.3333333333333335E-003  0.97563339111961700     
   6.6666666666666671E-003   1.0228486992196655     
   1.0000000000000000E-002   1.0616987780233542     
   1.3333333333333334E-002   1.0888124468709703     
   1.6666666666666666E-002   1.1023955087129844     
   2.0000000000000000E-002   1.1023508869104961     
   2.3333333333333334E-002   1.0901883540013360     
   2.6666666666666668E-002   1.0687382436210400     
   3.0000000000000002E-002   1.0417102365327899     
   3.3333333333333333E-002   1.0131596402785379     
   3.6666666666666667E-002  0.98693612215754112     
   4.0000000000000001E-002  0.96619143855989609     
   4.3333333333333335E-002  0.95301284394565589     
   4.6666666666666669E-002  0.94822892279818238     
   5.0000000000000003E-002  0.95140762893680075     
   5.3333333333333337E-002  0.96103663654671645     
   5.6666666666666671E-002  0.97484853427336571     
   6.0000000000000005E-002  0.99023245335203247     
   6.3333333333333339E-002   1.0046628279423426     
   6.6666666666666666E-002   1.0160768159817213     
   7.0000000000000007E-002   1.0231440758755841     
   7.3333333333333334E-002   1.0253937085913765     
   7.6666666666666675E-002   1.0231892807195500     
   8.0000000000000002E-002   1.0175691611382014     
   8.3333333333333343E-002   1.0099912294202933     
   8.6666666666666670E-002   1.0020346115168088     
   9.0000000000000011E-002  0.99511439180921391     
   9.3333333333333338E-002  0.99025818558214806     
   9.6666666666666679E-002  0.98797795119185605     
  0.10000000000000001       0.98824992669909084     
  0.10333333333333335       0.99059433093918159     
  0.10666666666666667       0.99422862142057333     
  0.11000000000000000       0.99825687378540706     
  0.11333333333333334        1.0018549286906471     
  0.11666666666666667        1.0044162350350401     
  0.12000000000000001        1.0056350306996367     
  0.12333333333333334        1.0055186826998681     
  0.12666666666666668        1.0043362158696572     
  0.13000000000000000        1.0025221381911880     
  0.13333333333333333        1.0005614108021772     
  0.13666666666666669       0.99888194851090661     
  0.14000000000000001       0.99777593246498086     
  0.14333333333333334       0.99736220467507619     
  0.14666666666666667       0.99759150846122147     
  0.15000000000000002       0.99828682603219188     
  0.15333333333333335       0.99920453251809904     
  0.15666666666666668        1.0000996217011715     
  0.16000000000000000        1.0007798935408749     
  0.16333333333333333        1.0011388118156190     
  0.16666666666666669        1.0011632017443226     
  0.17000000000000001        1.0009183347454522     
  0.17333333333333334        1.0005177595633612     
  0.17666666666666667        1.0000875764954593     
  0.18000000000000002       0.99973452402193341     
  0.18333333333333335       0.99952473596288360     
  0.18666666666666668       0.99947627694308572     
  0.19000000000000000       0.99956468484299277     
  0.19333333333333336       0.99973771677162304     
  0.19666666666666668       0.99993392472684861     
  0.20000000000000001        1.0000997293953089     
  0.20333333333333334        1.0002010332524394     
  0.20666666666666669        1.0002275405851773     
  0.21000000000000002        1.0001901564536964     
  0.21333333333333335        1.0001135361442626     
  0.21666666666666667        1.0000266998512564     
  0.22000000000000000       0.99995454907589387     
  0.22333333333333336       0.99991231234753741     
  0.22666666666666668       0.99990376029641859     
  0.23000000000000001       0.99992285384984270     
  0.23333333333333334       0.99995763956177830     
  0.23666666666666669       0.99999485006145461     
  0.24000000000000002        1.0000238052382513     
  0.24333333333333335        1.0000387044268513     
  0.24666666666666667        1.0000390420042582     
  0.25000000000000000        1.0000284588528743     
  0.25333333333333335        1.0000127098159655     
  0.25666666666666671       0.99999752298932520     
  0.26000000000000001       0.99998698080997883     
  0.26333333333333336       0.99998275900665456     
  0.26666666666666666       0.99998423440541773     
  0.27000000000000002       0.99998921748240266     
  0.27333333333333337       0.99999493933517392     
  0.27666666666666667       0.99999893345556512     
  0.28000000000000003       0.99999956586479000     
  0.28333333333333333       0.99999612523865955     
  0.28666666666666668       0.99998852924494708     
  0.29000000000000004       0.99997679312078902     
  0.29333333333333333       0.99996042605472146     
  0.29666666666666669       0.99993787948971180     
  0.30000000000000004       0.99990609458155955     
  0.30333333333333334       0.99986011388046259     
  0.30666666666666670       0.99979265912388615     
  0.31000000000000000       0.99969354500817376     
  0.31333333333333335       0.99954879709953348     
  0.31666666666666671       0.99933936030206971     
  0.32000000000000001       0.99903930850383194     
  0.32333333333333336       0.99861348426127183     
  0.32666666666666666       0.99801450373573097     
  0.33000000000000002       0.99717905781156679     
  0.33333333333333337       0.99602343256624670     
  0.33666666666666667       0.99443817138579615     
  0.34000000000000002       0.99228181760759271     
  0.34333333333333338       0.98937371917960604     
  0.34666666666666668       0.98548595087840773     
  0.35000000000000003       0.98033451738849031     
  0.35333333333333333       0.97357014162214839     
  0.35666666666666669       0.96476911446530722     
  0.36000000000000004       0.95342487980057189     
  0.36333333333333334       0.93894124422366754     
  0.36666666666666670       0.92062832190498434     
  0.37000000000000005       0.89770253312876891     
  0.37333333333333335       0.86929214460819515     
  0.37666666666666671       0.83444993781710408     
  0.38000000000000000       0.79217457917938583     
  0.38333333333333336       0.74144210042669034     
  0.38666666666666671       0.68124853714139511     
  0.39000000000000001       0.61066418376195841     
  0.39333333333333337       0.52889908366866889     
  0.39666666666666667       0.43537828511090826     
  0.40000000000000002       0.32982408950654357     
  0.40333333333333338       0.21234106669892727     
  0.40666666666666668        8.3498121780540308E-002
  0.41000000000000003       -5.5599479099838187E-002
  0.41333333333333339      -0.20325629448483334     
  0.41666666666666669      -0.35715984440461207     
  0.42000000000000004      -0.51438928435284736     
  0.42333333333333334      -0.67146713683158055     
  0.42666666666666669      -0.82445948813272030     
  0.43000000000000005      -0.96912685370780305     
  0.43333333333333335       -1.1011236972653227     
  0.43666666666666670       -1.2162395811763540     
  0.44000000000000000       -1.3106695108871347     
  0.44333333333333336       -1.3812957442760108     
  0.44666666666666671       -1.4259588140955943     
  0.45000000000000001       -1.4436924604005561     
  0.45333333333333337       -1.4348962672829053     
  0.45666666666666672       -1.4014215966073582     
  0.46000000000000002       -1.3465512328535101     
  0.46333333333333337       -1.2748609930914589     
  0.46666666666666667       -1.1919620132334141     
  0.47000000000000003       -1.1041346714244260     
  0.47333333333333338       -1.0178779352772644     
  0.47666666666666668      -0.93940981045797034     
  0.48000000000000004      -0.87416387974113774     
  0.48333333333333334      -0.82633209055266565     
  0.48666666666666669      -0.79850373373833228     
  0.49000000000000005      -0.79144427282863583     
  0.49333333333333335      -0.80404539453732515     
  0.49666666666666670      -0.83346027233680708     
  0.50000000000000000      -0.87541731900204034     
  0.50333333333333341      -0.92468409491225156     
  0.50666666666666671      -0.97563339110646419     
  0.51000000000000001       -1.0228486992098493     
  0.51333333333333342       -1.0616987780196139     
  0.51666666666666672       -1.0888124468725460     
  0.52000000000000002       -1.1023955087172250     
  0.52333333333333332       -1.1023508869146517     
  0.52666666666666673       -1.0901883540037263     
  0.53000000000000003       -1.0687382436213495     
  0.53333333333333333       -1.0417102365316859     
  0.53666666666666674       -1.0131596402770224     
  0.54000000000000004      -0.98693612215640492     
  0.54333333333333333      -0.96619143855946910     
  0.54666666666666675      -0.95301284394584296     
  0.55000000000000004      -0.94822892279866677     
  0.55333333333333334      -0.95140762893726194     
  0.55666666666666675      -0.96103663654696825     
  0.56000000000000005      -0.97484853427338358     
  0.56333333333333335      -0.99023245335190102     
  0.56666666666666665       -1.0046628279421772     
  0.57000000000000006       -1.0160768159816069     
  0.57333333333333336       -1.0231440758755495     
  0.57666666666666666       -1.0253937085914051     
  0.58000000000000007       -1.0231892807196039     
  0.58333333333333337       -1.0175691611382471     
  0.58666666666666667       -1.0099912294203139     
  0.59000000000000008       -1.0020346115168048     
  0.59333333333333338      -0.99511439180919714     
  0.59666666666666668      -0.99025818558213030     
  0.60000000000000009      -0.98797795119184517     
  0.60333333333333339      -0.98824992669908862     
  0.60666666666666669      -0.99059433093918547     
  0.60999999999999999      -0.99422862142057877     
  0.61333333333333340      -0.99825687378541106     
  0.61666666666666670       -1.0018549286906484     
  0.62000000000000000       -1.0044162350350394     
  0.62333333333333341       -1.0056350306996351     
  0.62666666666666671       -1.0055186826998670     
  0.63000000000000000       -1.0043362158696572     
  0.63333333333333341       -1.0025221381911886     
  0.63666666666666671       -1.0005614108021783     
  0.64000000000000001      -0.99888194851090772     
  0.64333333333333342      -0.99777593246498153     
  0.64666666666666672      -0.99736220467507630     
  0.65000000000000002      -0.99759150846122091     
  0.65333333333333332      -0.99828682603219032     
  0.65666666666666673      -0.99920453251809516     
  0.66000000000000003       -1.0000996217011637     
  0.66333333333333333       -1.0007798935408592     
  0.66666666666666674       -1.0011388118155877     
  0.67000000000000004       -1.0011632017442618     
  0.67333333333333334       -1.0009183347453332     
  0.67666666666666675       -1.0005177595631305     
  0.68000000000000005       -1.0000875764950146     
  0.68333333333333335      -0.99973452402108065     
  0.68666666666666676      -0.99952473596126123     
  0.69000000000000006      -0.99947627694002028     
  0.69333333333333336      -0.99956468483724037     
  0.69666666666666666      -0.99973771676090317     
  0.70000000000000007      -0.99993392470700826     
  0.70333333333333337       -1.0000997293588427     
  0.70666666666666667       -1.0002010331858768     
  0.71000000000000008       -1.0002275404645209     
  0.71333333333333337       -1.0001901562365021     
  0.71666666666666667       -1.0001135357560056     
  0.72000000000000008       -1.0000266991620337     
  0.72333333333333338      -0.99995454786092941     
  0.72666666666666668      -0.99991231022074289     
  0.73000000000000009      -0.99990375659950237     
  0.73333333333333339      -0.99992284746868565     
  0.73666666666666669      -0.99995762862477910     
  0.74000000000000010      -0.99999483144793533     
  0.74333333333333340       -1.0000237737837752     
  0.74666666666666670       -1.0000386516490127     
  0.75000000000000000       -1.0000389540763222     
  0.75333333333333341       -1.0000283134079335     
  0.75666666666666671       -1.0000124709487668     
  0.76000000000000001      -0.99999713350534514     
  0.76333333333333342      -0.99998635030836480     
  0.76666666666666672      -0.99998174571624809     
  0.77000000000000002      -0.99998261774195074     
  0.77333333333333343      -0.99998665695563260     
  0.77666666666666673      -0.99999091357208281     
  0.78000000000000003      -0.99999265054889730     
  0.78333333333333344      -0.99998983279424869     
  0.78666666666666674      -0.99998115949239297     
  0.79000000000000004      -0.99996568969949229     
  0.79333333333333333      -0.99994219939620421     
  0.79666666666666675      -0.99990842561505233     
  0.80000000000000004      -0.99986030939619042     
  0.80333333333333334      -0.99979126978969868     
  0.80666666666666675      -0.99969145621324373     
  0.81000000000000005      -0.99954686071161747     
  0.81333333333333335      -0.99933813760130552     
  0.81666666666666676      -0.99903897531300800     
  0.82000000000000006      -0.99861388434029985     
  0.82333333333333336      -0.99801529296317859     
  0.82666666666666677      -0.99717986803466074     
  0.83000000000000007      -0.99602399692435251     
  0.83333333333333337      -0.99443838126626183     
  0.83666666666666667      -0.99228171185657599     
  0.84000000000000008      -0.98937342820238205     
  0.84333333333333338      -0.98548562681512819     
  0.84666666666666668      -0.98033427742492540     
  0.85000000000000009      -0.97357003949950338     
  0.85333333333333339      -0.96476914155412163     
  0.85666666666666669      -0.95342498678196086     
  0.86000000000000010      -0.93894137003599887     
  0.86333333333333340      -0.92062841800438422     
  0.86666666666666670      -0.89770257618428240     
  0.87000000000000011      -0.86929213672685568     
  0.87333333333333341      -0.83444989795340507     
  0.87666666666666671      -0.79217453135165816     
  0.88000000000000000      -0.74144206379926736     
  0.88333333333333341      -0.68124852086571708     
  0.88666666666666671      -0.61066418692946300     
  0.89000000000000001      -0.52889909882001762     
  0.89333333333333342      -0.43537830296046814     
  0.89666666666666672      -0.32982410282527419     
  0.90000000000000002      -0.21234107223228740     
  0.90333333333333343       -8.3498120130580916E-002
  0.90666666666666673        5.5599484943288813E-002
  0.91000000000000003       0.20325630100405184     
  0.91333333333333344       0.35715984900447356     
  0.91666666666666674       0.51438928600371581     
  0.92000000000000004       0.67146713592889717     
  0.92333333333333334       0.82445948587827844     
  0.92666666666666675       0.96912685139681209     
  0.93000000000000005        1.1011236957746200     
  0.93333333333333335        1.2162395807785338     
  0.93666666666666676        1.3106695113527589     
  0.94000000000000006        1.3812957451301440     
  0.94333333333333336        1.4259588148805651     
  0.94666666666666677        1.4436924608433364     
  0.95000000000000007        1.4348962673354548     
  0.95333333333333337        1.4014215963873322     
  0.95666666666666678        1.3465512325417801     
  0.96000000000000008        1.2748609928405528     
  0.96333333333333337        1.1919620131185189     
  0.96666666666666667        1.1041346714413596     
  0.97000000000000008        1.0178779353720395     
  0.97333333333333338       0.93940981056547568     
  0.97666666666666668       0.87416387981461208     
  0.98000000000000009       0.82633209057556234     
  0.98333333333333339       0.79850373372005590     
  0.98666666666666669       0.79144427279150320     
  0.99000000000000010       0.80404539450303725     
  0.99333333333333340       0.83346027231800746     
  0.99666666666666670       0.87541731900053388     
