   0.0000000000000000       -1.4113776721645213     
   3.3333333333333335E-003  -1.4204099311591385     
   6.6666666666666671E-003  -1.3916324745220250     
   1.0000000000000000E-002  -1.3306294342769729     
   1.3333333333333334E-002  -1.2458426204800270     
   1.6666666666666666E-002  -1.1477838590272189     
   2.0000000000000000E-002  -1.0479162371192765     
   2.3333333333333334E-002 -0.95733535123322944     
   2.6666666666666668E-002 -0.88543051223487135     
   3.0000000000000002E-002 -0.83872870179661541     
   3.3333333333333333E-002 -0.82011255600158328     
   3.6666666666666667E-002 -0.82855541552772716     
   4.0000000000000001E-002 -0.85943667110028898     
   4.3333333333333335E-002 -0.90540188122774179     
   4.6666666666666669E-002 -0.95763273865718901     
   5.0000000000000003E-002  -1.0073123798341803     
   5.3333333333333337E-002  -1.0470299085072057     
   5.6666666666666671E-002  -1.0718756465443453     
   6.0000000000000005E-002  -1.0800366585501358     
   6.3333333333333339E-002  -1.0728003041092939     
   6.6666666666666666E-002  -1.0539919602817063     
   7.0000000000000007E-002  -1.0289860364514030     
   7.3333333333333334E-002  -1.0035117021413105     
   7.6666666666666675E-002 -0.98250764067549312     
   8.0000000000000002E-002 -0.96925633595502281     
   8.3333333333333343E-002 -0.96495417901270852     
   8.6666666666666670E-002 -0.96876756562127364     
   9.0000000000000011E-002 -0.97831329769421549     
   9.3333333333333338E-002 -0.99041106113399568     
   9.6666666666666679E-002  -1.0019074750852537     
  0.10000000000000001       -1.0103746438603027     
  0.10333333333333335       -1.0145370581305126     
  0.10666666666666667       -1.0143627727028537     
  0.11000000000000000       -1.0108445597723505     
  0.11333333333333334       -1.0055703184427154     
  0.11666666666666667       -1.0002217131701290     
  0.12000000000000001      -0.99613879314558373     
  0.12333333333333334      -0.99405103824172125     
  0.12666666666666668      -0.99401622259291467     
  0.13000000000000000      -0.99554658491344972     
  0.13333333333333333      -0.99785461365109818     
  0.13666666666666669       -1.0001295484691899     
  0.14000000000000001       -1.0017627909433122     
  0.14333333333333334       -1.0024695558529038     
  0.14666666666666667       -1.0022933912742398     
  0.15000000000000002       -1.0015164602661222     
  0.15333333333333335       -1.0005214296109519     
  0.15666666666666668      -0.99965584222682202     
  0.16000000000000000      -0.99913861333804643     
  0.16333333333333333      -0.99902721383078064     
  0.16666666666666669      -0.99924158053951784     
  0.17000000000000001      -0.99962416384781472     
  0.17333333333333334       -1.0000088836135639     
  0.17666666666666667       -1.0002752042918484     
  0.18000000000000002       -1.0003738455571294     
  0.18333333333333335       -1.0003229887474361     
  0.18666666666666668       -1.0001837119146626     
  0.19000000000000000       -1.0000280558280592     
  0.19333333333333336      -0.99991220653979329     
  0.19666666666666668      -0.99986238358780399     
  0.20000000000000001      -0.99987476093929972     
  0.20333333333333334      -0.99992560829790933     
  0.20666666666666669      -0.99998533592315841     
  0.21000000000000002       -1.0000304782135814     
  0.21333333333333335       -1.0000500110409618     
  0.21666666666666667       -1.0000454057585659     
  0.22000000000000000       -1.0000262269279043     
  0.22333333333333336       -1.0000041693862265     
  0.22666666666666668      -0.99998815995903834     
  0.23000000000000001      -0.99998199129506893     
  0.23333333333333334      -0.99998458633545995     
  0.23666666666666669      -0.99999198377565612     
  0.24000000000000002      -0.99999976512783550     
  0.24333333333333335       -1.0000048689937187     
  0.24666666666666667       -1.0000062979696418     
  0.25000000000000000       -1.0000048032344966     
  0.25333333333333335       -1.0000020001454890     
  0.25666666666666671      -0.99999944494316617     
  0.26000000000000001      -0.99999804694117922     
  0.26333333333333336      -0.99999793613298515     
  0.26666666666666666      -0.99999868555711080     
  0.27000000000000002      -0.99999967906545417     
  0.27333333333333337       -1.0000004266053242     
  0.27666666666666667       -1.0000007172969703     
  0.28000000000000003       -1.0000006042817884     
  0.28333333333333333       -1.0000002866002013     
  0.28666666666666668      -0.99999997337397750     
  0.29000000000000004      -0.99999979313552212     
  0.29333333333333333      -0.99999977006895424     
  0.29666666666666669      -0.99999985296108451     
  0.30000000000000004      -0.99999996536425262     
  0.30333333333333334       -1.0000000477739011     
  0.30666666666666670       -1.0000000766665749     
  0.31000000000000000       -1.0000000607946251     
  0.31333333333333335       -1.0000000248748957     
  0.31666666666666671      -0.99999999255228222     
  0.32000000000000001      -0.99999997638631744     
  0.32333333333333336      -0.99999997656979767     
  0.32666666666666666      -0.99999998552851610     
  0.33000000000000002      -0.99999999395497807     
  0.33333333333333337      -0.99999999478907431     
  0.33666666666666667      -0.99999998373981180     
  0.34000000000000002      -0.99999995669948061     
  0.34333333333333338      -0.99999990502506853     
  0.34666666666666668      -0.99999980907762887     
  0.35000000000000003      -0.99999962898180439     
  0.35333333333333333      -0.99999928967056873     
  0.35666666666666669      -0.99999865498536589     
  0.36000000000000004      -0.99999748255724819     
  0.36333333333333334      -0.99999534666787582     
  0.36666666666666670      -0.99999150926805080     
  0.37000000000000005      -0.99998470859458111     
  0.37333333333333335      -0.99997281895622070     
  0.37666666666666671      -0.99995231263226469     
  0.38000000000000000      -0.99991742365666014     
  0.38333333333333336      -0.99985887178353061     
  0.38666666666666671      -0.99976195181728000     
  0.39000000000000001      -0.99960372853948198     
  0.39333333333333337      -0.99934900261762405     
  0.39666666666666667      -0.99894463356396601     
  0.40000000000000002      -0.99831173253300731     
  0.40333333333333338      -0.99733518776285501     
  0.40666666666666668      -0.99584998420198645     
  0.41000000000000003      -0.99362386051369234     
  0.41333333333333339      -0.99033605324695928     
  0.41666666666666669      -0.98555225599347052     
  0.42000000000000004      -0.97869651503489352     
  0.42333333333333334      -0.96902162351992727     
  0.42666666666666669      -0.95558066690106425     
  0.43000000000000005      -0.93720367053855513     
  0.43333333333333335      -0.91248469844789903     
  0.43666666666666670      -0.87978606181613339     
  0.44000000000000000      -0.83726724122396490     
  0.44333333333333336      -0.78294635286534842     
  0.44666666666666671      -0.71480109471401121     
  0.45000000000000001      -0.63091370394689139     
  0.45333333333333337      -0.52966025213787760     
  0.45666666666666672      -0.40993851937196296     
  0.46000000000000002      -0.27142096818066652     
  0.46333333333333337      -0.11481065372428517     
  0.46666666666666667        5.7930597620341133E-002
  0.47000000000000003       0.24341915128494787     
  0.47333333333333338       0.43679219089409815     
  0.47666666666666668       0.63179413525683803     
  0.48000000000000004       0.82103558293594403     
  0.48333333333333334       0.99643649158109482     
  0.48666666666666669        1.1498412721900371     
  0.49000000000000005        1.2737646890425012     
  0.49333333333333335        1.3621977813363804     
  0.49666666666666670        1.4113776721645184     
  0.50000000000000000        1.4204099311591367     
  0.50333333333333341        1.3916324745220243     
  0.50666666666666671        1.3306294342769733     
  0.51000000000000001        1.2458426204800273     
  0.51333333333333342        1.1477838590272189     
  0.51666666666666672        1.0479162371192765     
  0.52000000000000002       0.95733535123322966     
  0.52333333333333332       0.88543051223487179     
  0.52666666666666673       0.83872870179661585     
  0.53000000000000003       0.82011255600158361     
  0.53333333333333333       0.82855541552772727     
  0.53666666666666674       0.85943667110028876     
  0.54000000000000004       0.90540188122774168     
  0.54333333333333333       0.95763273865718890     
  0.54666666666666675        1.0073123798341803     
  0.55000000000000004        1.0470299085072057     
  0.55333333333333334        1.0718756465443455     
  0.55666666666666675        1.0800366585501364     
  0.56000000000000005        1.0728003041092946     
  0.56333333333333335        1.0539919602817072     
  0.56666666666666665        1.0289860364514039     
  0.57000000000000006        1.0035117021413111     
  0.57333333333333336       0.98250764067549334     
  0.57666666666666666       0.96925633595502292     
  0.58000000000000007       0.96495417901270863     
  0.58333333333333337       0.96876756562127353     
  0.58666666666666667       0.97831329769421504     
  0.59000000000000008       0.99041106113399513     
  0.59333333333333338        1.0019074750852528     
  0.59666666666666668        1.0103746438603021     
  0.60000000000000009        1.0145370581305120     
  0.60333333333333339        1.0143627727028528     
  0.60666666666666669        1.0108445597723497     
  0.60999999999999999        1.0055703184427147     
  0.61333333333333340        1.0002217131701283     
  0.61666666666666670       0.99613879314558307     
  0.62000000000000000       0.99405103824172114     
  0.62333333333333341       0.99401622259291478     
  0.62666666666666671       0.99554658491344994     
  0.63000000000000000       0.99785461365109840     
  0.63333333333333341        1.0001295484691903     
  0.63666666666666671        1.0017627909433127     
  0.64000000000000001        1.0024695558529046     
  0.64333333333333342        1.0022933912742400     
  0.64666666666666672        1.0015164602661226     
  0.65000000000000002        1.0005214296109524     
  0.65333333333333332       0.99965584222682180     
  0.65666666666666673       0.99913861333804599     
  0.66000000000000003       0.99902721383078019     
  0.66333333333333333       0.99924158053951739     
  0.66666666666666674       0.99962416384781461     
  0.67000000000000004        1.0000088836135639     
  0.67333333333333334        1.0002752042918486     
  0.67666666666666675        1.0003738455571294     
  0.68000000000000005        1.0003229887474356     
  0.68333333333333335        1.0001837119146626     
  0.68666666666666676        1.0000280558280590     
  0.69000000000000006       0.99991220653979307     
  0.69333333333333336       0.99986238358780333     
  0.69666666666666666       0.99987476093929917     
  0.70000000000000007       0.99992560829790855     
  0.70333333333333337       0.99998533592315775     
  0.70666666666666667        1.0000304782135809     
  0.71000000000000008        1.0000500110409614     
  0.71333333333333337        1.0000454057585657     
  0.71666666666666667        1.0000262269279043     
  0.72000000000000008        1.0000041693862265     
  0.72333333333333338       0.99998815995903867     
  0.72666666666666668       0.99998199129506937     
  0.73000000000000009       0.99998458633546072     
  0.73333333333333339       0.99999198377565668     
  0.73666666666666669       0.99999976512783584     
  0.74000000000000010        1.0000048689937191     
  0.74333333333333340        1.0000062979696425     
  0.74666666666666670        1.0000048032344973     
  0.75000000000000000        1.0000020001454897     
  0.75333333333333341       0.99999944494316650     
  0.75666666666666671       0.99999804694117955     
  0.76000000000000001       0.99999793613298538     
  0.76333333333333342       0.99999868555711124     
  0.76666666666666672       0.99999967906545473     
  0.77000000000000002        1.0000004266053260     
  0.77333333333333343        1.0000007172969758     
  0.77666666666666673        1.0000006042818035     
  0.78000000000000003        1.0000002866002420     
  0.78333333333333344       0.99999997337407942     
  0.78666666666666674       0.99999979313577336     
  0.79000000000000004       0.99999977006956464     
  0.79333333333333333       0.99999985296254768     
  0.79666666666666675       0.99999996536771307     
  0.80000000000000004        1.0000000477819717     
  0.80333333333333334        1.0000000766851398     
  0.80666666666666675        1.0000000608367479     
  0.81000000000000005        1.0000000249691701     
  0.81333333333333335       0.99999999276041973     
  0.81666666666666676       0.99999997683963771     
  0.82000000000000006       0.99999997754383596     
  0.82333333333333336       0.99999998759332698     
  0.82666666666666677       0.99999999827347552     
  0.83000000000000007        1.0000000037004708     
  0.83333333333333337        1.0000000018836928     
  0.83666666666666667       0.99999999314923183     
  0.84000000000000008       0.99999997727634371     
  0.84333333333333338       0.99999995039239675     
  0.84666666666666668       0.99999990170561082     
  0.85000000000000009       0.99999980901106211     
  0.85333333333333339       0.99999963081237875     
  0.85666666666666669       0.99999929173189572     
  0.86000000000000010       0.99999865621192452     
  0.86333333333333340       0.99999748273218914     
  0.86666666666666670       0.99999534616515517     
  0.87000000000000011       0.99999150862244290     
  0.87333333333333341       0.99998470817722562     
  0.87666666666666671       0.99997281886700917     
  0.88000000000000000       0.99995231276913044     
  0.88333333333333341       0.99991742385288263     
  0.88666666666666671       0.99985887191712175     
  0.89000000000000001       0.99976195185097294     
  0.89333333333333342       0.99960372850166279     
  0.89666666666666672       0.99934900255924819     
  0.90000000000000002       0.99894463352327856     
  0.90333333333333343       0.99831173252219874     
  0.90666666666666673       0.99733518777366603     
  0.91000000000000003       0.99584998421906823     
  0.91333333333333344       0.99362386052554763     
  0.91666666666666674       0.99033605325000751     
  0.92000000000000004       0.98555225599025320     
  0.92333333333333334       0.97869651502997312     
  0.92666666666666675       0.96902162351662080     
  0.93000000000000005       0.95558066690031418     
  0.93333333333333335       0.93720367053954368     
  0.93666666666666676       0.91248469844929125     
  0.94000000000000006       0.87978606181701335     
  0.94333333333333336       0.83726724122411744     
  0.94666666666666677       0.78294635286504166     
  0.95000000000000007       0.71480109471362685     
  0.95333333333333337       0.63091370394667001     
  0.95666666666666678       0.52966025213785750     
  0.96000000000000008       0.40993851937205728     
  0.96333333333333337       0.27142096818076922     
  0.96666666666666667       0.11481065372433710     
  0.97000000000000008       -5.7930597620343006E-002
  0.97333333333333338      -0.24341915128497618     
  0.97666666666666668      -0.43679219089412463     
  0.98000000000000009      -0.63179413525684935     
  0.98333333333333339      -0.82103558293594159     
  0.98666666666666669      -0.99643649158108738     
  0.99000000000000010       -1.1498412721900308     
  0.99333333333333340       -1.2737646890424994     
  0.99666666666666670       -1.3621977813363817     
