   0.0000000000000000       -1.0000000000000000     
   3.3333333333333335E-003  -1.0000000000000000     
   6.6666666666666671E-003  -1.0000000000000000     
   1.0000000000000000E-002  -1.0000000000000000     
   1.3333333333333334E-002 -0.99999999999999989     
   1.6666666666666666E-002 -0.99999999999999856     
   2.0000000000000000E-002 -0.99999999999998501     
   2.3333333333333334E-002 -0.99999999999986977     
   2.6666666666666668E-002 -0.99999999999900879     
   3.0000000000000002E-002 -0.99999999999330857     
   3.3333333333333333E-002 -0.99999999995942812     
   3.6666666666666667E-002 -0.99999999977691822     
   4.0000000000000001E-002 -0.99999999887884017     
   4.3333333333333335E-002 -0.99999999481572710     
   4.6666666666666669E-002 -0.99999997782171468     
   5.0000000000000003E-002 -0.99999991180708159     
   5.3333333333333337E-002 -0.99999967268775525     
   5.6666666666666671E-002 -0.99999886228504986     
   6.0000000000000005E-002 -0.99999628490932591     
   6.3333333333333339E-002 -0.99998857318810364     
   6.6666666666666666E-002 -0.99996681724020109     
   7.0000000000000007E-002 -0.99990883668969333     
   7.3333333333333334E-002 -0.99976262882117184     
   7.6666666666666675E-002 -0.99941329395476985     
   8.0000000000000002E-002 -0.99862153278171983     
   8.3333333333333343E-002 -0.99691768749141851     
   8.6666666666666670E-002 -0.99343384239644927     
   9.0000000000000011E-002 -0.98666218303923992     
   9.3333333333333338E-002 -0.97414645635523489     
   9.6666666666666679E-002 -0.95214994164921385     
  0.10000000000000001      -0.91539770456930059     
  0.10333333333333335      -0.85705239732624328     
  0.10666666666666667      -0.76912627197433747     
  0.11000000000000000      -0.64351933133926231     
  0.11333333333333334      -0.47376534080578792     
  0.11666666666666667      -0.25734537774709754     
  0.12000000000000001        1.8782280229567017E-003
  0.12333333333333334       0.29185311411011811     
  0.12666666666666668       0.59204241268834135     
  0.13000000000000000       0.87537250791033361     
  0.13333333333333333        1.1126115972663926     
  0.13666666666666669        1.2785318411211091     
  0.14000000000000001        1.3583394800830808     
  0.14333333333333334        1.3523377582637519     
  0.14666666666666667        1.2769592058582506     
  0.15000000000000002        1.1612782719366748     
  0.15333333333333335        1.0396465419191445     
  0.15666666666666668       0.94261081537075142     
  0.16000000000000000       0.88910359115203530     
  0.16333333333333333       0.88257882447374214     
  0.16666666666666669       0.91233147556715566     
  0.17000000000000001       0.95924950106858675     
  0.17333333333333334        1.0035665616683673     
  0.17666666666666667        1.0315657561781755     
  0.18000000000000002        1.0388857802071056     
  0.18333333333333335        1.0297244422684944     
  0.18666666666666668        1.0130074020357800     
  0.19000000000000000       0.99766942715364426     
  0.19333333333333336       0.98916632374408830     
  0.19666666666666668       0.98836800078751075     
  0.20000000000000001       0.99268364026730560     
  0.20333333333333334       0.99831562883455593     
  0.20666666666666669        1.0023175197091865     
  0.21000000000000002        1.0035885728029197     
  0.21333333333333335        1.0026876405286831     
  0.21666666666666667        1.0009455726682768     
  0.22000000000000000       0.99954017372724024     
  0.22333333333333336       0.99899475861105891     
  0.22666666666666668       0.99919126040754525     
  0.23000000000000001       0.99969656846954369     
  0.23333333333333334        1.0001146313941776     
  0.23666666666666669        1.0002726545107414     
  0.24000000000000002        1.0002118576638204     
  0.24333333333333335        1.0000693404356009     
  0.24666666666666667       0.99996096918232413     
  0.25000000000000000       0.99992856790503448     
  0.25333333333333335       0.99995198798424012     
  0.25666666666666671       0.99999002103002022     
  0.26000000000000001        1.0000138077150185     
  0.26333333333333336        1.0000171685148000     
  0.26666666666666666        1.0000088356932482     
  0.27000000000000002       0.99999983306207330     
  0.27333333333333337       0.99999581808794680     
  0.27666666666666667       0.99999649512070110     
  0.28000000000000003       0.99999890773009203     
  0.28333333333333333        1.0000006393386494     
  0.28666666666666668        1.0000010050675341     
  0.29000000000000004        1.0000005407466726     
  0.29333333333333333        1.0000000034509013     
  0.29666666666666669       0.99999977317568511     
  0.30000000000000004       0.99999982075762028     
  0.30333333333333334       0.99999995559567234     
  0.30666666666666670        1.0000000398764377     
  0.31000000000000000        1.0000000482417699     
  0.31333333333333335        1.0000000199031842     
  0.31666666666666671       0.99999999538032247     
  0.32000000000000001       0.99999998874760276     
  0.32333333333333336       0.99999999371044601     
  0.32666666666666666       0.99999999989907773     
  0.33000000000000002        1.0000000023513635     
  0.33333333333333337        1.0000000016726209     
  0.33666666666666667        1.0000000002598857     
  0.34000000000000002       0.99999999954983576     
  0.34333333333333338       0.99999999960145081     
  0.34666666666666668       0.99999999990126087     
  0.35000000000000003        1.0000000000805787     
  0.35333333333333333        1.0000000000879123     
  0.35666666666666669        1.0000000000274667     
  0.36000000000000004       0.99999999998618228     
  0.36333333333333334       0.99999999998167655     
  0.36666666666666670       0.99999999999347611     
  0.37000000000000005        1.0000000000023459     
  0.37333333333333335        1.0000000000036584     
  0.37666666666666671        1.0000000000013918     
  0.38000000000000000       0.99999999999958944     
  0.38333333333333336       0.99999999999929423     
  0.38666666666666671       0.99999999999972733     
  0.39000000000000001        1.0000000000000762     
  0.39333333333333337        1.0000000000001317     
  0.39666666666666667        1.0000000000000488     
  0.40000000000000002       0.99999999999998457     
  0.40333333333333338       0.99999999999997580     
  0.40666666666666668       0.99999999999999156     
  0.41000000000000003        1.0000000000000029     
  0.41333333333333339        1.0000000000000040     
  0.41666666666666669        1.0000000000000011     
  0.42000000000000004       0.99999999999999933     
  0.42333333333333334       0.99999999999999933     
  0.42666666666666669       0.99999999999999978     
  0.43000000000000005        1.0000000000000000     
  0.43333333333333335        1.0000000000000000     
  0.43666666666666670        1.0000000000000000     
  0.44000000000000000        1.0000000000000000     
  0.44333333333333336        1.0000000000000000     
  0.44666666666666671        1.0000000000000000     
  0.45000000000000001        1.0000000000000000     
  0.45333333333333337        1.0000000000000000     
  0.45666666666666672        1.0000000000000000     
  0.46000000000000002        1.0000000000000000     
  0.46333333333333337        1.0000000000000000     
  0.46666666666666667       0.99999999999999989     
  0.47000000000000003        1.0000000000000000     
  0.47333333333333338        1.0000000000000000     
  0.47666666666666668        1.0000000000000000     
  0.48000000000000004        1.0000000000000000     
  0.48333333333333334        1.0000000000000000     
  0.48666666666666669        1.0000000000000000     
  0.49000000000000005        1.0000000000000000     
  0.49333333333333335        1.0000000000000000     
  0.49666666666666670        1.0000000000000000     
  0.50000000000000000        1.0000000000000000     
  0.50333333333333341        1.0000000000000000     
  0.50666666666666671        1.0000000000000000     
  0.51000000000000001        1.0000000000000000     
  0.51333333333333342       0.99999999999999989     
  0.51666666666666672       0.99999999999999989     
  0.52000000000000002       0.99999999999999856     
  0.52333333333333332       0.99999999999998512     
  0.52666666666666673       0.99999999999986977     
  0.53000000000000003       0.99999999999900879     
  0.53333333333333333       0.99999999999330857     
  0.53666666666666674       0.99999999995942812     
  0.54000000000000004       0.99999999977691822     
  0.54333333333333333       0.99999999887884017     
  0.54666666666666675       0.99999999481572710     
  0.55000000000000004       0.99999997782171468     
  0.55333333333333334       0.99999991180708159     
  0.55666666666666675       0.99999967268775525     
  0.56000000000000005       0.99999886228504986     
  0.56333333333333335       0.99999628490932591     
  0.56666666666666665       0.99998857318810364     
  0.57000000000000006       0.99996681724020109     
  0.57333333333333336       0.99990883668969333     
  0.57666666666666666       0.99976262882117184     
  0.58000000000000007       0.99941329395476985     
  0.58333333333333337       0.99862153278171983     
  0.58666666666666667       0.99691768749141851     
  0.59000000000000008       0.99343384239644927     
  0.59333333333333338       0.98666218303923992     
  0.59666666666666668       0.97414645635523489     
  0.60000000000000009       0.95214994164921385     
  0.60333333333333339       0.91539770456930059     
  0.60666666666666669       0.85705239732624328     
  0.60999999999999999       0.76912627197433747     
  0.61333333333333340       0.64351933133926231     
  0.61666666666666670       0.47376534080578792     
  0.62000000000000000       0.25734537774709754     
  0.62333333333333341       -1.8782280229567017E-003
  0.62666666666666671      -0.29185311411011811     
  0.63000000000000000      -0.59204241268834135     
  0.63333333333333341      -0.87537250791033361     
  0.63666666666666671       -1.1126115972663926     
  0.64000000000000001       -1.2785318411211091     
  0.64333333333333342       -1.3583394800830808     
  0.64666666666666672       -1.3523377582637519     
  0.65000000000000002       -1.2769592058582506     
  0.65333333333333332       -1.1612782719366748     
  0.65666666666666673       -1.0396465419191445     
  0.66000000000000003      -0.94261081537075142     
  0.66333333333333333      -0.88910359115203530     
  0.66666666666666674      -0.88257882447374214     
  0.67000000000000004      -0.91233147556715566     
  0.67333333333333334      -0.95924950106858675     
  0.67666666666666675       -1.0035665616683673     
  0.68000000000000005       -1.0315657561781755     
  0.68333333333333335       -1.0388857802071056     
  0.68666666666666676       -1.0297244422684944     
  0.69000000000000006       -1.0130074020357800     
  0.69333333333333336      -0.99766942715364426     
  0.69666666666666666      -0.98916632374408830     
  0.70000000000000007      -0.98836800078751075     
  0.70333333333333337      -0.99268364026730560     
  0.70666666666666667      -0.99831562883455593     
  0.71000000000000008       -1.0023175197091865     
  0.71333333333333337       -1.0035885728029197     
  0.71666666666666667       -1.0026876405286831     
  0.72000000000000008       -1.0009455726682768     
  0.72333333333333338      -0.99954017372724024     
  0.72666666666666668      -0.99899475861105891     
  0.73000000000000009      -0.99919126040754525     
  0.73333333333333339      -0.99969656846954369     
  0.73666666666666669       -1.0001146313941776     
  0.74000000000000010       -1.0002726545107414     
  0.74333333333333340       -1.0002118576638204     
  0.74666666666666670       -1.0000693404356009     
  0.75000000000000000      -0.99996096918232413     
  0.75333333333333341      -0.99992856790503448     
  0.75666666666666671      -0.99995198798424012     
  0.76000000000000001      -0.99999002103002022     
  0.76333333333333342       -1.0000138077150185     
  0.76666666666666672       -1.0000171685148000     
  0.77000000000000002       -1.0000088356932482     
  0.77333333333333343      -0.99999983306207330     
  0.77666666666666673      -0.99999581808794680     
  0.78000000000000003      -0.99999649512070110     
  0.78333333333333344      -0.99999890773009203     
  0.78666666666666674       -1.0000006393386494     
  0.79000000000000004       -1.0000010050675341     
  0.79333333333333333       -1.0000005407466726     
  0.79666666666666675       -1.0000000034509013     
  0.80000000000000004      -0.99999977317568511     
  0.80333333333333334      -0.99999982075762028     
  0.80666666666666675      -0.99999995559567234     
  0.81000000000000005       -1.0000000398764377     
  0.81333333333333335       -1.0000000482417699     
  0.81666666666666676       -1.0000000199031842     
  0.82000000000000006      -0.99999999538032247     
  0.82333333333333336      -0.99999998874760276     
  0.82666666666666677      -0.99999999371044601     
  0.83000000000000007      -0.99999999989907773     
  0.83333333333333337       -1.0000000023513635     
  0.83666666666666667       -1.0000000016726209     
  0.84000000000000008       -1.0000000002598857     
  0.84333333333333338      -0.99999999954983576     
  0.84666666666666668      -0.99999999960145081     
  0.85000000000000009      -0.99999999990126087     
  0.85333333333333339       -1.0000000000805787     
  0.85666666666666669       -1.0000000000879123     
  0.86000000000000010       -1.0000000000274667     
  0.86333333333333340      -0.99999999998618228     
  0.86666666666666670      -0.99999999998167655     
  0.87000000000000011      -0.99999999999347611     
  0.87333333333333341       -1.0000000000023459     
  0.87666666666666671       -1.0000000000036584     
  0.88000000000000000       -1.0000000000013918     
  0.88333333333333341      -0.99999999999958944     
  0.88666666666666671      -0.99999999999929423     
  0.89000000000000001      -0.99999999999972733     
  0.89333333333333342       -1.0000000000000762     
  0.89666666666666672       -1.0000000000001317     
  0.90000000000000002       -1.0000000000000488     
  0.90333333333333343      -0.99999999999998457     
  0.90666666666666673      -0.99999999999997580     
  0.91000000000000003      -0.99999999999999156     
  0.91333333333333344       -1.0000000000000029     
  0.91666666666666674       -1.0000000000000040     
  0.92000000000000004       -1.0000000000000011     
  0.92333333333333334      -0.99999999999999933     
  0.92666666666666675      -0.99999999999999933     
  0.93000000000000005      -0.99999999999999978     
  0.93333333333333335       -1.0000000000000000     
  0.93666666666666676       -1.0000000000000000     
  0.94000000000000006       -1.0000000000000000     
  0.94333333333333336       -1.0000000000000000     
  0.94666666666666677       -1.0000000000000000     
  0.95000000000000007       -1.0000000000000000     
  0.95333333333333337       -1.0000000000000000     
  0.95666666666666678       -1.0000000000000000     
  0.96000000000000008       -1.0000000000000000     
  0.96333333333333337       -1.0000000000000000     
  0.96666666666666667       -1.0000000000000000     
  0.97000000000000008      -0.99999999999999989     
  0.97333333333333338       -1.0000000000000000     
  0.97666666666666668       -1.0000000000000000     
  0.98000000000000009       -1.0000000000000000     
  0.98333333333333339       -1.0000000000000000     
  0.98666666666666669       -1.0000000000000000     
  0.99000000000000010       -1.0000000000000000     
  0.99333333333333340       -1.0000000000000000     
  0.99666666666666670       -1.0000000000000000     
