   0.0000000000000000       -1.0000000000000000     
   3.3333333333333335E-003  -1.0000000000000000     
   6.6666666666666671E-003  -1.0000000000000000     
   1.0000000000000000E-002  -1.0000000000000000     
   1.3333333333333334E-002 -0.99999999999999989     
   1.6666666666666666E-002  -1.0000000000000000     
   2.0000000000000000E-002  -1.0000000000000000     
   2.3333333333333334E-002  -1.0000000000000000     
   2.6666666666666668E-002  -1.0000000000000000     
   3.0000000000000002E-002  -1.0000000000000000     
   3.3333333333333333E-002 -0.99999999999999900     
   3.6666666666666667E-002 -0.99999999999999312     
   4.0000000000000001E-002 -0.99999999999995715     
   4.3333333333333335E-002 -0.99999999999975153     
   4.6666666666666669E-002 -0.99999999999866107     
   5.0000000000000003E-002 -0.99999999999328260     
   5.3333333333333337E-002 -0.99999999996849398     
   5.6666666666666671E-002 -0.99999999986134447     
   6.0000000000000005E-002 -0.99999999942558138     
   6.3333333333333339E-002 -0.99999999775357173     
   6.6666666666666666E-002 -0.99999999168588039     
   7.0000000000000007E-002 -0.99999997081451142     
   7.3333333333333334E-002 -0.99999990263372485     
   7.6666666666666675E-002 -0.99999969074649975     
   8.0000000000000002E-002 -0.99999906334596711     
   8.3333333333333343E-002 -0.99999729089580602     
   8.6666666666666670E-002 -0.99999250771455717     
   9.0000000000000011E-002 -0.99998016426993142     
   9.3333333333333338E-002 -0.99994967559517922     
   9.6666666666666679E-002 -0.99987753570758997     
  0.10000000000000001      -0.99971391140116850     
  0.10333333333333335      -0.99935794710655435     
  0.10666666666666667      -0.99861483752680635     
  0.11000000000000000      -0.99712568559145587     
  0.11333333333333334      -0.99426041390236042     
  0.11666666666666667      -0.98896645499330271     
  0.12000000000000001      -0.97957413452921660     
  0.12333333333333334      -0.96357602019206101     
  0.12666666666666668      -0.93742297978311173     
  0.13000000000000000      -0.89641170908213219     
  0.13333333333333333      -0.83476897683897622     
  0.13666666666666669      -0.74605241777955067     
  0.14000000000000001      -0.62396769775485217     
  0.14333333333333334      -0.46363022225366973     
  0.14666666666666667      -0.26317049837747863     
  0.15000000000000002       -2.5412033874776113E-002
  0.15333333333333335       0.24081596707323422     
  0.15666666666666668       0.52026262229351306     
  0.16000000000000000       0.79221375086050982     
  0.16333333333333333        1.0330527205591895     
  0.16666666666666669        1.2202209027813296     
  0.17000000000000001        1.3368606252915560     
  0.17333333333333334        1.3759978437233389     
  0.17666666666666667        1.3429797657435942     
  0.18000000000000002        1.2551619989913347     
  0.18333333333333335        1.1385401042480607     
  0.18666666666666668        1.0219642503925541     
  0.19000000000000000       0.93044320376485112     
  0.19333333333333336       0.87948452989484438     
  0.19666666666666668       0.87220114376088409     
  0.20000000000000001       0.90005313550461497     
  0.20333333333333334       0.94687313552981223     
  0.20666666666666669       0.99470451753747280     
  0.21000000000000002        1.0294114007153823     
  0.21333333333333335        1.0442292947499985     
  0.21666666666666667        1.0403185598428291     
  0.22000000000000000        1.0245717169417836     
  0.22333333333333336        1.0059069967808907     
  0.22666666666666668       0.99166701792332179     
  0.23000000000000001       0.98543262686221922     
  0.23333333333333334       0.98677129880574477     
  0.23666666666666669       0.99256983654208819     
  0.24000000000000002       0.99903826271190943     
  0.24333333333333335        1.0034069373661372     
  0.24666666666666667        1.0047058856344431     
  0.25000000000000000        1.0035620339957607     
  0.25333333333333335        1.0013907155935060     
  0.25666666666666671       0.99951649675123400     
  0.26000000000000001       0.99863198878827109     
  0.26333333333333336       0.99872547495878317     
  0.26666666666666666       0.99935175918882024     
  0.27000000000000002        1.0000021454575292     
  0.27333333333333337        1.0003651228141806     
  0.27666666666666667        1.0003940168256273     
  0.28000000000000003        1.0002213192085605     
  0.28333333333333333        1.0000201818210535     
  0.28666666666666668       0.99990220673058916     
  0.29000000000000004       0.99988824927248465     
  0.29333333333333333       0.99993737295944918     
  0.29666666666666669       0.99999503477557850     
  0.30000000000000004        1.0000273791365613     
  0.30333333333333334        1.0000295661722118     
  0.30666666666666670        1.0000149957125724     
  0.31000000000000000       0.99999964481569525     
  0.31333333333333335       0.99999220833814373     
  0.31666666666666671       0.99999281556205999     
  0.32000000000000001       0.99999708835345102     
  0.32333333333333336        1.0000007813960377     
  0.32666666666666666        1.0000021091028835     
  0.33000000000000002        1.0000015372846800     
  0.33333333333333337        1.0000003840184428     
  0.33666666666666667       0.99999962340810677     
  0.34000000000000002       0.99999949240365704     
  0.34333333333333338       0.99999973218040361     
  0.34666666666666668        1.0000000005909744     
  0.35000000000000003        1.0000001210950025     
  0.35333333333333333        1.0000001015924154     
  0.35666666666666669        1.0000000309803827     
  0.36000000000000004       0.99999998093886544     
  0.36333333333333334       0.99999997096128346     
  0.36666666666666670       0.99999998477192820     
  0.37000000000000005        1.0000000002549432     
  0.37333333333333335        1.0000000066691423     
  0.37666666666666671        1.0000000051215656     
  0.38000000000000000        1.0000000011892964     
  0.38333333333333336       0.99999999879114565     
  0.38666666666666671       0.99999999859053701     
  0.39000000000000001       0.99999999943059281     
  0.39333333333333337        1.0000000001454703     
  0.39666666666666667        1.0000000003363281     
  0.40000000000000002        1.0000000001883578     
  0.40333333333333338        1.0000000000036020     
  0.40666666666666668       0.99999999992864075     
  0.41000000000000003       0.99999999994780164     
  0.41333333333333339       0.99999999999078959     
  0.41666666666666669        1.0000000000136020     
  0.42000000000000004        1.0000000000129212     
  0.42333333333333334        1.0000000000037135     
  0.42666666666666669       0.99999999999767075     
  0.43000000000000005       0.99999999999704847     
  0.43333333333333335       0.99999999999889388     
  0.43666666666666670        1.0000000000003533     
  0.44000000000000000        1.0000000000006344     
  0.44333333333333336        1.0000000000002831     
  0.44666666666666671       0.99999999999995359     
  0.45000000000000001       0.99999999999986922     
  0.45333333333333337       0.99999999999993361     
  0.45666666666666672        1.0000000000000044     
  0.46000000000000002        1.0000000000000258     
  0.46333333333333337        1.0000000000000142     
  0.46666666666666667       0.99999999999999956     
  0.47000000000000003       0.99999999999999489     
  0.47333333333333338       0.99999999999999700     
  0.47666666666666668       0.99999999999999989     
  0.48000000000000004        1.0000000000000011     
  0.48333333333333334        1.0000000000000004     
  0.48666666666666669        1.0000000000000000     
  0.49000000000000005       0.99999999999999978     
  0.49333333333333335       0.99999999999999989     
  0.49666666666666670        1.0000000000000000     
  0.50000000000000000        1.0000000000000000     
  0.50333333333333341        1.0000000000000000     
  0.50666666666666671        1.0000000000000000     
  0.51000000000000001       0.99999999999999989     
  0.51333333333333342        1.0000000000000000     
  0.51666666666666672        1.0000000000000000     
  0.52000000000000002        1.0000000000000000     
  0.52333333333333332        1.0000000000000000     
  0.52666666666666673        1.0000000000000000     
  0.53000000000000003        1.0000000000000000     
  0.53333333333333333        1.0000000000000000     
  0.53666666666666674       0.99999999999999900     
  0.54000000000000004       0.99999999999999312     
  0.54333333333333333       0.99999999999995715     
  0.54666666666666675       0.99999999999975153     
  0.55000000000000004       0.99999999999866107     
  0.55333333333333334       0.99999999999328260     
  0.55666666666666675       0.99999999996849398     
  0.56000000000000005       0.99999999986134447     
  0.56333333333333335       0.99999999942558138     
  0.56666666666666665       0.99999999775357173     
  0.57000000000000006       0.99999999168588039     
  0.57333333333333336       0.99999997081451142     
  0.57666666666666666       0.99999990263372507     
  0.58000000000000007       0.99999969074649986     
  0.58333333333333337       0.99999906334596733     
  0.58666666666666667       0.99999729089580613     
  0.59000000000000008       0.99999250771455728     
  0.59333333333333338       0.99998016426993153     
  0.59666666666666668       0.99994967559517922     
  0.60000000000000009       0.99987753570759008     
  0.60333333333333339       0.99971391140116861     
  0.60666666666666669       0.99935794710655435     
  0.60999999999999999       0.99861483752680646     
  0.61333333333333340       0.99712568559145609     
  0.61666666666666670       0.99426041390236042     
  0.62000000000000000       0.98896645499330282     
  0.62333333333333341       0.97957413452921660     
  0.62666666666666671       0.96357602019206112     
  0.63000000000000000       0.93742297978311184     
  0.63333333333333341       0.89641170908213219     
  0.63666666666666671       0.83476897683897622     
  0.64000000000000001       0.74605241777955067     
  0.64333333333333342       0.62396769775485217     
  0.64666666666666672       0.46363022225366973     
  0.65000000000000002       0.26317049837747863     
  0.65333333333333332        2.5412033874776113E-002
  0.65666666666666673      -0.24081596707323422     
  0.66000000000000003      -0.52026262229351306     
  0.66333333333333333      -0.79221375086050982     
  0.66666666666666674       -1.0330527205591895     
  0.67000000000000004       -1.2202209027813296     
  0.67333333333333334       -1.3368606252915560     
  0.67666666666666675       -1.3759978437233389     
  0.68000000000000005       -1.3429797657435942     
  0.68333333333333335       -1.2551619989913347     
  0.68666666666666676       -1.1385401042480607     
  0.69000000000000006       -1.0219642503925541     
  0.69333333333333336      -0.93044320376485112     
  0.69666666666666666      -0.87948452989484438     
  0.70000000000000007      -0.87220114376088409     
  0.70333333333333337      -0.90005313550461497     
  0.70666666666666667      -0.94687313552981223     
  0.71000000000000008      -0.99470451753747280     
  0.71333333333333337       -1.0294114007153823     
  0.71666666666666667       -1.0442292947499985     
  0.72000000000000008       -1.0403185598428291     
  0.72333333333333338       -1.0245717169417836     
  0.72666666666666668       -1.0059069967808907     
  0.73000000000000009      -0.99166701792332179     
  0.73333333333333339      -0.98543262686221922     
  0.73666666666666669      -0.98677129880574477     
  0.74000000000000010      -0.99256983654208819     
  0.74333333333333340      -0.99903826271190943     
  0.74666666666666670       -1.0034069373661372     
  0.75000000000000000       -1.0047058856344431     
  0.75333333333333341       -1.0035620339957607     
  0.75666666666666671       -1.0013907155935060     
  0.76000000000000001      -0.99951649675123400     
  0.76333333333333342      -0.99863198878827109     
  0.76666666666666672      -0.99872547495878317     
  0.77000000000000002      -0.99935175918882024     
  0.77333333333333343       -1.0000021454575292     
  0.77666666666666673       -1.0003651228141806     
  0.78000000000000003       -1.0003940168256273     
  0.78333333333333344       -1.0002213192085605     
  0.78666666666666674       -1.0000201818210535     
  0.79000000000000004      -0.99990220673058916     
  0.79333333333333333      -0.99988824927248465     
  0.79666666666666675      -0.99993737295944918     
  0.80000000000000004      -0.99999503477557850     
  0.80333333333333334       -1.0000273791365613     
  0.80666666666666675       -1.0000295661722118     
  0.81000000000000005       -1.0000149957125724     
  0.81333333333333335      -0.99999964481569525     
  0.81666666666666676      -0.99999220833814373     
  0.82000000000000006      -0.99999281556205999     
  0.82333333333333336      -0.99999708835345102     
  0.82666666666666677       -1.0000007813960377     
  0.83000000000000007       -1.0000021091028835     
  0.83333333333333337       -1.0000015372846800     
  0.83666666666666667       -1.0000003840184428     
  0.84000000000000008      -0.99999962340810677     
  0.84333333333333338      -0.99999949240365704     
  0.84666666666666668      -0.99999973218040361     
  0.85000000000000009       -1.0000000005909744     
  0.85333333333333339       -1.0000001210950025     
  0.85666666666666669       -1.0000001015924154     
  0.86000000000000010       -1.0000000309803827     
  0.86333333333333340      -0.99999998093886544     
  0.86666666666666670      -0.99999997096128346     
  0.87000000000000011      -0.99999998477192820     
  0.87333333333333341       -1.0000000002549432     
  0.87666666666666671       -1.0000000066691423     
  0.88000000000000000       -1.0000000051215656     
  0.88333333333333341       -1.0000000011892964     
  0.88666666666666671      -0.99999999879114565     
  0.89000000000000001      -0.99999999859053701     
  0.89333333333333342      -0.99999999943059281     
  0.89666666666666672       -1.0000000001454703     
  0.90000000000000002       -1.0000000003363281     
  0.90333333333333343       -1.0000000001883578     
  0.90666666666666673       -1.0000000000036020     
  0.91000000000000003      -0.99999999992864075     
  0.91333333333333344      -0.99999999994780164     
  0.91666666666666674      -0.99999999999078959     
  0.92000000000000004       -1.0000000000136020     
  0.92333333333333334       -1.0000000000129212     
  0.92666666666666675       -1.0000000000037135     
  0.93000000000000005      -0.99999999999767075     
  0.93333333333333335      -0.99999999999704847     
  0.93666666666666676      -0.99999999999889388     
  0.94000000000000006       -1.0000000000003533     
  0.94333333333333336       -1.0000000000006344     
  0.94666666666666677       -1.0000000000002831     
  0.95000000000000007      -0.99999999999995359     
  0.95333333333333337      -0.99999999999986922     
  0.95666666666666678      -0.99999999999993361     
  0.96000000000000008       -1.0000000000000044     
  0.96333333333333337       -1.0000000000000258     
  0.96666666666666667       -1.0000000000000142     
  0.97000000000000008      -0.99999999999999956     
  0.97333333333333338      -0.99999999999999489     
  0.97666666666666668      -0.99999999999999700     
  0.98000000000000009      -0.99999999999999989     
  0.98333333333333339       -1.0000000000000011     
  0.98666666666666669       -1.0000000000000004     
  0.99000000000000010       -1.0000000000000000     
  0.99333333333333340      -0.99999999999999978     
  0.99666666666666670      -0.99999999999999989     
