   0.0000000000000000      -0.50043621454451581     
   3.3333333333333335E-003 -0.69162660785414842     
   6.6666666666666671E-003 -0.87491794241834586     
   1.0000000000000000E-002  -1.0424926722981471     
   1.3333333333333334E-002  -1.1866455015327055     
   1.6666666666666666E-002  -1.3004985538211629     
   2.0000000000000000E-002  -1.3787513734519121     
   2.3333333333333334E-002  -1.4183746748981805     
   2.6666666666666668E-002  -1.4191459695049984     
   3.0000000000000002E-002  -1.3839288690868448     
   3.3333333333333333E-002  -1.3186186829343629     
   3.6666666666666667E-002  -1.2317148360212176     
   4.0000000000000001E-002  -1.1335321908200435     
   4.3333333333333335E-002  -1.0351216379133497     
   4.6666666666666669E-002 -0.94702566151324019     
   5.0000000000000003E-002 -0.87803606077637664     
   5.3333333333333337E-002 -0.83413855238556844     
   5.6666666666666671E-002 -0.81781574234596555     
   6.0000000000000005E-002 -0.82783436112460729     
   6.3333333333333339E-002 -0.85956962567202810     
   6.6666666666666666E-002 -0.90583044389330680     
   7.0000000000000007E-002 -0.95806001669727647     
   7.3333333333333334E-002  -1.0077151213098932     
   7.6666666666666675E-002  -1.0475898414998976     
   8.0000000000000002E-002  -1.0728557326369232     
   8.3333333333333343E-002  -1.0816416015555850     
   8.6666666666666670E-002  -1.0750636465586445     
   9.0000000000000011E-002  -1.0567234439203272     
   9.3333333333333338E-002  -1.0317948314630314     
   9.6666666666666679E-002  -1.0058986115603714     
  0.10000000000000001      -0.98399887122691210     
  0.10333333333333335      -0.96953888680052924     
  0.10666666666666667      -0.96397210498086960     
  0.11000000000000000      -0.96674966106044646     
  0.11333333333333334      -0.97572283496223766     
  0.11666666666666667      -0.98783111712209548     
  0.12000000000000001      -0.99989420051628741     
  0.12333333333333334       -1.0093199062121967     
  0.12666666666666668       -1.0145785515331092     
  0.13000000000000000       -1.0153651108900816     
  0.13333333333333333       -1.0124536863478799     
  0.13666666666666669       -1.0073223845155450     
  0.14000000000000001       -1.0016728329331790     
  0.14333333333333334      -0.99697803727225653     
  0.14666666666666667      -0.99416640914276544     
  0.15000000000000002      -0.99349930168448686     
  0.15333333333333335      -0.99464062778986284     
  0.15666666666666668      -0.99686699210781826     
  0.16000000000000000      -0.99933782893121870     
  0.16333333333333333       -1.0013424292354687     
  0.16666666666666669       -1.0024614651919268     
  0.17000000000000001       -1.0026153809116234     
  0.17333333333333334       -1.0020087266089905     
  0.17666666666666667       -1.0010072491870954     
  0.18000000000000002      -0.99999668412812492     
  0.18333333333333335      -0.99926778566336349     
  0.18666666666666668      -0.99895539455083759     
  0.19000000000000000      -0.99903754604655526     
  0.19333333333333336      -0.99938134530309564     
  0.19666666666666668      -0.99981103809005756     
  0.20000000000000001       -1.0001723378962490     
  0.20333333333333334       -1.0003740779175874     
  0.20666666666666669       -1.0003997002509732     
  0.21000000000000002       -1.0002923808785738     
  0.21333333333333335       -1.0001251032011680     
  0.21666666666666667      -0.99996910803341910     
  0.22000000000000000      -0.99987137216739741     
  0.22333333333333336      -0.99984613589305593     
  0.22666666666666668      -0.99987956249471244     
  0.23000000000000001      -0.99994245025965189     
  0.23333333333333334       -1.0000045238984259     
  0.23666666666666669       -1.0000450106004966     
  0.24000000000000002       -1.0000569084175157     
  0.24333333333333335       -1.0000452507740354     
  0.24666666666666667       -1.0000216890298628     
  0.25000000000000000      -0.99999836564102840     
  0.25333333333333335      -0.99998346131160354     
  0.25666666666666671      -0.99997951555557352     
  0.26000000000000001      -0.99998429768094088     
  0.26333333333333336      -0.99999314039007969     
  0.26666666666666666       -1.0000014332659704     
  0.27000000000000002       -1.0000063049603558     
  0.27333333333333337       -1.0000071202086114     
  0.27666666666666667       -1.0000049780800482     
  0.28000000000000003       -1.0000017185692962     
  0.28333333333333333      -0.99999897369790691     
  0.28666666666666668      -0.99999761286461086     
  0.29000000000000004      -0.99999766804259183     
  0.29333333333333333      -0.99999860980683053     
  0.29666666666666669      -0.99999974937652103     
  0.30000000000000004       -1.0000005657574191     
  0.30333333333333334       -1.0000008533248808     
  0.30666666666666670       -1.0000006920245275     
  0.31000000000000000       -1.0000003131438435     
  0.31333333333333335      -0.99999995122136631     
  0.31666666666666671      -0.99999974733106911     
  0.32000000000000001      -0.99999972536546888     
  0.32333333333333336      -0.99999982524040498     
  0.32666666666666666      -0.99999995889872706     
  0.33000000000000002       -1.0000000574970787     
  0.33333333333333337       -1.0000000931189530     
  0.33666666666666667       -1.0000000751123566     
  0.34000000000000002       -1.0000000319171245     
  0.34333333333333338      -0.99999999149840746     
  0.34666666666666668      -0.99999996927234325     
  0.35000000000000003      -0.99999996583410133     
  0.35333333333333333      -0.99999997157088483     
  0.35666666666666669      -0.99999997313360378     
  0.36000000000000004      -0.99999995747963732     
  0.36333333333333334      -0.99999991129896459     
  0.36666666666666670      -0.99999981546452499     
  0.37000000000000005      -0.99999963466500952     
  0.37333333333333335      -0.99999930131729486     
  0.37666666666666671      -0.99999869044889989     
  0.38000000000000000      -0.99999757876641138     
  0.38333333333333336      -0.99999557653137683     
  0.38666666666666671      -0.99999201459751730     
  0.39000000000000001      -0.99998575999422046     
  0.39333333333333337      -0.99997492040028213     
  0.39666666666666667      -0.99995637917515678     
  0.40000000000000002      -0.99992507668172648     
  0.40333333333333338      -0.99987291892500996     
  0.40666666666666668      -0.99978714989066264     
  0.41000000000000003      -0.99964796907097142     
  0.41333333333333339      -0.99942511175550441     
  0.41666666666666669      -0.99907304057573798     
  0.42000000000000004      -0.99852433024028631     
  0.42333333333333334      -0.99768077636453445     
  0.42666666666666669      -0.99640174330943043     
  0.43000000000000005      -0.99448931181056677     
  0.43333333333333335      -0.99166992868541526     
  0.43666666666666670      -0.98757253675697976     
  0.44000000000000000      -0.98170361242026172     
  0.44333333333333336      -0.97342019286069359     
  0.44666666666666671      -0.96190284842004026     
  0.45000000000000001      -0.94613162933826334     
  0.45333333333333337      -0.92486922350097478     
  0.45666666666666672      -0.89665677374154129     
  0.46000000000000002      -0.85982881834009051     
  0.46333333333333337      -0.81255436367567346     
  0.46666666666666667      -0.75291084543522513     
  0.47000000000000003      -0.67899633847231455     
  0.47333333333333338      -0.58908253238622543     
  0.47666666666666668      -0.48180652242779842     
  0.48000000000000004      -0.35639341658114415     
  0.48333333333333334      -0.21289448701723240     
  0.48666666666666669       -5.2417837463700760E-002
  0.49000000000000005       0.12267854468846037     
  0.49333333333333335       0.30866646018707888     
  0.49666666666666670       0.50043621454449272     
  0.50000000000000000       0.69162660785410446     
  0.50333333333333341       0.87491794241831455     
  0.50666666666666671        1.0424926722981387     
  0.51000000000000001        1.1866455015327131     
  0.51333333333333342        1.3004985538211744     
  0.51666666666666672        1.3787513734519190     
  0.52000000000000002        1.4183746748981807     
  0.52333333333333332        1.4191459695049946     
  0.52666666666666673        1.3839288690868408     
  0.53000000000000003        1.3186186829343609     
  0.53333333333333333        1.2317148360212173     
  0.53666666666666674        1.1335321908200442     
  0.54000000000000004        1.0351216379133503     
  0.54333333333333333       0.94702566151324064     
  0.54666666666666675       0.87803606077637641     
  0.55000000000000004       0.83413855238556822     
  0.55333333333333334       0.81781574234596532     
  0.55666666666666675       0.82783436112460718     
  0.56000000000000005       0.85956962567202810     
  0.56333333333333335       0.90583044389330680     
  0.56666666666666665       0.95806001669727647     
  0.57000000000000006        1.0077151213098932     
  0.57333333333333336        1.0475898414998979     
  0.57666666666666666        1.0728557326369237     
  0.58000000000000007        1.0816416015555859     
  0.58333333333333337        1.0750636465586454     
  0.58666666666666667        1.0567234439203286     
  0.59000000000000008        1.0317948314630325     
  0.59333333333333338        1.0058986115603721     
  0.59666666666666668       0.98399887122691232     
  0.60000000000000009       0.96953888680052935     
  0.60333333333333339       0.96397210498086938     
  0.60666666666666669       0.96674966106044602     
  0.60999999999999999       0.97572283496223711     
  0.61333333333333340       0.98783111712209470     
  0.61666666666666670       0.99989420051628664     
  0.62000000000000000        1.0093199062121960     
  0.62333333333333341        1.0145785515331081     
  0.62666666666666671        1.0153651108900807     
  0.63000000000000000        1.0124536863478790     
  0.63333333333333341        1.0073223845155441     
  0.63666666666666671        1.0016728329331785     
  0.64000000000000001       0.99697803727225631     
  0.64333333333333342       0.99416640914276544     
  0.64666666666666672       0.99349930168448686     
  0.65000000000000002       0.99464062778986317     
  0.65333333333333332       0.99686699210781859     
  0.65666666666666673       0.99933782893121903     
  0.66000000000000003        1.0013424292354693     
  0.66333333333333333        1.0024614651919275     
  0.66666666666666674        1.0026153809116241     
  0.67000000000000004        1.0020087266089914     
  0.67333333333333334        1.0010072491870960     
  0.67666666666666675       0.99999668412812504     
  0.68000000000000005       0.99926778566336349     
  0.68333333333333335       0.99895539455083737     
  0.68666666666666676       0.99903754604655515     
  0.69000000000000006       0.99938134530309553     
  0.69333333333333336       0.99981103809005745     
  0.69666666666666666        1.0001723378962490     
  0.70000000000000007        1.0003740779175874     
  0.70333333333333337        1.0003997002509732     
  0.70666666666666667        1.0002923808785738     
  0.71000000000000008        1.0001251032011680     
  0.71333333333333337       0.99996910803341887     
  0.71666666666666667       0.99987137216739685     
  0.72000000000000008       0.99984613589305515     
  0.72333333333333338       0.99987956249471144     
  0.72666666666666668       0.99994245025965101     
  0.73000000000000009        1.0000045238984250     
  0.73333333333333339        1.0000450106004959     
  0.73666666666666669        1.0000569084175150     
  0.74000000000000010        1.0000452507740354     
  0.74333333333333340        1.0000216890298630     
  0.74666666666666670       0.99999836564102895     
  0.75000000000000000       0.99998346131160420     
  0.75333333333333341       0.99997951555557418     
  0.75666666666666671       0.99998429768094177     
  0.76000000000000001       0.99999314039008058     
  0.76333333333333342        1.0000014332659715     
  0.76666666666666672        1.0000063049603567     
  0.77000000000000002        1.0000071202086118     
  0.77333333333333343        1.0000049780800484     
  0.77666666666666673        1.0000017185692971     
  0.78000000000000003       0.99999897369790769     
  0.78333333333333344       0.99999761286461175     
  0.78666666666666674       0.99999766804259327     
  0.79000000000000004       0.99999860980683386     
  0.79333333333333333       0.99999974937652980     
  0.79666666666666675        1.0000005657574420     
  0.80000000000000004        1.0000008533249389     
  0.80333333333333334        1.0000006920246705     
  0.80666666666666675        1.0000003131441892     
  0.81000000000000005       0.99999995122218721     
  0.81333333333333335       0.99999974733299102     
  0.81666666666666676       0.99999972536991066     
  0.82000000000000006       0.99999982525053654     
  0.82333333333333336       0.99999995892153737     
  0.82666666666666677        1.0000000575477679     
  0.83000000000000007        1.0000000932301405     
  0.83333333333333337        1.0000000753531086     
  0.83666666666666667        1.0000000324317251     
  0.84000000000000008       0.99999999258426431     
  0.84333333333333338       0.99999997153432807     
  0.84666666666666668       0.99999997048602396     
  0.85000000000000009       0.99999998101606336     
  0.85333333333333339       0.99999999206707191     
  0.85666666666666669       0.99999999495088232     
  0.86000000000000010       0.99999998451695371     
  0.86333333333333340       0.99999995671538644     
  0.86666666666666670       0.99999990370572533     
  0.87000000000000011       0.99999980725433013     
  0.87333333333333341       0.99999962978792689     
  0.87666666666666671       0.99999930059296982     
  0.88000000000000000       0.99999869247091633     
  0.88333333333333341       0.99999758145748119     
  0.88666666666666671       0.99999557837345487     
  0.89000000000000001       0.99999201510048019     
  0.89333333333333342       0.99998575949516466     
  0.89666666666666672       0.99997491956044082     
  0.90000000000000002       0.99995637853416419     
  0.90333333333333343       0.99992507645523465     
  0.90666666666666673       0.99987291904031717     
  0.91000000000000003       0.99978715014417685     
  0.91333333333333344       0.99964796928134603     
  0.91666666666666674       0.99942511184091165     
  0.92000000000000004       0.99907304055020618     
  0.92333333333333334       0.99852433016529585     
  0.92666666666666675       0.99768077629848506     
  0.93000000000000005       0.99640174328052888     
  0.93333333333333335       0.99448931181630584     
  0.93666666666666676       0.99166992870737813     
  0.94000000000000006       0.98757253677698986     
  0.94333333333333336       0.98170361242928483     
  0.94666666666666677       0.97342019285924286     
  0.95000000000000007       0.96190284841363050     
  0.95333333333333337       0.94613162933238781     
  0.95666666666666678       0.92486922349834788     
  0.96000000000000008       0.89665677374198982     
  0.96333333333333337       0.85982881834195901     
  0.96666666666666667       0.81255436367734812     
  0.97000000000000008       0.75291084543593989     
  0.97333333333333338       0.67899633847215246     
  0.97666666666666668       0.58908253238568298     
  0.98000000000000009       0.48180652242733629     
  0.98333333333333339       0.35639341658096418     
  0.98666666666666669       0.21289448701729408     
  0.99000000000000010        5.2417837463856427E-002
  0.99333333333333340      -0.12267854468833755     
  0.99666666666666670      -0.30866646018703797     
