   0.0000000000000000       0.99998528218175209     
   3.3333333333333335E-003  0.99997524202941956     
   6.6666666666666671E-003  0.99995880431481587     
   1.0000000000000000E-002  0.99993218384932447     
   1.3333333333333334E-002  0.99988953046101881     
   1.6666666666666666E-002  0.99982191989027080     
   2.0000000000000000E-002  0.99971591365168189     
   2.3333333333333334E-002  0.99955153509921679     
   2.6666666666666668E-002  0.99929947254997331     
   3.0000000000000002E-002  0.99891728320071738     
   3.3333333333333333E-002  0.99834433816530566     
   3.6666666666666667E-002  0.99749522643470867     
   4.0000000000000001E-002  0.99625133423851198     
   4.3333333333333335E-002  0.99445034979206470     
   4.6666666666666669E-002  0.99187352834936626     
   5.0000000000000003E-002  0.98823070743395036     
   5.3333333333333337E-002  0.98314330574125586     
   5.6666666666666671E-002  0.97612588714406889     
   6.0000000000000005E-002  0.96656733176642984     
   6.3333333333333339E-002  0.95371322454696128     
   6.6666666666666666E-002  0.93665172405028296     
   7.0000000000000007E-002  0.91430586066397102     
   7.3333333333333334E-002  0.88543585291087057     
   7.6666666666666675E-002  0.84865550938037260     
   8.0000000000000002E-002  0.80246695727160888     
   8.3333333333333343E-002  0.74531764165005832     
   8.6666666666666670E-002  0.67568260498136112     
   9.0000000000000011E-002  0.59217334263545784     
   9.3333333333333338E-002  0.49367195675975578     
   9.6666666666666679E-002  0.37948592074029147     
  0.10000000000000001       0.24951468476891386     
  0.10333333333333335       0.10441493898640776     
  0.10666666666666667       -5.4252871158384043E-002
  0.11000000000000000      -0.22391752071123550     
  0.11333333333333334      -0.40095186812602912     
  0.11666666666666667      -0.58071115637125104     
  0.12000000000000001      -0.75767227766340473     
  0.12333333333333334      -0.92568393137354377     
  0.12666666666666668       -1.0783265107338584     
  0.13000000000000000       -1.2093666332033415     
  0.13333333333333333       -1.3132758203724966     
  0.13666666666666669       -1.3857679048902423     
  0.14000000000000001       -1.4242977232931480     
  0.14333333333333334       -1.4284571254695573     
  0.14666666666666667       -1.4002055989149773     
  0.15000000000000002       -1.3438834068200232     
  0.15333333333333335       -1.2659753709305723     
  0.15666666666666668       -1.1746219987616164     
  0.16000000000000000       -1.0789085490786752     
  0.16333333333333333      -0.98799730637706462     
  0.16666666666666669      -0.91019824934791749     
  0.17000000000000001      -0.85209274765783871     
  0.17333333333333334      -0.81782909606397580     
  0.17666666666666667      -0.80869475397616775     
  0.18000000000000002      -0.82303810792416687     
  0.18333333333333335      -0.85656572022755328     
  0.18666666666666668      -0.90298582940253214     
  0.19000000000000000      -0.95491412000438158     
  0.19333333333333336       -1.0049131825115911     
  0.19666666666666668       -1.0465114301788865     
  0.20000000000000001       -1.0750465515419094     
  0.20333333333333334       -1.0882046017482003     
  0.20666666666666669       -1.0861752812619287     
  0.21000000000000002       -1.0714087215807893     
  0.21333333333333335       -1.0480275914771824     
  0.21666666666666667       -1.0210076150474390     
  0.22000000000000000      -0.99527801625004408     
  0.22333333333333336      -0.97490317260220438     
  0.22666666666666668      -0.96248575205433662     
  0.23000000000000001      -0.95888405078930061     
  0.23333333333333334      -0.96327199226064664     
  0.23666666666666669      -0.97350271232367835     
  0.24000000000000002      -0.98667991552425349     
  0.24333333333333335      -0.99980682124896447     
  0.24666666666666667       -1.0103769917914995     
  0.25000000000000000       -1.0167945661950273     
  0.25333333333333335       -1.0185569007766127     
  0.25666666666666671       -1.0161890493046877     
  0.26000000000000001       -1.0109736239222633     
  0.26333333333333336       -1.0045593137347764     
  0.26666666666666666      -0.99854871734252815     
  0.27000000000000002      -0.99415898240817835     
  0.27333333333333337      -0.99202086784521215     
  0.27666666666666667      -0.99214178411943055     
  0.28000000000000003      -0.99401691979566187     
  0.28333333333333333      -0.99683990737143491     
  0.28666666666666668      -0.99974764729401533     
  0.29000000000000004       -1.0020352399154655     
  0.29333333333333333       -1.0032939483885381     
  0.29666666666666669       -1.0034514690135763     
  0.30000000000000004       -1.0027215493549044     
  0.30333333333333334       -1.0014917952877627     
  0.30666666666666670       -1.0001894835383063     
  0.31000000000000000      -0.99916401788363773     
  0.31333333333333335      -0.99861347040315041     
  0.31666666666666671      -0.99856600055185407     
  0.32000000000000001      -0.99891024625054625     
  0.32333333333333336      -0.99945663550072139     
  0.32666666666666666       -1.0000065856230553     
  0.33000000000000002       -1.0004089054682290     
  0.33333333333333337       -1.0005904368420340     
  0.33666666666666667       -1.0005578876203463     
  0.34000000000000002       -1.0003766530335545     
  0.34333333333333338       -1.0001378188668535     
  0.34666666666666668      -0.99992556754886397     
  0.35000000000000003      -0.99979441896975851     
  0.35333333333333333      -0.99976073159000678     
  0.35666666666666669      -0.99980763008722651     
  0.36000000000000004      -0.99989866779926562     
  0.36333333333333334      -0.99999396412694785     
  0.36666666666666670       -1.0000632717683453     
  0.37000000000000005       -1.0000927034005169     
  0.37333333333333335       -1.0000846189221932     
  0.37666666666666671       -1.0000524505160653     
  0.38000000000000000       -1.0000134087666930     
  0.38333333333333336      -0.99998195120407218     
  0.38666666666666671      -0.99996591501332266     
  0.39000000000000001      -0.99996585898440604     
  0.39333333333333337      -0.99997696544434378     
  0.39666666666666667      -0.99999217818659047     
  0.40000000000000002       -1.0000051938349968     
  0.40333333333333338       -1.0000123458737498     
  0.40666666666666668       -1.0000130565633143     
  0.41000000000000003       -1.0000091089710199     
  0.41333333333333339       -1.0000033258494034     
  0.41666666666666669      -0.99999828216598941     
  0.42000000000000004      -0.99999548857240461     
  0.42333333333333334      -0.99999519288235195     
  0.42666666666666669      -0.99999668612223036     
  0.43000000000000005      -0.99999885363892338     
  0.43333333333333335       -1.0000007005666129     
  0.43666666666666670       -1.0000016706180064     
  0.44000000000000000       -1.0000017062983362     
  0.44333333333333336       -1.0000011086046841     
  0.44666666666666671       -1.0000003101335757     
  0.45000000000000001      -0.99999967244694277     
  0.45333333333333337      -0.99999937513525283     
  0.45666666666666672      -0.99999940859863301     
  0.46000000000000002      -0.99999963965960537     
  0.46333333333333337      -0.99999990117785342     
  0.46666666666666667       -1.0000000629998906     
  0.47000000000000003       -1.0000000619351144     
  0.47333333333333338      -0.99999989057492722     
  0.47666666666666668      -0.99999955929592987     
  0.48000000000000004      -0.99999904911026438     
  0.48333333333333334      -0.99999826690549587     
  0.48666666666666669      -0.99999700373813682     
  0.49000000000000005      -0.99999488593192531     
  0.49333333333333335      -0.99999130049918206     
  0.49666666666666670      -0.99998527092118361     
  0.50000000000000000      -0.99997525461499681     
  0.50333333333333341      -0.99995882666773173     
  0.50666666666666671      -0.99993220313998266     
  0.51000000000000001      -0.99988953992100982     
  0.51333333333333342      -0.99982191935876985     
  0.51666666666666672      -0.99971590717690362     
  0.52000000000000002      -0.99955152767078992     
  0.52333333333333332      -0.99929946765195987     
  0.52666666666666673      -0.99891728191408002     
  0.53000000000000003      -0.99834433962528257     
  0.53333333333333333      -0.99749522894318843     
  0.53666666666666674      -0.99625133631021634     
  0.54000000000000004      -0.99445035071006427     
  0.54333333333333333      -0.99187352817604957     
  0.54666666666666675      -0.98823070668000979     
  0.55000000000000004      -0.98314330496770030     
  0.55333333333333334      -0.97612588669711020     
  0.55666666666666675      -0.96656733171037579     
  0.56000000000000005      -0.95371322474784215     
  0.56333333333333335      -0.93665172431433097     
  0.56666666666666665      -0.91430586084780896     
  0.57000000000000006      -0.88543585296529703     
  0.57333333333333336      -0.84865550933436396     
  0.57666666666666666      -0.80246695718751804     
  0.58000000000000007      -0.74531764158178815     
  0.58333333333333337      -0.67568260495333232     
  0.58666666666666667      -0.59217334264359023     
  0.59000000000000008      -0.49367195678510456     
  0.59333333333333338      -0.37948592076392251     
  0.59666666666666668      -0.24951468478064165     
  0.60000000000000009      -0.10441493898586117     
  0.60333333333333339        5.4252871165706693E-002
  0.60666666666666669       0.22391752071900695     
  0.60999999999999999       0.40095186813041089     
  0.61333333333333340       0.58071115637164394     
  0.61666666666666670       0.75767227766135237     
  0.62000000000000000       0.92568393137108329     
  0.62333333333333341        1.0783265107323399     
  0.62666666666666671        1.2093666332030777     
  0.63000000000000000        1.3132758203730626     
  0.63333333333333341        1.3857679048909999     
  0.63666666666666671        1.4242977232936467     
  0.64000000000000001        1.4284571254696696     
  0.64333333333333342        1.4002055989148212     
  0.64666666666666672        1.3438834068197945     
  0.65000000000000002        1.2659753709304153     
  0.65333333333333332        1.1746219987615760     
  0.65666666666666673        1.0789085490787189     
  0.66000000000000003       0.98799730637713257     
  0.66333333333333333       0.91019824934796512     
  0.66666666666666674       0.85209274765785159     
  0.67000000000000004       0.81782909606396348     
  0.67333333333333334       0.80869475397614821     
  0.67666666666666675       0.82303810792415311     
  0.68000000000000005       0.85656572022754940     
  0.68333333333333335       0.90298582940253524     
  0.68666666666666676       0.95491412000438691     
  0.69000000000000006        1.0049131825115949     
  0.69333333333333336        1.0465114301788871     
  0.69666666666666666        1.0750465515419083     
  0.70000000000000007        1.0882046017481986     
  0.70333333333333337        1.0861752812619281     
  0.70666666666666667        1.0714087215807897     
  0.71000000000000008        1.0480275914771833     
  0.71333333333333337        1.0210076150474399     
  0.71666666666666667       0.99527801625004486     
  0.72000000000000008       0.97490317260220494     
  0.72333333333333338       0.96248575205433662     
  0.72666666666666668       0.95888405078930017     
  0.73000000000000009       0.96327199226064597     
  0.73333333333333339       0.97350271232367713     
  0.73666666666666669       0.98667991552425227     
  0.74000000000000010       0.99980682124896303     
  0.74333333333333340        1.0103769917914982     
  0.74666666666666670        1.0167945661950255     
  0.75000000000000000        1.0185569007766111     
  0.75333333333333341        1.0161890493046866     
  0.75666666666666671        1.0109736239222629     
  0.76000000000000001        1.0045593137347761     
  0.76333333333333342       0.99854871734252837     
  0.76666666666666672       0.99415898240817868     
  0.77000000000000002       0.99202086784521248     
  0.77333333333333343       0.99214178411943099     
  0.77666666666666673       0.99401691979566220     
  0.78000000000000003       0.99683990737143546     
  0.78333333333333344       0.99974764729401588     
  0.78666666666666674        1.0020352399154664     
  0.79000000000000004        1.0032939483885386     
  0.79333333333333333        1.0034514690135767     
  0.79666666666666675        1.0027215493549049     
  0.80000000000000004        1.0014917952877629     
  0.80333333333333334        1.0001894835383061     
  0.80666666666666675       0.99916401788363707     
  0.81000000000000005       0.99861347040314963     
  0.81333333333333335       0.99856600055185352     
  0.81666666666666676       0.99891024625054559     
  0.82000000000000006       0.99945663550072106     
  0.82333333333333336        1.0000065856230547     
  0.82666666666666677        1.0004089054682284     
  0.83000000000000007        1.0005904368420340     
  0.83333333333333337        1.0005578876203463     
  0.83666666666666667        1.0003766530335547     
  0.84000000000000008        1.0001378188668533     
  0.84333333333333338       0.99992556754886353     
  0.84666666666666668       0.99979441896975785     
  0.85000000000000009       0.99976073159000600     
  0.85333333333333339       0.99980763008722606     
  0.85666666666666669       0.99989866779926528     
  0.86000000000000010       0.99999396412694819     
  0.86333333333333340        1.0000632717683458     
  0.86666666666666670        1.0000927034005178     
  0.87000000000000011        1.0000846189221944     
  0.87333333333333341        1.0000524505160664     
  0.87666666666666671        1.0000134087666943     
  0.88000000000000000       0.99998195120407429     
  0.88333333333333341       0.99996591501332521     
  0.88666666666666671       0.99996585898441026     
  0.89000000000000001       0.99997696544435222     
  0.89333333333333342       0.99999217818660902     
  0.89666666666666672        1.0000051938350381     
  0.90000000000000002        1.0000123458738419     
  0.90333333333333343        1.0000130565635188     
  0.90666666666666673        1.0000091089714700     
  0.91000000000000003        1.0000033258503847     
  0.91333333333333344       0.99999828216810716     
  0.91666666666666674       0.99999548857692733     
  0.92000000000000004       0.99999519289190875     
  0.92333333333333334       0.99999668614221615     
  0.92666666666666675       0.99999885368028463     
  0.93000000000000005        1.0000007006513254     
  0.93333333333333335        1.0000016707897108     
  0.93666666666666676        1.0000017066427698     
  0.94000000000000006        1.0000011092884735     
  0.94333333333333336        1.0000003114770710     
  0.94666666666666677       0.99999967505939069     
  0.95000000000000007       0.99999938016281631     
  0.95333333333333337       0.99999941817421634     
  0.95666666666666678       0.99999965770926436     
  0.96000000000000008       0.99999993484962602     
  0.96333333333333337        1.0000001251657797     
  0.96666666666666667        1.0000001755204551     
  0.97000000000000008        1.0000000959604802     
  0.97333333333333338       0.99999992682117289     
  0.97666666666666668       0.99999969993637317     
  0.98000000000000009       0.99999940739865234     
  0.98333333333333339       0.99999898142824506     
  0.98666666666666669       0.99999827943299469     
  0.99000000000000010       0.99999706214597983     
  0.99333333333333340       0.99999495006906935     
  0.99666666666666670       0.99999134256073763     
