   0.0000000000000000        1.0049229975661556     
   3.3333333333333335E-003   1.0044003286528089     
   6.6666666666666671E-003   1.0030487547958318     
   1.0000000000000000E-002   1.0013268711658687     
   1.3333333333333334E-002  0.99968598132835618     
   1.6666666666666666E-002  0.99847166164876322     
   2.0000000000000000E-002  0.99786609115265867     
   2.3333333333333334E-002  0.99787759473663917     
   2.6666666666666668E-002  0.99837191350638610     
   3.0000000000000002E-002  0.99913082150941390     
   3.3333333333333333E-002  0.99991956885890310     
   3.6666666666666667E-002   1.0005455770965561     
   4.0000000000000001E-002   1.0008958746112755     
   4.3333333333333335E-002   1.0009480772669055     
   4.6666666666666669E-002   1.0007571270278799     
   5.0000000000000003E-002   1.0004256240399463     
   5.3333333333333337E-002   1.0000682835139696     
   5.6666666666666671E-002  0.99978060302815119     
   6.0000000000000005E-002  0.99961887313589226     
   6.3333333333333339E-002  0.99959439535990380     
   6.6666666666666666E-002  0.99968053280079872     
   7.0000000000000007E-002  0.99982812575021218     
   7.3333333333333334E-002  0.99998347863438086     
   7.6666666666666675E-002   1.0001036017097971     
   8.0000000000000002E-002   1.0001652095817637     
   8.3333333333333343E-002   1.0001663906478448     
   8.6666666666666670E-002   1.0001220898422387     
   9.0000000000000011E-002   1.0000560086685648     
   9.3333333333333338E-002  0.99999196306673144     
   9.6666666666666679E-002  0.99994723215725034     
  0.10000000000000001       0.99992931402257856     
  0.10333333333333335       0.99993622263029103     
  0.10666666666666667       0.99995941645994757     
  0.11000000000000000       0.99998789708700409     
  0.11333333333333334        1.0000120117216471     
  0.11666666666666667        1.0000259205291089     
  0.12000000000000001        1.0000283267801515     
  0.12333333333333334        1.0000216787531131     
  0.12666666666666668        1.0000104591014818     
  0.13000000000000000       0.99999930318069130     
  0.13333333333333333       0.99999155858271982     
  0.13666666666666669       0.99998861250814397     
  0.14000000000000001       0.99998999636307451     
  0.14333333333333334       0.99999403414230681     
  0.14666666666666667       0.99999869088472171     
  0.15000000000000002        1.0000023024333091     
  0.15333333333333335        1.0000039869690045     
  0.15666666666666668        1.0000036910091843     
  0.16000000000000000        1.0000019506280284     
  0.16333333333333333       0.99999951712902446     
  0.16666666666666669       0.99999699788846086     
  0.17000000000000001       0.99999461385596711     
  0.17333333333333334       0.99999210396806781     
  0.17666666666666667       0.99998874202291066     
  0.18000000000000002       0.99998339216055399     
  0.18333333333333335       0.99997452011168342     
  0.18666666666666668       0.99996009193985347     
  0.19000000000000000       0.99993731656558693     
  0.19333333333333336       0.99990220899233728     
  0.19666666666666668       0.99984895836219623     
  0.20000000000000001       0.99976907579517738     
  0.20333333333333334       0.99965027433489118     
  0.20666666666666669       0.99947500361589969     
  0.21000000000000002       0.99921853207501476     
  0.21333333333333335       0.99884644515728527     
  0.21666666666666667       0.99831141229722298     
  0.22000000000000000       0.99754907010190697     
  0.22333333333333336       0.99647287542139917     
  0.22666666666666668       0.99496780227098325     
  0.23000000000000001       0.99288279530638179     
  0.23333333333333334       0.99002195630077994     
  0.23666666666666669       0.98613453673522955     
  0.24000000000000002       0.98090394701753003     
  0.24333333333333335       0.97393617690937706     
  0.24666666666666667       0.96474825448596579     
  0.25000000000000000       0.95275764847501454     
  0.25333333333333335       0.93727382935641901     
  0.25666666666666671       0.91749352675893470     
  0.26000000000000001       0.89250152209943923     
  0.26333333333333336       0.86127905215180400     
  0.26666666666666666       0.82272201654089672     
  0.27000000000000002       0.77567111701383251     
  0.27333333333333337       0.71895574248645266     
  0.27666666666666667       0.65145278957976938     
  0.28000000000000003       0.57216062699556136     
  0.28333333333333333       0.48028705477379929     
  0.28666666666666668       0.37534839892953070     
  0.29000000000000004       0.25727489541291421     
  0.29333333333333333       0.12651539624798741     
  0.29666666666666669       -1.5867615594085206E-002
  0.30000000000000004      -0.16812341582559176     
  0.30333333333333334      -0.32777058241116408     
  0.30666666666666670      -0.49159848269209572     
  0.31000000000000000      -0.65572323293672208     
  0.31333333333333335      -0.81570587311362142     
  0.31666666666666671      -0.96673610233303875     
  0.32000000000000001       -1.1038790191409178     
  0.32333333333333336       -1.2223752480392474     
  0.32666666666666666       -1.3179772039322946     
  0.33000000000000002       -1.3872968792578533     
  0.33333333333333337       -1.4281344392157440     
  0.33666666666666667       -1.4397531547702280     
  0.34000000000000002       -1.4230657946719387     
  0.34333333333333338       -1.3807012987444514     
  0.34666666666666668       -1.3169287127390770     
  0.35000000000000003       -1.2374277654270243     
  0.35333333333333333       -1.1489112430669557     
  0.35666666666666669       -1.0586219385667688     
  0.36000000000000004      -0.97374434061068782     
  0.36333333333333334      -0.90078596062279348     
  0.36666666666666670      -0.84499282931414821     
  0.37000000000000005      -0.80986614685157254     
  0.37333333333333335      -0.79684101310004529     
  0.37666666666666671      -0.80517336053223054     
  0.38000000000000000      -0.83205872728355734     
  0.38333333333333336      -0.87297872884152061     
  0.38666666666666671      -0.92224151981144942     
  0.39000000000000001      -0.97365537755559650     
  0.39333333333333337       -1.0212540617744825     
  0.39666666666666667       -1.0599824546589396     
  0.40000000000000002       -1.0862534967358874     
  0.40333333333333338       -1.0983030857907043     
  0.40666666666666668       -1.0962967686240948     
  0.41000000000000003       -1.0821770734253793     
  0.41333333333333339       -1.0592779954458280     
  0.41666666666666669       -1.0317674949471070     
  0.42000000000000004       -1.0040041782924050     
  0.42333333333333334      -0.97990618433192167     
  0.42666666666666669      -0.96242642558478730     
  0.43000000000000005      -0.95320915822992980     
  0.43333333333333335      -0.95247152232929744     
  0.43666666666666670      -0.95911559241653377     
  0.44000000000000000      -0.97103829986564549     
  0.44333333333333336      -0.98557509347176520     
  0.44666666666666671      -0.99999393502232292     
  0.45000000000000001       -1.0119524206222932     
  0.45333333333333337       -1.0198427650021704     
  0.45666666666666672       -1.0229743639840490     
  0.46000000000000002       -1.0215764818035753     
  0.46333333333333337       -1.0166377214200233     
  0.46666666666666667       -1.0096277079198133     
  0.47000000000000003       -1.0021645336883480     
  0.47333333333333338      -0.99569603030702514     
  0.47666666666666668      -0.99125380006847574     
  0.48000000000000004      -0.98931891849832798     
  0.48333333333333334      -0.98981216935411465     
  0.48666666666666669      -0.99219541939730804     
  0.49000000000000005      -0.99564976127667915     
  0.49333333333333335      -0.99928430928571454     
  0.49666666666666670       -1.0023286881738149     
  0.50000000000000000       -1.0042714602204987     
  0.50333333333333341       -1.0049229975661556     
  0.50666666666666671       -1.0044003286528094     
  0.51000000000000001       -1.0030487547958320     
  0.51333333333333342       -1.0013268711658694     
  0.51666666666666672      -0.99968598132835695     
  0.52000000000000002      -0.99847166164876433     
  0.52333333333333332      -0.99786609115265945     
  0.52666666666666673      -0.99787759473663962     
  0.53000000000000003      -0.99837191350638643     
  0.53333333333333333      -0.99913082150941435     
  0.53666666666666674      -0.99991956885890365     
  0.54000000000000004       -1.0005455770965566     
  0.54333333333333333       -1.0008958746112755     
  0.54666666666666675       -1.0009480772669048     
  0.55000000000000004       -1.0007571270278788     
  0.55333333333333334       -1.0004256240399443     
  0.55666666666666675       -1.0000682835139654     
  0.56000000000000005      -0.99978060302814276     
  0.56333333333333335      -0.99961887313587539     
  0.56666666666666665      -0.99959439535986960     
  0.57000000000000006      -0.99968053280072910     
  0.57333333333333336      -0.99982812575007107     
  0.57666666666666666      -0.99998347863409653     
  0.58000000000000007       -1.0001036017092293     
  0.58333333333333337       -1.0001652095806370     
  0.58666666666666667       -1.0001663906456260     
  0.59000000000000008       -1.0001220898379013     
  0.59333333333333338       -1.0000560086601515     
  0.59666666666666668      -0.99999196305054017     
  0.60000000000000009      -0.99994723212633307     
  0.60333333333333339      -0.99992931396400608     
  0.60666666666666669      -0.99993622252019732     
  0.60999999999999999      -0.99995941625464257     
  0.61333333333333340      -0.99998789670716226     
  0.61666666666666670       -1.0000120110244297     
  0.62000000000000000       -1.0000259192594341     
  0.62333333333333341       -1.0000283244862678     
  0.62666666666666671       -1.0000216746416164     
  0.63000000000000000       -1.0000104517905508     
  0.63333333333333341      -0.99999929028384738     
  0.63666666666666671      -0.99999153601303736     
  0.64000000000000001      -0.99998857332572655     
  0.64333333333333342      -0.99998992888346439     
  0.64666666666666672      -0.99999391886056854     
  0.65000000000000002      -0.99999849552035536     
  0.65333333333333332       -1.0000019740231822     
  0.65666666666666673       -1.0000034393699371     
  0.66000000000000003       -1.0000027853358795     
  0.66333333333333333       -1.0000004649320453     
  0.66666666666666674      -0.99999709986726970     
  0.67000000000000004      -0.99999309723318586     
  0.67333333333333334      -0.99998837140201746     
  0.67666666666666675      -0.99998219657032328     
  0.68000000000000005      -0.99997314895009526     
  0.68333333333333335      -0.99995905601598334     
  0.68666666666666676      -0.99993685852992842     
  0.69000000000000006      -0.99990230238475974     
  0.69333333333333336      -0.99984939813437790     
  0.69666666666666666      -0.99976960261200587     
  0.70000000000000007      -0.99965068005934832     
  0.70333333333333337      -0.99947518719979955     
  0.70666666666666667      -0.99921850131475820     
  0.71000000000000008      -0.99884627999916797     
  0.71333333333333337      -0.99831121419785440     
  0.71666666666666667      -0.99754891953172897     
  0.72000000000000008      -0.99647281006065025     
  0.72333333333333338      -0.99496781727282335     
  0.72666666666666668      -0.99288285868224568     
  0.73000000000000009      -0.99002202917348359     
  0.73333333333333339      -0.98613458961208089     
  0.73666666666666669      -0.98090396743126529     
  0.74000000000000010      -0.97393616838143915     
  0.74333333333333340      -0.96474822996547271     
  0.74666666666666670      -0.95275762244651396     
  0.75000000000000000      -0.93727381196889148     
  0.75333333333333341      -0.91749352150352526     
  0.75666666666666671      -0.89250152674468730     
  0.76000000000000001      -0.86127906151535805     
  0.76333333333333342      -0.82272202544573092     
  0.76666666666666672      -0.77567112224735391     
  0.77000000000000002      -0.71895574334927248     
  0.77333333333333343      -0.65145278728715672     
  0.77666666666666673      -0.57216062354813602     
  0.78000000000000003      -0.48028705191293486     
  0.78333333333333344      -0.37534839755343735     
  0.78666666666666674      -0.25727489552309779     
  0.79000000000000004      -0.12651539726473787     
  0.79333333333333333        1.5867614398453397E-002
  0.79666666666666675       0.16812341498738628     
  0.80000000000000004       0.32777058213145588     
  0.80333333333333334       0.49159848287707636     
  0.80666666666666675       0.65572323334135874     
  0.81000000000000005       0.81570587349453028     
  0.81333333333333335       0.96673610254578657     
  0.81666666666666676        1.1038790191622589     
  0.82000000000000006        1.2223752479321586     
  0.82333333333333336        1.3179772037886255     
  0.82666666666666677        1.3872968791501250     
  0.83000000000000007        1.4281344391745605     
  0.83333333333333337        1.4397531547872748     
  0.83666666666666667        1.4230657947179628     
  0.84000000000000008        1.3807012987892584     
  0.84333333333333338        1.3169287127644647     
  0.84666666666666668        1.2374277654298607     
  0.85000000000000009        1.1489112430547743     
  0.85333333333333339        1.0586219385505324     
  0.85666666666666669       0.97374434059884230     
  0.86000000000000010       0.90078596061864979     
  0.86333333333333340       0.84499282931645003     
  0.86666666666666670       0.80986614685679859     
  0.87000000000000011       0.79684101310479860     
  0.87333333333333341       0.80517336053465216     
  0.87666666666666671       0.83205872728352814     
  0.88000000000000000       0.87297872884003080     
  0.88333333333333341       0.92224151980973113     
  0.88666666666666671       0.97365537755449116     
  0.89000000000000001        1.0212540617742270     
  0.89333333333333342        1.0599824546593022     
  0.89666666666666672        1.0862534967364572     
  0.90000000000000002        1.0983030857911447     
  0.90333333333333343        1.0962967686242628     
  0.90666666666666673        1.0821770734253113     
  0.91000000000000003        1.0592779954456515     
  0.91333333333333344        1.0317674949469453     
  0.91666666666666674        1.0040041782923246     
  0.92000000000000004       0.97990618433192478     
  0.92333333333333334       0.96242642558483749     
  0.92666666666666675       0.95320915822998409     
  0.93000000000000005       0.95247152232932908     
  0.93333333333333335       0.95911559241653699     
  0.93666666666666676       0.97103829986563017     
  0.94000000000000006       0.98557509347174532     
  0.94333333333333336       0.99999393502230871     
  0.94666666666666677        1.0119524206222881     
  0.95000000000000007        1.0198427650021729     
  0.95333333333333337        1.0229743639840541     
  0.95666666666666678        1.0215764818035795     
  0.96000000000000008        1.0166377214200251     
  0.96333333333333337        1.0096277079198133     
  0.96666666666666667        1.0021645336883476     
  0.97000000000000008       0.99569603030702492     
  0.97333333333333338       0.99125380006847630     
  0.97666666666666668       0.98931891849832887     
  0.98000000000000009       0.98981216935411576     
  0.98333333333333339       0.99219541939730882     
  0.98666666666666669       0.99564976127667948     
  0.99000000000000010       0.99928430928571477     
  0.99333333333333340        1.0023286881738149     
  0.99666666666666670        1.0042714602204987     
