   0.0000000000000000       0.99977289965352045     
   3.3333333333333335E-003  0.99991004656394955     
   6.6666666666666671E-003   1.0000356631586544     
   1.0000000000000000E-002   1.0001179519959140     
   1.3333333333333334E-002   1.0001451980209837     
   1.6666666666666666E-002   1.0001241538204975     
   2.0000000000000000E-002   1.0000735565391818     
   2.3333333333333334E-002   1.0000157691515836     
   2.6666666666666668E-002  0.99996940784723454     
   3.0000000000000002E-002  0.99994487452369452     
   3.3333333333333333E-002  0.99994341239993789     
   3.6666666666666667E-002  0.99995911063665843     
   4.0000000000000001E-002  0.99998253620530519     
   4.3333333333333335E-002   1.0000044963448371     
   4.6666666666666669E-002   1.0000187572797641     
   5.0000000000000003E-002   1.0000231517028204     
   5.3333333333333337E-002   1.0000191448529800     
   5.6666666666666671E-002   1.0000103905641657     
   6.0000000000000005E-002   1.0000009907552112     
   6.3333333333333339E-002  0.99999408360695974     
   6.6666666666666666E-002  0.99999112061869577     
   7.0000000000000007E-002  0.99999187916477139     
   7.3333333333333334E-002  0.99999500839648581     
   7.6666666666666675E-002  0.99999878708626644     
   8.0000000000000002E-002   1.0000017886453936     
   8.3333333333333343E-002   1.0000032609473581     
   8.6666666666666670E-002   1.0000031748307587     
   9.0000000000000011E-002   1.0000020176312514     
   9.3333333333333338E-002   1.0000004718801296     
   9.6666666666666679E-002  0.99999911833136146     
  0.10000000000000001       0.99999825426107847     
  0.10333333333333335       0.99999785156510546     
  0.10666666666666667       0.99999762208486342     
  0.11000000000000000       0.99999712662421347     
  0.11333333333333334       0.99999586227306803     
  0.11666666666666667       0.99999328167532964     
  0.12000000000000001       0.99998872413301987     
  0.12333333333333334       0.99998125912023283     
  0.12666666666666668       0.99996945015833050     
  0.13000000000000000       0.99995103968278898     
  0.13333333333333333       0.99992253708028045     
  0.13666666666666669       0.99987866823657479     
  0.14000000000000001       0.99981162086457209     
  0.14333333333333334       0.99970999843927710     
  0.14666666666666667       0.99955737707836612     
  0.15000000000000002       0.99933034291959000     
  0.15333333333333335       0.99899587116466182     
  0.15666666666666668       0.99850789210280411     
  0.16000000000000000       0.99780287655150968     
  0.16333333333333333       0.99679426829844386     
  0.16666666666666669       0.99536560161547827     
  0.17000000000000001       0.99336217670419613     
  0.17333333333333334       0.99058123484978400     
  0.17666666666666667       0.98676068794343708     
  0.18000000000000002       0.98156662269189943     
  0.18333333333333335       0.97458002466327853     
  0.18666666666666668       0.96528345340920418     
  0.19000000000000000       0.95304874258862582     
  0.19333333333333336       0.93712718402621609     
  0.19666666666666668       0.91664405519631953     
  0.20000000000000001       0.89059972409137589     
  0.20333333333333334       0.85787985619680696     
  0.20666666666666669       0.81727738274798489     
  0.21000000000000002       0.76752878389437840     
  0.21333333333333335       0.70736680754602033     
  0.21666666666666667       0.63559090506178439     
  0.22000000000000000       0.55115536210283944     
  0.22333333333333336       0.45327332147286675     
  0.22666666666666668       0.34153267911965302     
  0.23000000000000001       0.21601730623975790     
  0.23333333333333334        7.7424419684146858E-002
  0.23666666666666669       -7.2833510163572840E-002
  0.24000000000000002      -0.23255578216181064     
  0.24333333333333335      -0.39872374136524102     
  0.24666666666666667      -0.56752806107749043     
  0.25000000000000000      -0.73446441941874496     
  0.25333333333333335      -0.89450459054527509     
  0.25666666666666671       -1.0423435956432698     
  0.26000000000000001       -1.1727154689302552     
  0.26333333333333336       -1.2807610100636166     
  0.26666666666666666       -1.3624215663663062     
  0.27000000000000002       -1.4148246381551313     
  0.27333333333333337       -1.4366213038150510     
  0.27666666666666667       -1.4282334697978529     
  0.28000000000000003       -1.3919718710113576     
  0.28333333333333333       -1.3319942036055790     
  0.28666666666666668       -1.2540866933795243     
  0.29000000000000004       -1.1652708750529774     
  0.29333333333333333       -1.0732585893961279     
  0.29666666666666669      -0.98579963793908465     
  0.30000000000000004      -0.90998510949657774     
  0.30333333333333334      -0.85158196003499220     
  0.30666666666666670      -0.81447825716769084     
  0.31000000000000000      -0.80031181273348573     
  0.31333333333333335      -0.80833735106246785     
  0.31666666666666671      -0.83556022261214447     
  0.32000000000000001      -0.87713102327345838     
  0.32333333333333336      -0.92695981347011414     
  0.32666666666666666      -0.97847629992709362     
  0.33000000000000002       -1.0254387267094225     
  0.33333333333333337       -1.0626837831094289     
  0.33666666666666667       -1.0867152231118378     
  0.34000000000000002       -1.0960502776244458     
  0.34333333333333338       -1.0912777551650765     
  0.34666666666666668       -1.0748248796024236     
  0.35000000000000003       -1.0504745281670049     
  0.35333333333333333       -1.0227130883344815     
  0.35666666666666669      -0.99601484631836257     
  0.36000000000000004      -0.97417689524278284     
  0.36333333333333334      -0.95980730694466010     
  0.36666666666666670      -0.95404056970002649     
  0.37000000000000005      -0.95651318291898324     
  0.37333333333333335      -0.96558635622220701     
  0.37666666666666671      -0.97876050471259290     
  0.38000000000000000      -0.99319548987426498     
  0.38333333333333336       -1.0062368744589316     
  0.38666666666666671       -1.0158539709693037     
  0.39000000000000001       -1.0209184444627650     
  0.39333333333333337       -1.0212874855176313     
  0.39666666666666667       -1.0176955564316073     
  0.40000000000000002       -1.0114951776580583     
  0.40333333333333338       -1.0043129675182774     
  0.40666666666666668      -0.99769755720775710     
  0.41000000000000003      -0.99282994263371249     
  0.41333333333333339      -0.99034676459610249     
  0.41666666666666669      -0.99029827103678469     
  0.42000000000000004      -0.99223219144827246     
  0.42333333333333334      -0.99536922699361163     
  0.42666666666666669      -0.99882047689757691     
  0.43000000000000005       -1.0017943199047288     
  0.43333333333333335       -1.0037494084026928     
  0.43666666666666670       -1.0044681808401856     
  0.44000000000000000       -1.0040466412811251     
  0.44333333333333336       -1.0028157384839183     
  0.44666666666666671       -1.0012231251826667     
  0.45000000000000001      -0.99970896355509165     
  0.45333333333333337      -0.99860568416827367     
  0.45666666666666672      -0.99808124175900714     
  0.46000000000000002      -0.99813185935944715     
  0.46333333333333337      -0.99861729085676920     
  0.46666666666666667      -0.99932239802081724     
  0.47000000000000003       -1.0000251017088475     
  0.47333333333333338       -1.0005526476967646     
  0.47666666666666668       -1.0008142784958454     
  0.48000000000000004       -1.0008065622280948     
  0.48333333333333334       -1.0005953487817136     
  0.48666666666666669       -1.0002836463343925     
  0.49000000000000005      -0.99997663068158671     
  0.49333333333333335      -0.99975358797707103     
  0.49666666666666670      -0.99965281413751184     
  0.50000000000000000      -0.99967080249873397     
  0.50333333333333341      -0.99977289965351601     
  0.50666666666666671      -0.99991004656394022     
  0.51000000000000001       -1.0000356631586342     
  0.51333333333333342       -1.0001179519958721     
  0.51666666666666672       -1.0001451980208964     
  0.52000000000000002       -1.0001241538203169     
  0.52333333333333332       -1.0000735565388106     
  0.52666666666666673       -1.0000157691508254     
  0.53000000000000003      -0.99996940784569732     
  0.53333333333333333      -0.99994487452060266     
  0.53666666666666674      -0.99994341239377071     
  0.54000000000000004      -0.99995911062446152     
  0.54333333333333333      -0.99998253618138699     
  0.54666666666666675       -1.0000044962983321     
  0.55000000000000004       -1.0000187571901105     
  0.55333333333333334       -1.0000231515314555     
  0.55666666666666675       -1.0000191445282187     
  0.56000000000000005       -1.0000103899539388     
  0.56333333333333335       -1.0000009896183646     
  0.56666666666666665      -0.99999408150708924     
  0.57000000000000006      -0.99999111677313501     
  0.57333333333333336      -0.99999187218246377     
  0.57666666666666666      -0.99999499582735507     
  0.58000000000000007      -0.99999876465403270     
  0.58333333333333337       -1.0000017489542092     
  0.58666666666666667       -1.0000031913228276     
  0.59000000000000008       -1.0000030537517770     
  0.59333333333333338       -1.0000018088919775     
  0.59666666666666668       -1.0000001151348326     
  0.60000000000000009      -0.99999851393783945     
  0.60333333333333339      -0.99999723923648998     
  0.60666666666666669      -0.99999616184318763     
  0.60999999999999999      -0.99999483390106603     
  0.61333333333333340      -0.99999256647090862     
  0.61666666666666670      -0.99998847009327663     
  0.62000000000000000      -0.99998140533947455     
  0.62333333333333341      -0.99996981421099629     
  0.62666666666666671      -0.99995142087398536     
  0.63000000000000000      -0.99992279383202598     
  0.63333333333333341      -0.99987874985232139     
  0.63666666666666671      -0.99981155643655306     
  0.64000000000000001      -0.99970986037200715     
  0.64333333333333342      -0.99955724054781581     
  0.64666666666666672      -0.99933025742342507     
  0.65000000000000002      -0.99899585078311326     
  0.65333333333333332      -0.99850792205944205     
  0.65666666666666673      -0.99780292835597240     
  0.66000000000000003      -0.99679431500988902     
  0.66333333333333333      -0.99536562744573043     
  0.66666666666666674      -0.99336217919437297     
  0.67000000000000004      -0.99058122125326420     
  0.67333333333333334      -0.98676066912579319     
  0.67666666666666675      -0.98156660771952564     
  0.68000000000000005      -0.97458001793460547     
  0.68333333333333335      -0.96528345457856712     
  0.68666666666666676      -0.95304874836167819     
  0.69000000000000006      -0.93712719048447757     
  0.69333333333333336      -0.91664405955589068     
  0.69666666666666666      -0.89059972539764121     
  0.70000000000000007      -0.85787985504967035     
  0.70333333333333337      -0.81727738050572907     
  0.70666666666666667      -0.76752878185757678     
  0.71000000000000008      -0.70736680645630912     
  0.71333333333333337      -0.63559090500603588     
  0.71666666666666667      -0.55115536271710086     
  0.72000000000000008      -0.45327332225575923     
  0.72333333333333338      -0.34153267968779200     
  0.72666666666666668      -0.21601730644134343     
  0.73000000000000009       -7.7424419575418263E-002
  0.73333333333333339        7.2833510419249597E-002
  0.73666666666666669       0.23255578240194680     
  0.74000000000000010       0.39872374149565459     
  0.74333333333333340       0.56752806108592191     
  0.74666666666666670       0.73446441934891793     
  0.75000000000000000       0.89450459045710784     
  0.75333333333333341        1.0423435955812894     
  0.75666666666666671        1.1727154689105685     
  0.76000000000000001        1.2807610100779951     
  0.76333333333333342        1.3624215663951349     
  0.76666666666666672        1.4148246381802760     
  0.77000000000000002        1.4366213038271138     
  0.77333333333333343        1.4282334697968244     
  0.77666666666666673        1.3919718710029296     
  0.78000000000000003        1.3319942035964083     
  0.78333333333333344        1.2540866933739316     
  0.78666666666666674        1.1652708750519756     
  0.79000000000000004        1.0732585893982947     
  0.79333333333333333       0.98579963794216785     
  0.79666666666666675       0.90998510949883127     
  0.80000000000000004       0.85158196003575060     
  0.80333333333333334       0.81447825716722988     
  0.80666666666666675       0.80031181273251639     
  0.81000000000000005       0.80833735106163807     
  0.81333333333333335       0.83556022261177121     
  0.81666666666666676       0.87713102327352077     
  0.82000000000000006       0.92695981347040113     
  0.82333333333333336       0.97847629992737950     
  0.82666666666666677        1.0254387267095766     
  0.83000000000000007        1.0626837831094353     
  0.83333333333333337        1.0867152231117565     
  0.83666666666666667        1.0960502776243510     
  0.84000000000000008        1.0912777551650179     
  0.84333333333333338        1.0748248796024129     
  0.84666666666666668        1.0504745281670267     
  0.85000000000000009        1.0227130883345112     
  0.85333333333333339       0.99601484631838277     
  0.85666666666666669       0.97417689524278794     
  0.86000000000000010       0.95980730694465410     
  0.86333333333333340       0.95404056970001649     
  0.86666666666666670       0.95651318291897547     
  0.87000000000000011       0.96558635622220346     
  0.87333333333333341       0.97876050471259257     
  0.87666666666666671       0.99319548987426576     
  0.88000000000000000        1.0062368744589318     
  0.88333333333333341        1.0158539709693026     
  0.88666666666666671        1.0209184444627635     
  0.89000000000000001        1.0212874855176295     
  0.89333333333333342        1.0176955564316061     
  0.89666666666666672        1.0114951776580581     
  0.90000000000000002        1.0043129675182780     
  0.90333333333333343       0.99769755720775799     
  0.90666666666666673       0.99282994263371349     
  0.91000000000000003       0.99034676459610327     
  0.91333333333333344       0.99029827103678514     
  0.91666666666666674       0.99223219144827279     
  0.92000000000000004       0.99536922699361208     
  0.92333333333333334       0.99882047689757758     
  0.92666666666666675        1.0017943199047294     
  0.93000000000000005        1.0037494084026934     
  0.93333333333333335        1.0044681808401856     
  0.93666666666666676        1.0040466412811249     
  0.94000000000000006        1.0028157384839180     
  0.94333333333333336        1.0012231251826664     
  0.94666666666666677       0.99970896355509142     
  0.95000000000000007       0.99860568416827333     
  0.95333333333333337       0.99808124175900670     
  0.95666666666666678       0.99813185935944670     
  0.96000000000000008       0.99861729085676854     
  0.96333333333333337       0.99932239802081668     
  0.96666666666666667        1.0000251017088468     
  0.97000000000000008        1.0005526476967643     
  0.97333333333333338        1.0008142784958454     
  0.97666666666666668        1.0008065622280948     
  0.98000000000000009        1.0005953487817136     
  0.98333333333333339        1.0002836463343925     
  0.98666666666666669       0.99997663068158715     
  0.99000000000000010       0.99975358797707181     
  0.99333333333333340       0.99965281413751317     
  0.99666666666666670       0.99967080249873630     
