   0.0000000000000000       -1.0000000000299587     
   3.3333333333333335E-003 -0.99999999999050104     
   6.6666666666666671E-003 -0.99999999997975386     
   1.0000000000000000E-002 -0.99999999998812350     
   1.3333333333333334E-002 -0.99999999999925038     
   1.6666666666666666E-002  -1.0000000000043787     
   2.0000000000000000E-002  -1.0000000000036731     
   2.3333333333333334E-002  -1.0000000000009932     
   2.6666666666666668E-002 -0.99999999999924538     
   3.0000000000000002E-002 -0.99999999999902811     
   3.3333333333333333E-002 -0.99999999999958100     
   3.6666666666666667E-002  -1.0000000000000815     
   4.0000000000000001E-002  -1.0000000000002276     
   4.3333333333333335E-002  -1.0000000000001337     
   4.6666666666666669E-002  -1.0000000000000067     
   5.0000000000000003E-002 -0.99999999999995204     
   5.3333333333333337E-002 -0.99999999999996314     
   5.6666666666666671E-002 -0.99999999999999234     
   6.0000000000000005E-002  -1.0000000000000089     
   6.3333333333333339E-002  -1.0000000000000091     
   6.6666666666666666E-002  -1.0000000000000022     
   7.0000000000000007E-002 -0.99999999999999378     
   7.3333333333333334E-002 -0.99999999999997613     
   7.6666666666666675E-002 -0.99999999999990485     
   8.0000000000000002E-002 -0.99999999999960842     
   8.3333333333333343E-002 -0.99999999999844225     
   8.6666666666666670E-002 -0.99999999999405864     
   9.0000000000000011E-002 -0.99999999997825162     
   9.3333333333333338E-002 -0.99999999992348243     
   9.6666666666666679E-002 -0.99999999974095488     
  0.10000000000000001      -0.99999999915527771     
  0.10333333333333335      -0.99999999734426259     
  0.10666666666666667      -0.99999999194315070     
  0.11000000000000000      -0.99999997639515736     
  0.11333333333333334      -0.99999993316373725     
  0.11666666666666667      -0.99999981698256724     
  0.12000000000000001      -0.99999951503270867     
  0.12333333333333334      -0.99999875571335506     
  0.12666666666666668      -0.99999690725631218     
  0.13000000000000000      -0.99999254940904381     
  0.13333333333333333      -0.99998259596743733     
  0.13666666666666669      -0.99996056402532163     
  0.14000000000000001      -0.99991328929837486     
  0.14333333333333334      -0.99981493365252849     
  0.14666666666666667      -0.99961648905096234     
  0.15000000000000002      -0.99922815764181505     
  0.15333333333333335      -0.99849106966700618     
  0.15666666666666668      -0.99713402060203782     
  0.16000000000000000      -0.99471070079023083     
  0.16333333333333333      -0.99051392503965763     
  0.16666666666666669      -0.98346651039696131     
  0.17000000000000001      -0.97199458182471909     
  0.17333333333333334      -0.95389875939763868     
  0.17666666666666667      -0.92625158449561440     
  0.18000000000000002      -0.88536388097088459     
  0.18333333333333335      -0.82687475249144360     
  0.18666666666666668      -0.74602382537123446     
  0.19000000000000000      -0.63815322074625203     
  0.19333333333333336      -0.49945440241292494     
  0.19666666666666668      -0.32791902910546389     
  0.20000000000000001      -0.12437782224542304     
  0.20333333333333334       0.10656865890409881     
  0.20666666666666669       0.35598497708345722     
  0.21000000000000002       0.61067301621818415     
  0.21333333333333335       0.85409289918532727     
  0.21666666666666667        1.0681982435843997     
  0.22000000000000000        1.2360329415359637     
  0.22333333333333336        1.3446896492255822     
  0.22666666666666668        1.3880247334766549     
  0.23000000000000001        1.3684398304636913     
  0.23333333333333334        1.2971380810072510     
  0.23666666666666669        1.1925588538868579     
  0.24000000000000002        1.0771383469559541     
  0.24333333333333335       0.97302121282636356     
  0.24666666666666667       0.89771057991225423     
  0.25000000000000000       0.86075333023028000     
  0.25333333333333335       0.86234360128505683     
  0.25666666666666671       0.89422398452496776     
  0.26000000000000001       0.94261163673654991     
  0.26333333333333336       0.99228355191462869     
  0.26666666666666666        1.0306248542172993     
  0.27000000000000002        1.0504967794964333     
  0.27333333333333337        1.0512033273809103     
  0.27666666666666667        1.0374784079080968     
  0.28000000000000003        1.0170482059701837     
  0.28333333333333333       0.99772326166246694     
  0.28666666666666668       0.98501273331374417     
  0.29000000000000004       0.98094357935460308     
  0.29333333333333333       0.98425534542472881     
  0.29666666666666669       0.99163794795140059     
  0.30000000000000004       0.99937239747542506     
  0.30333333333333334        1.0047122369905146     
  0.30666666666666670        1.0065719220235343     
  0.31000000000000000        1.0054375719171076     
  0.31333333333333335        1.0027268880450890     
  0.31666666666666671       0.99998189941913485     
  0.32000000000000001       0.99824853644216205     
  0.32333333333333336       0.99783269115514495     
  0.32666666666666666       0.99842142921810684     
  0.33000000000000002       0.99941296903327281     
  0.33333333333333337        1.0002575633782127     
  0.33666666666666667        1.0006648294039806     
  0.34000000000000002        1.0006331094550025     
  0.34333333333333338        1.0003464949444592     
  0.34666666666666668        1.0000281342905253     
  0.35000000000000003       0.99982885566671564     
  0.35333333333333333       0.99978811828333136     
  0.35666666666666669       0.99985912510279018     
  0.36000000000000004       0.99996350547536783     
  0.36333333333333334        1.0000395797340238     
  0.36666666666666670        1.0000641916459421     
  0.37000000000000005        1.0000479103530509     
  0.37333333333333335        1.0000161721625471     
  0.37666666666666671       0.99999093035865771     
  0.38000000000000000       0.99998151128393264     
  0.38333333333333336       0.99998544075242002     
  0.38666666666666671       0.99999475200119670     
  0.39000000000000001        1.0000023502023010     
  0.39333333333333337        1.0000051985957195     
  0.39666666666666667        1.0000040544476105     
  0.40000000000000002        1.0000013742735310     
  0.40333333333333338       0.99999927088927298     
  0.40666666666666668       0.99999856808122034     
  0.41000000000000003       0.99999896357147200     
  0.41333333333333339       0.99999971563126455     
  0.41666666666666669        1.0000002474090119     
  0.42000000000000004        1.0000003799579411     
  0.42333333333333334        1.0000002388225486     
  0.42666666666666669        1.0000000379765071     
  0.43000000000000005       0.99999991847507730     
  0.43333333333333335       0.99999990573460296     
  0.43666666666666670       0.99999995251682516     
  0.44000000000000000        1.0000000018500037     
  0.44333333333333336        1.0000000243329450     
  0.44666666666666671        1.0000000210285080     
  0.45000000000000001        1.0000000073274353     
  0.45333333333333337       0.99999999666026096     
  0.45666666666666672       0.99999999365974501     
  0.46000000000000002       0.99999999600971046     
  0.46333333333333337       0.99999999945240536     
  0.46666666666666667        1.0000000013471637     
  0.47000000000000003        1.0000000013962285     
  0.47333333333333338        1.0000000005753746     
  0.47666666666666668       0.99999999985920018     
  0.48000000000000004       0.99999999962723463     
  0.48333333333333334       0.99999999975388187     
  0.48666666666666669       0.99999999996144529     
  0.49000000000000005        1.0000000000758291     
  0.49333333333333335        1.0000000000779994     
  0.49666666666666670        1.0000000000299587     
  0.50000000000000000       0.99999999999050104     
  0.50333333333333341       0.99999999997975386     
  0.50666666666666671       0.99999999998812350     
  0.51000000000000001       0.99999999999925038     
  0.51333333333333342        1.0000000000043787     
  0.51666666666666672        1.0000000000036731     
  0.52000000000000002        1.0000000000009932     
  0.52333333333333332       0.99999999999924538     
  0.52666666666666673       0.99999999999902811     
  0.53000000000000003       0.99999999999958100     
  0.53333333333333333        1.0000000000000815     
  0.53666666666666674        1.0000000000002276     
  0.54000000000000004        1.0000000000001337     
  0.54333333333333333        1.0000000000000067     
  0.54666666666666675       0.99999999999995204     
  0.55000000000000004       0.99999999999996314     
  0.55333333333333334       0.99999999999999234     
  0.55666666666666675        1.0000000000000089     
  0.56000000000000005        1.0000000000000091     
  0.56333333333333335        1.0000000000000029     
  0.56666666666666665       0.99999999999999811     
  0.57000000000000006       0.99999999999999689     
  0.57333333333333336       0.99999999999999423     
  0.57666666666666666       0.99999999999997835     
  0.58000000000000007       0.99999999999990619     
  0.58333333333333337       0.99999999999960854     
  0.58666666666666667       0.99999999999844180     
  0.59000000000000008       0.99999999999405842     
  0.59333333333333338       0.99999999997825140     
  0.59666666666666668       0.99999999992348243     
  0.60000000000000009       0.99999999974095477     
  0.60333333333333339       0.99999999915527771     
  0.60666666666666669       0.99999999734426270     
  0.60999999999999999       0.99999999194315070     
  0.61333333333333340       0.99999997639515736     
  0.61666666666666670       0.99999993316373725     
  0.62000000000000000       0.99999981698256735     
  0.62333333333333341       0.99999951503270867     
  0.62666666666666671       0.99999875571335528     
  0.63000000000000000       0.99999690725631230     
  0.63333333333333341       0.99999254940904403     
  0.63666666666666671       0.99998259596743744     
  0.64000000000000001       0.99996056402532163     
  0.64333333333333342       0.99991328929837486     
  0.64666666666666672       0.99981493365252849     
  0.65000000000000002       0.99961648905096234     
  0.65333333333333332       0.99922815764181494     
  0.65666666666666673       0.99849106966700607     
  0.66000000000000003       0.99713402060203782     
  0.66333333333333333       0.99471070079023094     
  0.66666666666666674       0.99051392503965774     
  0.67000000000000004       0.98346651039696165     
  0.67333333333333334       0.97199458182471932     
  0.67666666666666675       0.95389875939763880     
  0.68000000000000005       0.92625158449561440     
  0.68333333333333335       0.88536388097088470     
  0.68666666666666676       0.82687475249144360     
  0.69000000000000006       0.74602382537123457     
  0.69333333333333336       0.63815322074625214     
  0.69666666666666666       0.49945440241292510     
  0.70000000000000007       0.32791902910546389     
  0.70333333333333337       0.12437782224542310     
  0.70666666666666667      -0.10656865890409878     
  0.71000000000000008      -0.35598497708345722     
  0.71333333333333337      -0.61067301621818415     
  0.71666666666666667      -0.85409289918532727     
  0.72000000000000008       -1.0681982435843997     
  0.72333333333333338       -1.2360329415359637     
  0.72666666666666668       -1.3446896492255822     
  0.73000000000000009       -1.3880247334766549     
  0.73333333333333339       -1.3684398304636913     
  0.73666666666666669       -1.2971380810072510     
  0.74000000000000010       -1.1925588538868579     
  0.74333333333333340       -1.0771383469559541     
  0.74666666666666670      -0.97302121282636356     
  0.75000000000000000      -0.89771057991225423     
  0.75333333333333341      -0.86075333023028000     
  0.75666666666666671      -0.86234360128505683     
  0.76000000000000001      -0.89422398452496776     
  0.76333333333333342      -0.94261163673654991     
  0.76666666666666672      -0.99228355191462869     
  0.77000000000000002       -1.0306248542172993     
  0.77333333333333343       -1.0504967794964333     
  0.77666666666666673       -1.0512033273809103     
  0.78000000000000003       -1.0374784079080968     
  0.78333333333333344       -1.0170482059701837     
  0.78666666666666674      -0.99772326166246694     
  0.79000000000000004      -0.98501273331374417     
  0.79333333333333333      -0.98094357935460308     
  0.79666666666666675      -0.98425534542472881     
  0.80000000000000004      -0.99163794795140059     
  0.80333333333333334      -0.99937239747542506     
  0.80666666666666675       -1.0047122369905146     
  0.81000000000000005       -1.0065719220235343     
  0.81333333333333335       -1.0054375719171076     
  0.81666666666666676       -1.0027268880450890     
  0.82000000000000006      -0.99998189941913485     
  0.82333333333333336      -0.99824853644216205     
  0.82666666666666677      -0.99783269115514495     
  0.83000000000000007      -0.99842142921810684     
  0.83333333333333337      -0.99941296903327281     
  0.83666666666666667       -1.0002575633782127     
  0.84000000000000008       -1.0006648294039806     
  0.84333333333333338       -1.0006331094550025     
  0.84666666666666668       -1.0003464949444592     
  0.85000000000000009       -1.0000281342905253     
  0.85333333333333339      -0.99982885566671564     
  0.85666666666666669      -0.99978811828333136     
  0.86000000000000010      -0.99985912510279018     
  0.86333333333333340      -0.99996350547536783     
  0.86666666666666670       -1.0000395797340238     
  0.87000000000000011       -1.0000641916459421     
  0.87333333333333341       -1.0000479103530509     
  0.87666666666666671       -1.0000161721625471     
  0.88000000000000000      -0.99999093035865771     
  0.88333333333333341      -0.99998151128393264     
  0.88666666666666671      -0.99998544075242002     
  0.89000000000000001      -0.99999475200119670     
  0.89333333333333342       -1.0000023502023010     
  0.89666666666666672       -1.0000051985957195     
  0.90000000000000002       -1.0000040544476105     
  0.90333333333333343       -1.0000013742735310     
  0.90666666666666673      -0.99999927088927298     
  0.91000000000000003      -0.99999856808122034     
  0.91333333333333344      -0.99999896357147200     
  0.91666666666666674      -0.99999971563126455     
  0.92000000000000004       -1.0000002474090119     
  0.92333333333333334       -1.0000003799579411     
  0.92666666666666675       -1.0000002388225486     
  0.93000000000000005       -1.0000000379765071     
  0.93333333333333335      -0.99999991847507730     
  0.93666666666666676      -0.99999990573460296     
  0.94000000000000006      -0.99999995251682516     
  0.94333333333333336       -1.0000000018500037     
  0.94666666666666677       -1.0000000243329450     
  0.95000000000000007       -1.0000000210285080     
  0.95333333333333337       -1.0000000073274353     
  0.95666666666666678      -0.99999999666026096     
  0.96000000000000008      -0.99999999365974501     
  0.96333333333333337      -0.99999999600971046     
  0.96666666666666667      -0.99999999945240536     
  0.97000000000000008       -1.0000000013471637     
  0.97333333333333338       -1.0000000013962285     
  0.97666666666666668       -1.0000000005753746     
  0.98000000000000009      -0.99999999985920018     
  0.98333333333333339      -0.99999999962723463     
  0.98666666666666669      -0.99999999975388187     
  0.99000000000000010      -0.99999999996144529     
  0.99333333333333340       -1.0000000000758291     
  0.99666666666666670       -1.0000000000779994     
