   0.0000000000000000       0.99796159280121421     
   3.3333333333333335E-003  0.99792447844727827     
   6.6666666666666671E-003  0.99837598311959341     
   1.0000000000000000E-002  0.99910407391533251     
   1.3333333333333334E-002  0.99987587708098491     
   1.6666666666666666E-002   1.0004974899785277     
   2.0000000000000000E-002   1.0008528284597742     
   2.3333333333333334E-002   1.0009158576425634     
   2.6666666666666668E-002   1.0007381731567686     
   3.0000000000000002E-002   1.0004197358833868     
   3.3333333333333333E-002   1.0000734063308467     
   3.6666666666666667E-002  0.99979353185729658     
   4.0000000000000001E-002  0.99963585692424739     
   4.3333333333333335E-002  0.99961168231088471     
   4.6666666666666669E-002  0.99969488473462120     
   5.0000000000000003E-002  0.99983727355916729     
   5.3333333333333337E-002  0.99998643920950214     
   5.6666666666666671E-002   1.0001007649291056     
   6.0000000000000005E-002   1.0001581437220974     
   6.3333333333333339E-002   1.0001573911728632     
   6.6666666666666666E-002   1.0001135778853600     
   7.0000000000000007E-002   1.0000499374739442     
   7.3333333333333334E-002  0.99998939132431663     
   7.6666666666666675E-002  0.99994817130311786     
   8.0000000000000002E-002  0.99993287091348226     
   8.3333333333333343E-002  0.99994097000994775     
   8.6666666666666670E-002  0.99996386144086746     
   9.0000000000000011E-002  0.99999090131832336     
   9.3333333333333338E-002   1.0000130477125475     
   9.6666666666666679E-002   1.0000251122270174     
  0.10000000000000001        1.0000262948258991     
  0.10333333333333335        1.0000192674348882     
  0.10666666666666667        1.0000084466086967     
  0.11000000000000000       0.99999818571817545     
  0.11333333333333334       0.99999146094058711     
  0.11666666666666667       0.99998932917669681     
  0.12000000000000001       0.99999112567128456     
  0.12333333333333334       0.99999514561738068     
  0.12666666666666668       0.99999946707784115     
  0.13000000000000000        1.0000026163963731     
  0.13333333333333333        1.0000039054368193     
  0.13666666666666669        1.0000034199929717     
  0.14000000000000001        1.0000017562432806     
  0.14333333333333334       0.99999965692011028     
  0.14666666666666667       0.99999768883474827     
  0.15000000000000002       0.99999604838198197     
  0.15333333333333335       0.99999451129097994     
  0.15666666666666668       0.99999248418182329     
  0.16000000000000000       0.99998908425036470     
  0.16333333333333333       0.99998317169817164     
  0.16666666666666669       0.99997327841551387     
  0.17000000000000001       0.99995740183360105     
  0.17333333333333334       0.99993265169108103     
  0.17666666666666667       0.99989474180646309     
  0.18000000000000002       0.99983730742084287     
  0.18333333333333335       0.99975100512203696     
  0.18666666666666668       0.99962232316742428     
  0.19000000000000000       0.99943200136121468     
  0.19333333333333336       0.99915293572540342     
  0.19666666666666668       0.99874742596163046     
  0.20000000000000001       0.99816361367137196     
  0.20333333333333334       0.99733095713408459     
  0.20666666666666669       0.99615459632311709     
  0.21000000000000002       0.99450848432073347     
  0.21333333333333335       0.99222720531705488     
  0.21666666666666667       0.98909647353711516     
  0.22000000000000000       0.98484242070815120     
  0.22333333333333336       0.97911993981966694     
  0.22666666666666668       0.97150056474607338     
  0.23000000000000001       0.96146062877541838     
  0.23333333333333334       0.94837075339671462     
  0.23666666666666669       0.93148805618185837     
  0.24000000000000002       0.90995280683618340     
  0.24333333333333335       0.88279156487240618     
  0.24666666666666667       0.84892904968385396     
  0.25000000000000000       0.80721106156265898     
  0.25333333333333335       0.75644062031636972     
  0.25666666666666671       0.69542904542242912     
  0.26000000000000001       0.62306290561046251     
  0.26333333333333336       0.53838657508525711     
  0.26666666666666666       0.44069854282400411     
  0.27000000000000002       0.32965767588167300     
  0.27333333333333337       0.20539344683296623     
  0.27666666666666667        6.8611881203850561E-002
  0.28000000000000003       -7.9313082410812363E-002
  0.28333333333333333      -0.23627468241733118     
  0.28666666666666668      -0.39940743148176810     
  0.29000000000000004      -0.56511225843300072     
  0.29333333333333333      -0.72914270068136056     
  0.29666666666666669      -0.88675842619096623     
  0.30000000000000004       -1.0329469370480673     
  0.30333333333333334       -1.1627074077927348     
  0.30666666666666670       -1.2713827371109938     
  0.31000000000000000       -1.3550178075359598     
  0.31333333333333335       -1.4107146503727863     
  0.31666666666666671       -1.4369498384858463     
  0.32000000000000001       -1.4338171182608459     
  0.32333333333333336       -1.4031600150456611     
  0.32666666666666666       -1.3485655150574571     
  0.33000000000000002       -1.2752010141100947     
  0.33333333333333337       -1.1894919313504002     
  0.33666666666666667       -1.0986553927863378     
  0.34000000000000002       -1.0101242062479623     
  0.34333333333333338      -0.93091250208589205     
  0.34666666666666668      -0.86698724240435443     
  0.35000000000000003      -0.82271585249811652     
  0.35333333333333333      -0.80045768668362316     
  0.35666666666666669      -0.80035513315502993     
  0.36000000000000004      -0.82035944977433550     
  0.36333333333333334      -0.85649891186507576     
  0.36666666666666670      -0.90336587408205848     
  0.37000000000000005      -0.95476917945963535     
  0.37333333333333335       -1.0044736190633252     
  0.37666666666666671       -1.0469330933149674     
  0.38000000000000000       -1.0779218284480736     
  0.38333333333333336       -1.0949797205548948     
  0.38666666666666671       -1.0976126606426388     
  0.39000000000000001       -1.0872233269694878     
  0.39333333333333337       -1.0667873235042273     
  0.39666666666666667       -1.0403274798698168     
  0.40000000000000002       -1.0122693049503790     
  0.40333333333333338      -0.98677774840381993     
  0.40666666666666668      -0.96717638682684348     
  0.41000000000000003      -0.95553449389415368     
  0.41333333333333339      -0.95247772316750501     
  0.41666666666666669      -0.95723947834015910     
  0.42000000000000004      -0.96792932917142760     
  0.42333333333333334      -0.98195935574601378     
  0.42666666666666669      -0.99654541389060725     
  0.43000000000000005       -1.0091921476352541     
  0.43333333333333335       -1.0180792294496097     
  0.43666666666666670       -1.0222896236585139     
  0.44000000000000000       -1.0218536676920835     
  0.44333333333333336       -1.0176186964368603     
  0.44666666666666671       -1.0109856736081206     
  0.45000000000000001       -1.0035758246155115     
  0.45333333333333337      -0.99689790204391893     
  0.45666666666666672      -0.99207980196358525     
  0.46000000000000002      -0.98970918667648555     
  0.46333333333333337      -0.98980136756979065     
  0.46666666666666667      -0.99188502517450683     
  0.47000000000000003      -0.99517332038335871     
  0.47333333333333338      -0.99877407351919845     
  0.47666666666666668       -1.0018901039149624     
  0.48000000000000004       -1.0039690105232641     
  0.48333333333333334       -1.0047777553299706     
  0.48666666666666669       -1.0043969908745594     
  0.49000000000000005       -1.0031483782359987     
  0.49333333333333335       -1.0014811670460511     
  0.49666666666666670      -0.99984968889103620     
  0.50000000000000000      -0.99861082960407377     
  0.50333333333333341      -0.99796159280121477     
  0.50666666666666671      -0.99792447844727883     
  0.51000000000000001      -0.99837598311959397     
  0.51333333333333342      -0.99910407391533318     
  0.51666666666666672      -0.99987587708098513     
  0.52000000000000002       -1.0004974899785282     
  0.52333333333333332       -1.0008528284597742     
  0.52666666666666673       -1.0009158576425627     
  0.53000000000000003       -1.0007381731567682     
  0.53333333333333333       -1.0004197358833860     
  0.53666666666666674       -1.0000734063308450     
  0.54000000000000004      -0.99979353185729325     
  0.54333333333333333      -0.99963585692424028     
  0.54666666666666675      -0.99961168231087005     
  0.55000000000000004      -0.99969488473459112     
  0.55333333333333334      -0.99983727355910579     
  0.55666666666666675      -0.99998643920937658     
  0.56000000000000005       -1.0001007649288511     
  0.56333333333333335       -1.0001581437215854     
  0.56666666666666665       -1.0001573911718389     
  0.57000000000000006       -1.0001135778833259     
  0.57333333333333336       -1.0000499374699374     
  0.57666666666666666      -0.99998939131648457     
  0.58000000000000007      -0.99994817128793168     
  0.58333333333333337      -0.99993287088427230     
  0.58666666666666667      -0.99994096995421478     
  0.59000000000000008      -0.99996386133538240     
  0.59333333333333338      -0.99999090112028000     
  0.59666666666666668       -1.0000130473437248     
  0.60000000000000009       -1.0000251115456813     
  0.60333333333333339       -1.0000262935774034     
  0.60666666666666669       -1.0000192651655921     
  0.60999999999999999       -1.0000084425173241     
  0.61333333333333340      -0.99999817840147365     
  0.61666666666666670      -0.99999144796209316     
  0.62000000000000000      -0.99998930634231553     
  0.62333333333333341      -0.99999108582361917     
  0.62666666666666671      -0.99999507664787446     
  0.63000000000000000      -0.99999934868018270     
  0.63333333333333341       -1.0000024148146229     
  0.63666666666666671       -1.0000035650514270     
  0.64000000000000001       -1.0000028499719911     
  0.64333333333333342       -1.0000008095731068     
  0.64666666666666672      -0.99999809779413396     
  0.65000000000000002      -0.99999514244956267     
  0.65333333333333332      -0.99999192444500040     
  0.65666666666666673      -0.99998788869142330     
  0.66000000000000003      -0.99998193895655396     
  0.66333333333333333      -0.99997243574708039     
  0.66666666666666674      -0.99995711218825001     
  0.67000000000000004      -0.99993283877049921     
  0.67333333333333334      -0.99989518967213942     
  0.67666666666666675      -0.99983777810255847     
  0.68000000000000005      -0.99975132800557376     
  0.68333333333333335      -0.99962243345159252     
  0.68666666666666676      -0.99943192952078652     
  0.69000000000000006      -0.99915276664293473     
  0.69333333333333336      -0.99874725153827282     
  0.69666666666666666      -0.99816349783310354     
  0.70000000000000007      -0.99733092192768125     
  0.70333333333333337      -0.99615462751880646     
  0.70666666666666667      -0.99450854835649183     
  0.71000000000000008      -0.99222726782710857     
  0.71333333333333337      -0.98909651218091021     
  0.71666666666666667      -0.98484242940675548     
  0.72000000000000008      -0.97911992560032279     
  0.72333333333333338      -0.97150054075972037     
  0.72666666666666668      -0.96146060733845273     
  0.73000000000000009      -0.94837074165780366     
  0.73333333333333339      -0.93148805518209121     
  0.73666666666666669      -0.90995281319536847     
  0.74000000000000010      -0.88279157358669502     
  0.74333333333333340      -0.84892905659439521     
  0.74666666666666670      -0.80721106465858361     
  0.75000000000000000      -0.75644061976372468     
  0.75333333333333341      -0.69542904274055006     
  0.75666666666666671      -0.62306290260711061     
  0.76000000000000001      -0.53838657304924686     
  0.76333333333333342      -0.44069854220332427     
  0.76666666666666672      -0.32965767640576249     
  0.77000000000000002      -0.20539344787615857     
  0.77333333333333343       -6.8611882161202759E-002
  0.77666666666666673        7.9313081889650083E-002
  0.78000000000000003       0.23627468237981830     
  0.78333333333333344       0.39940743176337112     
  0.78666666666666674       0.56511225880096327     
  0.79000000000000004       0.72914270095409039     
  0.79333333333333333       0.88675842629317025     
  0.79666666666666675        1.0329469370022824     
  0.80000000000000004        1.1627074076738031     
  0.80333333333333334        1.2713827369957447     
  0.80666666666666675        1.3550178074706798     
  0.81000000000000005        1.4107146503654562     
  0.81333333333333335        1.4369498385172459     
  0.81666666666666676        1.4338171183028880     
  0.82000000000000006        1.4031600150765584     
  0.82333333333333336        1.3485655150685081     
  0.82666666666666677        1.2752010141043624     
  0.83000000000000007        1.1894919313368901     
  0.83333333333333337        1.0986553927738674     
  0.83666666666666667        1.0101242062414595     
  0.84000000000000008       0.93091250208579024     
  0.84333333333333338       0.86698724240815694     
  0.84666666666666668       0.82271585250262314     
  0.85000000000000009       0.80045768668659567     
  0.85333333333333339       0.80035513315578799     
  0.85666666666666669       0.82035944977343822     
  0.86000000000000010       0.85649891186358484     
  0.86333333333333340       0.90336587408087055     
  0.86666666666666670       0.95476917945915207     
  0.87000000000000011        1.0044736190634731     
  0.87333333333333341        1.0469330933154219     
  0.87666666666666671        1.0779218284485059     
  0.88000000000000000        1.0949797205551204     
  0.88333333333333341        1.0976126606426417     
  0.88666666666666671        1.0872233269693585     
  0.89000000000000001        1.0667873235040795     
  0.89333333333333342        1.0403274798697244     
  0.89666666666666672        1.0122693049503613     
  0.90000000000000002       0.98677774840385324     
  0.90333333333333343       0.96717638682689111     
  0.90666666666666673       0.95553449389418710     
  0.91000000000000003       0.95247772316751445     
  0.91333333333333344       0.95723947834014989     
  0.91666666666666674       0.96792932917141106     
  0.92000000000000004       0.98195935574599991     
  0.92333333333333334       0.99654541389060070     
  0.92666666666666675        1.0091921476352541     
  0.93000000000000005        1.0180792294496130     
  0.93333333333333335        1.0222896236585173     
  0.93666666666666676        1.0218536676920849     
  0.94000000000000006        1.0176186964368603     
  0.94333333333333336        1.0109856736081202     
  0.94666666666666677        1.0035758246155118     
  0.95000000000000007       0.99689790204391926     
  0.95333333333333337       0.99207980196358614     
  0.95666666666666678       0.98970918667648666     
  0.96000000000000008       0.98980136756979153     
  0.96333333333333337       0.99188502517450727     
  0.96666666666666667       0.99517332038335904     
  0.97000000000000008       0.99877407351919867     
  0.97333333333333338        1.0018901039149626     
  0.97666666666666668        1.0039690105232644     
  0.98000000000000009        1.0047777553299706     
  0.98333333333333339        1.0043969908745596     
  0.98666666666666669        1.0031483782359985     
  0.99000000000000010        1.0014811670460504     
  0.99333333333333340       0.99984968889103532     
  0.99666666666666670       0.99861082960407310     
