   0.0000000000000000      -0.99999673403893696     
   3.3333333333333335E-003 -0.99999843819460965     
   6.6666666666666671E-003  -1.0000001294812542     
   1.0000000000000000E-002  -1.0000010052451402     
   1.3333333333333334E-002  -1.0000010033074624     
   1.6666666666666666E-002  -1.0000005146817290     
   2.0000000000000000E-002 -0.99999999636891734     
   2.3333333333333334E-002 -0.99999971732895043     
   2.6666666666666668E-002 -0.99999970752154832     
   3.0000000000000002E-002 -0.99999984873676895     
   3.3333333333333333E-002  -1.0000000002622178     
   3.6666666666666667E-002  -1.0000000804007543     
   4.0000000000000001E-002  -1.0000000814939816     
   4.3333333333333335E-002  -1.0000000400966096     
   4.6666666666666669E-002 -0.99999999773745829     
   5.0000000000000003E-002 -0.99999997696742493     
   5.3333333333333337E-002 -0.99999997836166998     
   5.6666666666666671E-002 -0.99999999051582333     
   6.0000000000000005E-002  -1.0000000017583281     
   6.3333333333333339E-002  -1.0000000065186321     
   6.6666666666666666E-002  -1.0000000054092704     
   7.0000000000000007E-002  -1.0000000019219071     
   7.3333333333333334E-002 -0.99999999913379944     
   7.6666666666666675E-002 -0.99999999822426433     
   8.0000000000000002E-002 -0.99999999875400047     
   8.3333333333333343E-002 -0.99999999970511833     
   8.6666666666666670E-002  -1.0000000003344645     
   9.0000000000000011E-002  -1.0000000004530438     
   9.3333333333333338E-002  -1.0000000002550826     
   9.6666666666666679E-002  -1.0000000000152565     
  0.10000000000000001      -0.99999999989170218     
  0.10333333333333335      -0.99999999989482680     
  0.10666666666666667      -0.99999999995682998     
  0.11000000000000000       -1.0000000000110489     
  0.11333333333333334       -1.0000000000300793     
  0.11666666666666667       -1.0000000000213995     
  0.12000000000000001       -1.0000000000048028     
  0.12333333333333334      -0.99999999999428246     
  0.12666666666666668      -0.99999999999278788     
  0.13000000000000000      -0.99999999999626454     
  0.13333333333333333      -0.99999999999965450     
  0.13666666666666669       -1.0000000000000400     
  0.14000000000000001      -0.99999999999598710     
  0.14333333333333334      -0.99999999998394939     
  0.14666666666666667      -0.99999999995124900     
  0.15000000000000002      -0.99999999986051447     
  0.15333333333333335      -0.99999999961065300     
  0.15666666666666668      -0.99999999893798497     
  0.16000000000000000      -0.99999999717217880     
  0.16333333333333333      -0.99999999265106465     
  0.16666666666666669      -0.99999998135571311     
  0.17000000000000001      -0.99999995381095674     
  0.17333333333333334      -0.99999988823175257     
  0.17666666666666667      -0.99999973576619428     
  0.18000000000000002      -0.99999938955801004     
  0.18333333333333335      -0.99999862160287711     
  0.18666666666666668      -0.99999695730361060     
  0.19000000000000000      -0.99999343295228471     
  0.19333333333333336      -0.99998613963355254     
  0.19666666666666668      -0.99997138915381378     
  0.20000000000000001      -0.99994223172558150     
  0.20333333333333334      -0.99988589758688351     
  0.20666666666666669      -0.99977951259212905     
  0.21000000000000002      -0.99958314430154882     
  0.21333333333333335      -0.99922887868600208     
  0.21666666666666667      -0.99860424519798219     
  0.22000000000000000      -0.99752798162108436     
  0.22333333333333336      -0.99571600357765111     
  0.22666666666666668      -0.99273573303854346     
  0.23000000000000001      -0.98794792872883730     
  0.23333333333333334      -0.98043716452530527     
  0.23666666666666669      -0.96893539189880595     
  0.24000000000000002      -0.95174770346441995     
  0.24333333333333335      -0.92669525726276758     
  0.24666666666666667      -0.89109658346161402     
  0.25000000000000000      -0.84181378735482926     
  0.25333333333333335      -0.77539243964911686     
  0.25666666666666671      -0.68832071684518448     
  0.26000000000000001      -0.57742218856191596     
  0.26333333333333336      -0.44037597347800495     
  0.26666666666666666      -0.27632809260940416     
  0.27000000000000002       -8.6521850732726363E-002
  0.27333333333333337       0.12516054668181870     
  0.27666666666666667       0.35187862954224958     
  0.28000000000000003       0.58387465315548981     
  0.28333333333333333       0.80898653543905297     
  0.28666666666666668        1.0136814001648666     
  0.29000000000000004        1.1845620771729941     
  0.29333333333333333        1.3101830146609077     
  0.29666666666666669        1.3829008464680097     
  0.30000000000000004        1.4004092717007541     
  0.30333333333333334        1.3665981830214116     
  0.30666666666666670        1.2914530521308103     
  0.31000000000000000        1.1898728668764738     
  0.31333333333333335        1.0795088937253341     
  0.31666666666666671       0.97796410528360811     
  0.32000000000000001       0.89988210898273790     
  0.32333333333333336       0.85453510331089155     
  0.32666666666666666       0.84445471104329817     
  0.33000000000000002       0.86543697796355856     
  0.33333333333333337       0.90793659448365649     
  0.33666666666666667       0.95952495401918836     
  0.34000000000000002        1.0078168882017158     
  0.34333333333333338        1.0431533381188964     
  0.34666666666666668        1.0604024255507336     
  0.35000000000000003        1.0594926897242281     
  0.35333333333333333        1.0446475947184433     
  0.35666666666666669        1.0226434806125775     
  0.36000000000000004        1.0006574829217545     
  0.36333333333333334       0.98433649567143844     
  0.36666666666666670       0.97659126619279180     
  0.37000000000000005       0.97735211715336223     
  0.37333333333333335       0.98420927631735833     
  0.37666666666666671       0.99360555444898813     
  0.38000000000000000        1.0021292109237707     
  0.38333333333333336        1.0074949470513646     
  0.38666666666666671        1.0089685673399635     
  0.39000000000000001        1.0072128625117358     
  0.39333333333333337        1.0037253370829640     
  0.39666666666666667        1.0001403095579300     
  0.40000000000000002       0.99765782860434893     
  0.40333333333333338       0.99676259331115435     
  0.40666666666666668       0.99725936545430849     
  0.41000000000000003       0.99853391970371530     
  0.41333333333333339       0.99988965459136758     
  0.41666666666666669        1.0008192866817709     
  0.42000000000000004        1.0011303006794789     
  0.42333333333333334        1.0009182709070084     
  0.42666666666666669        1.0004410172455112     
  0.43000000000000005       0.99996990959421583     
  0.43333333333333335       0.99968210899640653     
  0.43666666666666670       0.99962327677592810     
  0.44000000000000000       0.99973377482256287     
  0.44333333333333336       0.99990806239555574     
  0.44666666666666671        1.0000527958896159     
  0.45000000000000001        1.0001203875593641     
  0.45333333333333337        1.0001122890835259     
  0.45666666666666672        1.0000607721675205     
  0.46000000000000002        1.0000041885509967     
  0.46333333333333337       0.99996848308234731     
  0.46666666666666667       0.99996071312871548     
  0.47000000000000003       0.99997312195674759     
  0.47333333333333338       0.99999218038740501     
  0.47666666666666668        1.0000067827893491     
  0.48000000000000004        1.0000122485172380     
  0.48333333333333334        1.0000098939024860     
  0.48666666666666669        1.0000040466461164     
  0.49000000000000005       0.99999885281190859     
  0.49333333333333335       0.99999643524358051     
  0.49666666666666670       0.99999673403893696     
  0.50000000000000000       0.99999843819460965     
  0.50333333333333341        1.0000001294812542     
  0.50666666666666671        1.0000010052451402     
  0.51000000000000001        1.0000010033074624     
  0.51333333333333342        1.0000005146817290     
  0.51666666666666672       0.99999999636891734     
  0.52000000000000002       0.99999971732895043     
  0.52333333333333332       0.99999970752154832     
  0.52666666666666673       0.99999984873676895     
  0.53000000000000003        1.0000000002622178     
  0.53333333333333333        1.0000000804007543     
  0.53666666666666674        1.0000000814939816     
  0.54000000000000004        1.0000000400966096     
  0.54333333333333333       0.99999999773745829     
  0.54666666666666675       0.99999997696742493     
  0.55000000000000004       0.99999997836166998     
  0.55333333333333334       0.99999999051582333     
  0.55666666666666675        1.0000000017583281     
  0.56000000000000005        1.0000000065186321     
  0.56333333333333335        1.0000000054092704     
  0.56666666666666665        1.0000000019219071     
  0.57000000000000006       0.99999999913379944     
  0.57333333333333336       0.99999999822426433     
  0.57666666666666666       0.99999999875400047     
  0.58000000000000007       0.99999999970511833     
  0.58333333333333337        1.0000000003344645     
  0.58666666666666667        1.0000000004530438     
  0.59000000000000008        1.0000000002550826     
  0.59333333333333338        1.0000000000152565     
  0.59666666666666668       0.99999999989170218     
  0.60000000000000009       0.99999999989482680     
  0.60333333333333339       0.99999999995682998     
  0.60666666666666669        1.0000000000110489     
  0.60999999999999999        1.0000000000300795     
  0.61333333333333340        1.0000000000214007     
  0.61666666666666670        1.0000000000048068     
  0.62000000000000000       0.99999999999429590     
  0.62333333333333341       0.99999999999283384     
  0.62666666666666671       0.99999999999641809     
  0.63000000000000000        1.0000000000001541     
  0.63333333333333341        1.0000000000016247     
  0.63666666666666671        1.0000000000008784     
  0.64000000000000001       0.99999999999864619     
  0.64333333333333342       0.99999999999425448     
  0.64666666666666672       0.99999999998311873     
  0.65000000000000002       0.99999999995133004     
  0.65333333333333332       0.99999999986095178     
  0.65666666666666673       0.99999999961097885     
  0.66000000000000003       0.99999999893805991     
  0.66333333333333333       0.99999999717209698     
  0.66666666666666674       0.99999999265096529     
  0.67000000000000004       0.99999998135566848     
  0.67333333333333334       0.99999995381096374     
  0.67666666666666675       0.99999988823177732     
  0.68000000000000005       0.99999973576621104     
  0.68333333333333335       0.99999938955801282     
  0.68666666666666676       0.99999862160287223     
  0.69000000000000006       0.99999695730360583     
  0.69333333333333336       0.99999343295228316     
  0.69666666666666666       0.99998613963355354     
  0.70000000000000007       0.99997138915381534     
  0.70333333333333337       0.99994223172558250     
  0.70666666666666667       0.99988589758688384     
  0.71000000000000008       0.99977951259212905     
  0.71333333333333337       0.99958314430154893     
  0.71666666666666667       0.99922887868600208     
  0.72000000000000008       0.99860424519798252     
  0.72333333333333338       0.99752798162108436     
  0.72666666666666668       0.99571600357765122     
  0.73000000000000009       0.99273573303854334     
  0.73333333333333339       0.98794792872883708     
  0.73666666666666669       0.98043716452530516     
  0.74000000000000010       0.96893539189880618     
  0.74333333333333340       0.95174770346442039     
  0.74666666666666670       0.92669525726276791     
  0.75000000000000000       0.89109658346161413     
  0.75333333333333341       0.84181378735482915     
  0.75666666666666671       0.77539243964911664     
  0.76000000000000001       0.68832071684518437     
  0.76333333333333342       0.57742218856191596     
  0.76666666666666672       0.44037597347800511     
  0.77000000000000002       0.27632809260940427     
  0.77333333333333343        8.6521850732726391E-002
  0.77666666666666673      -0.12516054668181870     
  0.78000000000000003      -0.35187862954224958     
  0.78333333333333344      -0.58387465315548981     
  0.78666666666666674      -0.80898653543905308     
  0.79000000000000004       -1.0136814001648666     
  0.79333333333333333       -1.1845620771729946     
  0.79666666666666675       -1.3101830146609077     
  0.80000000000000004       -1.3829008464680104     
  0.80333333333333334       -1.4004092717007546     
  0.80666666666666675       -1.3665981830214118     
  0.81000000000000005       -1.2914530521308101     
  0.81333333333333335       -1.1898728668764735     
  0.81666666666666676       -1.0795088937253339     
  0.82000000000000006      -0.97796410528360800     
  0.82333333333333336      -0.89988210898273802     
  0.82666666666666677      -0.85453510331089189     
  0.83000000000000007      -0.84445471104329861     
  0.83333333333333337      -0.86543697796355901     
  0.83666666666666667      -0.90793659448365671     
  0.84000000000000008      -0.95952495401918836     
  0.84333333333333338       -1.0078168882017158     
  0.84666666666666668       -1.0431533381188964     
  0.85000000000000009       -1.0604024255507336     
  0.85333333333333339       -1.0594926897242281     
  0.85666666666666669       -1.0446475947184433     
  0.86000000000000010       -1.0226434806125773     
  0.86333333333333340       -1.0006574829217540     
  0.86666666666666670      -0.98433649567143811     
  0.87000000000000011      -0.97659126619279157     
  0.87333333333333341      -0.97735211715336212     
  0.87666666666666671      -0.98420927631735844     
  0.88000000000000000      -0.99360555444898813     
  0.88333333333333341       -1.0021292109237705     
  0.88666666666666671       -1.0074949470513646     
  0.89000000000000001       -1.0089685673399635     
  0.89333333333333342       -1.0072128625117358     
  0.89666666666666672       -1.0037253370829640     
  0.90000000000000002       -1.0001403095579300     
  0.90333333333333343      -0.99765782860434893     
  0.90666666666666673      -0.99676259331115435     
  0.91000000000000003      -0.99725936545430849     
  0.91333333333333344      -0.99853391970371530     
  0.91666666666666674      -0.99988965459136758     
  0.92000000000000004       -1.0008192866817709     
  0.92333333333333334       -1.0011303006794789     
  0.92666666666666675       -1.0009182709070084     
  0.93000000000000005       -1.0004410172455112     
  0.93333333333333335      -0.99996990959421583     
  0.93666666666666676      -0.99968210899640653     
  0.94000000000000006      -0.99962327677592810     
  0.94333333333333336      -0.99973377482256287     
  0.94666666666666677      -0.99990806239555574     
  0.95000000000000007       -1.0000527958896159     
  0.95333333333333337       -1.0001203875593641     
  0.95666666666666678       -1.0001122890835259     
  0.96000000000000008       -1.0000607721675205     
  0.96333333333333337       -1.0000041885509967     
  0.96666666666666667      -0.99996848308234731     
  0.97000000000000008      -0.99996071312871548     
  0.97333333333333338      -0.99997312195674759     
  0.97666666666666668      -0.99999218038740501     
  0.98000000000000009       -1.0000067827893491     
  0.98333333333333339       -1.0000122485172380     
  0.98666666666666669       -1.0000098939024860     
  0.99000000000000010       -1.0000040466461164     
  0.99333333333333340      -0.99999885281190859     
  0.99666666666666670      -0.99999643524358051     
