   0.0000000000000000      -0.99999999850490395     
   3.3333333333333335E-003 -0.99999996138290470     
   6.6666666666666671E-003 -0.99999949896592866     
   1.0000000000000000E-002 -0.99999565845998584     
   1.3333333333333334E-002 -0.99997180332880620     
   1.6666666666666666E-002 -0.99985391671716251     
   2.0000000000000000E-002 -0.99937238577759546     
   2.3333333333333334E-002 -0.99770456366763538     
   2.6666666666666668E-002 -0.99271794501917054     
   3.0000000000000002E-002 -0.97968158191948806     
   3.3333333333333333E-002 -0.94960829434115079     
   3.6666666666666667E-002 -0.88800231152493003     
   4.0000000000000001E-002 -0.77550034086837394     
   4.3333333333333335E-002 -0.59208461088341002     
   4.6666666666666669E-002 -0.32543486909413416     
   5.0000000000000003E-002   1.8639949912967912E-002
   5.3333333333333337E-002  0.40878066297959581     
   5.6666666666666671E-002  0.78984581488199723     
   6.0000000000000005E-002   1.0970822833457394     
   6.3333333333333339E-002   1.2791899267586875     
   6.6666666666666666E-002   1.3199486822678774     
   7.0000000000000007E-002   1.2463246964816128     
   7.3333333333333334E-002   1.1169961801992041     
   7.6666666666666675E-002  0.99627182844150353     
   8.0000000000000002E-002  0.92726729171666156     
   8.3333333333333343E-002  0.91854034114175220     
   8.6666666666666670E-002  0.94967207089046646     
   9.0000000000000011E-002  0.98965763767863191     
   9.3333333333333338E-002   1.0154946596949732     
   9.6666666666666679E-002   1.0207915100772535     
  0.10000000000000001        1.0125505478055610     
  0.10333333333333335        1.0018154493256781     
  0.10666666666666667       0.99577779844848247     
  0.11000000000000000       0.99543954628240239     
  0.11333333333333334       0.99797070474490357     
  0.11666666666666667        1.0002936319206663     
  0.12000000000000001        1.0010979549624062     
  0.12333333333333334        1.0007392673887379     
  0.12666666666666668        1.0001185849101770     
  0.13000000000000000       0.99979517698335185     
  0.13333333333333333       0.99980671440355684     
  0.13666666666666669       0.99994233182806824     
  0.14000000000000001        1.0000323980397516     
  0.14333333333333334        1.0000423760669221     
  0.14666666666666667        1.0000157830099412     
  0.15000000000000002       0.99999513846518584     
  0.15333333333333335       0.99999164625566694     
  0.15666666666666668       0.99999666293700917     
  0.16000000000000000        1.0000008103554623     
  0.16333333333333333        1.0000015307396586     
  0.16666666666666669        1.0000005841117683     
  0.17000000000000001       0.99999983772620171     
  0.17333333333333334       0.99999973774271034     
  0.17666666666666667       0.99999991545809508     
  0.18000000000000002        1.0000000351971927     
  0.18333333333333335        1.0000000413245458     
  0.18666666666666668        1.0000000094107306     
  0.19000000000000000       0.99999999279203433     
  0.19333333333333336       0.99999999421463015     
  0.19666666666666668       0.99999999943107332     
  0.20000000000000001        1.0000000012911128     
  0.20333333333333334        1.0000000006794543     
  0.20666666666666669       0.99999999994161659     
  0.21000000000000002       0.99999999980596788     
  0.21333333333333335       0.99999999994073252     
  0.21666666666666667        1.0000000000254339     
  0.22000000000000000        1.0000000000234035     
  0.22333333333333336        1.0000000000021874     
  0.22666666666666668       0.99999999999529388     
  0.23000000000000001       0.99999999999793632     
  0.23333333333333334        1.0000000000003975     
  0.23666666666666669        1.0000000000005840     
  0.24000000000000002        1.0000000000000910     
  0.24333333333333335       0.99999999999990075     
  0.24666666666666667       0.99999999999995193     
  0.25000000000000000        1.0000000000000071     
  0.25333333333333335        1.0000000000000118     
  0.25666666666666671        1.0000000000000016     
  0.26000000000000001       0.99999999999999789     
  0.26333333333333336       0.99999999999999911     
  0.26666666666666666        1.0000000000000002     
  0.27000000000000002        1.0000000000000002     
  0.27333333333333337        1.0000000000000000     
  0.27666666666666667        1.0000000000000000     
  0.28000000000000003        1.0000000000000000     
  0.28333333333333333       0.99999999999999989     
  0.28666666666666668        1.0000000000000000     
  0.29000000000000004        1.0000000000000000     
  0.29333333333333333        1.0000000000000000     
  0.29666666666666669        1.0000000000000000     
  0.30000000000000004        1.0000000000000000     
  0.30333333333333334        1.0000000000000000     
  0.30666666666666670        1.0000000000000000     
  0.31000000000000000        1.0000000000000000     
  0.31333333333333335        1.0000000000000000     
  0.31666666666666671        1.0000000000000000     
  0.32000000000000001        1.0000000000000000     
  0.32333333333333336        1.0000000000000000     
  0.32666666666666666        1.0000000000000000     
  0.33000000000000002        1.0000000000000000     
  0.33333333333333337        1.0000000000000000     
  0.33666666666666667        1.0000000000000000     
  0.34000000000000002        1.0000000000000000     
  0.34333333333333338        1.0000000000000000     
  0.34666666666666668        1.0000000000000000     
  0.35000000000000003        1.0000000000000000     
  0.35333333333333333        1.0000000000000000     
  0.35666666666666669        1.0000000000000000     
  0.36000000000000004        1.0000000000000000     
  0.36333333333333334        1.0000000000000000     
  0.36666666666666670        1.0000000000000000     
  0.37000000000000005        1.0000000000000000     
  0.37333333333333335        1.0000000000000000     
  0.37666666666666671        1.0000000000000000     
  0.38000000000000000        1.0000000000000000     
  0.38333333333333336        1.0000000000000000     
  0.38666666666666671        1.0000000000000000     
  0.39000000000000001        1.0000000000000000     
  0.39333333333333337        1.0000000000000000     
  0.39666666666666667        1.0000000000000000     
  0.40000000000000002        1.0000000000000000     
  0.40333333333333338        1.0000000000000000     
  0.40666666666666668        1.0000000000000000     
  0.41000000000000003        1.0000000000000000     
  0.41333333333333339        1.0000000000000000     
  0.41666666666666669        1.0000000000000000     
  0.42000000000000004        1.0000000000000000     
  0.42333333333333334        1.0000000000000000     
  0.42666666666666669        1.0000000000000000     
  0.43000000000000005        1.0000000000000000     
  0.43333333333333335        1.0000000000000000     
  0.43666666666666670        1.0000000000000000     
  0.44000000000000000        1.0000000000000000     
  0.44333333333333336        1.0000000000000000     
  0.44666666666666671        1.0000000000000000     
  0.45000000000000001        1.0000000000000000     
  0.45333333333333337        1.0000000000000000     
  0.45666666666666672        1.0000000000000000     
  0.46000000000000002        1.0000000000000000     
  0.46333333333333337        1.0000000000000000     
  0.46666666666666667        1.0000000000000000     
  0.47000000000000003        1.0000000000000000     
  0.47333333333333338        1.0000000000000000     
  0.47666666666666668        1.0000000000000000     
  0.48000000000000004        1.0000000000000000     
  0.48333333333333334        1.0000000000000000     
  0.48666666666666669        1.0000000000000000     
  0.49000000000000005        1.0000000000000000     
  0.49333333333333335        1.0000000000000000     
  0.49666666666666670        1.0000000000000000     
  0.50000000000000000        1.0000000000000000     
  0.50333333333333341       0.99999999850490395     
  0.50666666666666671       0.99999996138290470     
  0.51000000000000001       0.99999949896592866     
  0.51333333333333342       0.99999565845998584     
  0.51666666666666672       0.99997180332880620     
  0.52000000000000002       0.99985391671716251     
  0.52333333333333332       0.99937238577759546     
  0.52666666666666673       0.99770456366763538     
  0.53000000000000003       0.99271794501917054     
  0.53333333333333333       0.97968158191948806     
  0.53666666666666674       0.94960829434115079     
  0.54000000000000004       0.88800231152493003     
  0.54333333333333333       0.77550034086837394     
  0.54666666666666675       0.59208461088341002     
  0.55000000000000004       0.32543486909413416     
  0.55333333333333334       -1.8639949912967912E-002
  0.55666666666666675      -0.40878066297959581     
  0.56000000000000005      -0.78984581488199723     
  0.56333333333333335       -1.0970822833457394     
  0.56666666666666665       -1.2791899267586875     
  0.57000000000000006       -1.3199486822678774     
  0.57333333333333336       -1.2463246964816128     
  0.57666666666666666       -1.1169961801992041     
  0.58000000000000007      -0.99627182844150353     
  0.58333333333333337      -0.92726729171666156     
  0.58666666666666667      -0.91854034114175220     
  0.59000000000000008      -0.94967207089046646     
  0.59333333333333338      -0.98965763767863191     
  0.59666666666666668       -1.0154946596949732     
  0.60000000000000009       -1.0207915100772535     
  0.60333333333333339       -1.0125505478055610     
  0.60666666666666669       -1.0018154493256781     
  0.60999999999999999      -0.99577779844848247     
  0.61333333333333340      -0.99543954628240239     
  0.61666666666666670      -0.99797070474490357     
  0.62000000000000000       -1.0002936319206663     
  0.62333333333333341       -1.0010979549624062     
  0.62666666666666671       -1.0007392673887379     
  0.63000000000000000       -1.0001185849101770     
  0.63333333333333341      -0.99979517698335185     
  0.63666666666666671      -0.99980671440355684     
  0.64000000000000001      -0.99994233182806824     
  0.64333333333333342       -1.0000323980397516     
  0.64666666666666672       -1.0000423760669221     
  0.65000000000000002       -1.0000157830099412     
  0.65333333333333332      -0.99999513846518584     
  0.65666666666666673      -0.99999164625566694     
  0.66000000000000003      -0.99999666293700917     
  0.66333333333333333       -1.0000008103554623     
  0.66666666666666674       -1.0000015307396586     
  0.67000000000000004       -1.0000005841117683     
  0.67333333333333334      -0.99999983772620171     
  0.67666666666666675      -0.99999973774271034     
  0.68000000000000005      -0.99999991545809508     
  0.68333333333333335       -1.0000000351971927     
  0.68666666666666676       -1.0000000413245458     
  0.69000000000000006       -1.0000000094107306     
  0.69333333333333336      -0.99999999279203433     
  0.69666666666666666      -0.99999999421463015     
  0.70000000000000007      -0.99999999943107332     
  0.70333333333333337       -1.0000000012911128     
  0.70666666666666667       -1.0000000006794543     
  0.71000000000000008      -0.99999999994161659     
  0.71333333333333337      -0.99999999980596788     
  0.71666666666666667      -0.99999999994073252     
  0.72000000000000008       -1.0000000000254339     
  0.72333333333333338       -1.0000000000234035     
  0.72666666666666668       -1.0000000000021874     
  0.73000000000000009      -0.99999999999529388     
  0.73333333333333339      -0.99999999999793632     
  0.73666666666666669       -1.0000000000003975     
  0.74000000000000010       -1.0000000000005840     
  0.74333333333333340       -1.0000000000000910     
  0.74666666666666670      -0.99999999999990075     
  0.75000000000000000      -0.99999999999995193     
  0.75333333333333341       -1.0000000000000071     
  0.75666666666666671       -1.0000000000000118     
  0.76000000000000001       -1.0000000000000016     
  0.76333333333333342      -0.99999999999999789     
  0.76666666666666672      -0.99999999999999911     
  0.77000000000000002       -1.0000000000000002     
  0.77333333333333343       -1.0000000000000002     
  0.77666666666666673       -1.0000000000000000     
  0.78000000000000003       -1.0000000000000000     
  0.78333333333333344       -1.0000000000000000     
  0.78666666666666674      -0.99999999999999989     
  0.79000000000000004       -1.0000000000000000     
  0.79333333333333333       -1.0000000000000000     
  0.79666666666666675       -1.0000000000000000     
  0.80000000000000004       -1.0000000000000000     
  0.80333333333333334       -1.0000000000000000     
  0.80666666666666675       -1.0000000000000000     
  0.81000000000000005       -1.0000000000000000     
  0.81333333333333335       -1.0000000000000000     
  0.81666666666666676       -1.0000000000000000     
  0.82000000000000006       -1.0000000000000000     
  0.82333333333333336       -1.0000000000000000     
  0.82666666666666677       -1.0000000000000000     
  0.83000000000000007       -1.0000000000000000     
  0.83333333333333337       -1.0000000000000000     
  0.83666666666666667       -1.0000000000000000     
  0.84000000000000008       -1.0000000000000000     
  0.84333333333333338       -1.0000000000000000     
  0.84666666666666668       -1.0000000000000000     
  0.85000000000000009       -1.0000000000000000     
  0.85333333333333339       -1.0000000000000000     
  0.85666666666666669       -1.0000000000000000     
  0.86000000000000010       -1.0000000000000000     
  0.86333333333333340       -1.0000000000000000     
  0.86666666666666670       -1.0000000000000000     
  0.87000000000000011       -1.0000000000000000     
  0.87333333333333341       -1.0000000000000000     
  0.87666666666666671       -1.0000000000000000     
  0.88000000000000000       -1.0000000000000000     
  0.88333333333333341       -1.0000000000000000     
  0.88666666666666671       -1.0000000000000000     
  0.89000000000000001       -1.0000000000000000     
  0.89333333333333342       -1.0000000000000000     
  0.89666666666666672       -1.0000000000000000     
  0.90000000000000002       -1.0000000000000000     
  0.90333333333333343       -1.0000000000000000     
  0.90666666666666673       -1.0000000000000000     
  0.91000000000000003       -1.0000000000000000     
  0.91333333333333344       -1.0000000000000000     
  0.91666666666666674       -1.0000000000000000     
  0.92000000000000004       -1.0000000000000000     
  0.92333333333333334       -1.0000000000000000     
  0.92666666666666675       -1.0000000000000000     
  0.93000000000000005       -1.0000000000000000     
  0.93333333333333335       -1.0000000000000000     
  0.93666666666666676       -1.0000000000000000     
  0.94000000000000006       -1.0000000000000000     
  0.94333333333333336       -1.0000000000000000     
  0.94666666666666677       -1.0000000000000000     
  0.95000000000000007       -1.0000000000000000     
  0.95333333333333337       -1.0000000000000000     
  0.95666666666666678       -1.0000000000000000     
  0.96000000000000008       -1.0000000000000000     
  0.96333333333333337       -1.0000000000000000     
  0.96666666666666667       -1.0000000000000000     
  0.97000000000000008       -1.0000000000000000     
  0.97333333333333338       -1.0000000000000000     
  0.97666666666666668       -1.0000000000000000     
  0.98000000000000009       -1.0000000000000000     
  0.98333333333333339       -1.0000000000000000     
  0.98666666666666669       -1.0000000000000000     
  0.99000000000000010       -1.0000000000000000     
  0.99333333333333340       -1.0000000000000000     
  0.99666666666666670       -1.0000000000000000     
