   0.0000000000000000       -1.0507630105307295     
   3.3333333333333335E-003  -1.1941828129395382     
   6.6666666666666671E-003  -1.3064979462836794     
   1.0000000000000000E-002  -1.3824489858846480     
   1.3333333333333334E-002  -1.4191569295720217     
   1.6666666666666666E-002  -1.4166579904147436     
   2.0000000000000000E-002  -1.3781636640768073     
   2.3333333333333334E-002  -1.3099681407618964     
   2.6666666666666668E-002  -1.2209667043219261     
   3.0000000000000002E-002  -1.1218041792949807     
   3.3333333333333333E-002  -1.0237339988472978     
   3.6666666666666667E-002 -0.93732551213618853     
   4.0000000000000001E-002 -0.87119807411521166     
   4.3333333333333335E-002 -0.83097485768013668     
   4.6666666666666669E-002 -0.81863056822658831     
   5.0000000000000003E-002 -0.83235460449618137     
   5.3333333333333337E-002 -0.86697101201032711     
   5.6666666666666671E-002 -0.91486181454552939     
   6.0000000000000005E-002 -0.96724866469911097     
   6.3333333333333339E-002  -1.0156181663383141     
   6.6666666666666666E-002  -1.0530446929484645     
   7.0000000000000007E-002  -1.0751801074616740     
   7.3333333333333334E-002  -1.0807417943488289     
   7.6666666666666675E-002  -1.0714277329989537     
   8.0000000000000002E-002  -1.0513002657341530     
   8.3333333333333343E-002  -1.0257845664600627     
   8.6666666666666670E-002  -1.0005005072691537     
   9.0000000000000011E-002 -0.98017129794058944     
   9.3333333333333338E-002 -0.96782357290310983     
   9.6666666666666679E-002 -0.96441877588174829     
  0.10000000000000001      -0.96895304620601019     
  0.10333333333333335      -0.97895720081894977     
  0.10666666666666667      -0.99124494868523549     
  0.11000000000000000       -1.0027151147218993     
  0.11333333333333334       -1.0110203722831250     
  0.11666666666666667       -1.0149660033209627     
  0.12000000000000001       -1.0145816605878104     
  0.12333333333333334       -1.0108947325760620     
  0.12666666666666668       -1.0055033387849788     
  0.13000000000000000       -1.0000838042782032     
  0.13333333333333333      -0.99596534052059471     
  0.13666666666666669      -0.99386834693824111     
  0.14000000000000001      -0.99384587554436299     
  0.14333333333333334      -0.99540826259332960     
  0.14666666666666667      -0.99776538624511002     
  0.15000000000000002       -1.0001002178588791     
  0.15333333333333335       -1.0017936685393720     
  0.15666666666666668       -1.0025484387843793     
  0.16000000000000000       -1.0023974642027345     
  0.16333333333333333       -1.0016180183290955     
  0.16666666666666669       -1.0005955742093970     
  0.17000000000000001      -0.99968740388998345     
  0.17333333333333334      -0.99912583694602020     
  0.17666666666666667      -0.99898101307367504     
  0.18000000000000002      -0.99918085023133618     
  0.18333333333333335      -0.99956903218470572     
  0.18666666666666668      -0.99997436949949248     
  0.19000000000000000       -1.0002673640255446     
  0.19333333333333336       -1.0003893873699605     
  0.19666666666666668       -1.0003519976202808     
  0.20000000000000001       -1.0002140879072186     
  0.20333333333333334       -1.0000498761797629     
  0.20666666666666669      -0.99992053272474413     
  0.21000000000000002      -0.99985783146274199     
  0.21333333333333335      -0.99986206452839355     
  0.21666666666666667      -0.99991107814515923     
  0.22000000000000000      -0.99997433333149699     
  0.22333333333333336       -1.0000257951754983     
  0.22666666666666668       -1.0000515327403623     
  0.23000000000000001       -1.0000508849302971     
  0.23333333333333334       -1.0000326303468832     
  0.23666666666666669       -1.0000089691538030     
  0.24000000000000002      -0.99999010956779155     
  0.24333333333333335      -0.99998122903244346     
  0.24666666666666667      -0.99998219987009185     
  0.25000000000000000      -0.99998933992107697     
  0.25333333333333335      -0.99999792033100909     
  0.25666666666666671       -1.0000042628011778     
  0.26000000000000001       -1.0000067688075371     
  0.26333333333333336       -1.0000058300676473     
  0.26666666666666666       -1.0000030118663814     
  0.27000000000000002       -1.0000000569558114     
  0.27333333333333337      -0.99999815316757079     
  0.27666666666666667      -0.99999766297833925     
  0.28000000000000003      -0.99999826780642509     
  0.28333333333333333      -0.99999933138540176     
  0.28666666666666668       -1.0000002639479038     
  0.29000000000000004       -1.0000007412794782     
  0.29333333333333333       -1.0000007402255200     
  0.29666666666666669       -1.0000004397415412     
  0.30000000000000004       -1.0000000747352564     
  0.30333333333333334      -0.99999981930701021     
  0.30666666666666670      -0.99999973723077185     
  0.31000000000000000      -0.99999979627797153     
  0.31333333333333335      -0.99999991744150130     
  0.31666666666666671       -1.0000000256980366     
  0.32000000000000001       -1.0000000802451123     
  0.32333333333333336       -1.0000000788650112     
  0.32666666666666666       -1.0000000441087307     
  0.33000000000000002       -1.0000000040147297     
  0.33333333333333337      -0.99999997774797000     
  0.33666666666666667      -0.99999997051732203     
  0.34000000000000002      -0.99999997638299232     
  0.34333333333333338      -0.99999998452114225     
  0.34666666666666668      -0.99999998449905769     
  0.35000000000000003      -0.99999996795745161     
  0.35333333333333333      -0.99999992617336309     
  0.35666666666666669      -0.99999984408418163     
  0.36000000000000004      -0.99999969105493891     
  0.36333333333333334      -0.99999940714334568     
  0.36666666666666670      -0.99999888123000513     
  0.37000000000000005      -0.99999791429273954     
  0.37333333333333335      -0.99999615703378530     
  0.37666666666666671      -0.99999300527254353     
  0.38000000000000000      -0.99998742788198236     
  0.38333333333333336      -0.99997768920944929     
  0.38666666666666671      -0.99996090935018234     
  0.39000000000000001      -0.99993237969673598     
  0.39333333333333337      -0.99988451624022678     
  0.39666666666666667      -0.99980528778432642     
  0.40000000000000002      -0.99967589993719341     
  0.40333333333333338      -0.99946744938933119     
  0.40666666666666668      -0.99913619010912458     
  0.41000000000000003      -0.99861698122045939     
  0.41333333333333339      -0.99781442849291402     
  0.41666666666666669      -0.99659120751307351     
  0.42000000000000004      -0.99475309449221505     
  0.42333333333333334      -0.99203036576858850     
  0.42666666666666669      -0.98805550058490033     
  0.43000000000000005      -0.98233757602334804     
  0.43333333333333335      -0.97423441365455243     
  0.43666666666666670      -0.96292444168996161     
  0.44000000000000000      -0.94738135797573408     
  0.44333333333333336      -0.92635595134534110     
  0.44666666666666671      -0.89837072833963461     
  0.45000000000000001      -0.86173408810957064     
  0.45333333333333337      -0.81458140152383185     
  0.45666666666666672      -0.75495013111732967     
  0.46000000000000002      -0.68089470494316406     
  0.46333333333333337      -0.59064390153609569     
  0.46666666666666667      -0.48279881933716373     
  0.47000000000000003      -0.35656313255528643     
  0.47333333333333338      -0.21198965497531486     
  0.47666666666666668       -5.0219034547886406E-002
  0.48000000000000004       0.12632109499510277     
  0.48333333333333334       0.31379339490676761     
  0.48666666666666669       0.50694260177474848     
  0.49000000000000005       0.69923537376582057     
  0.49333333333333335       0.88317044961880975     
  0.49666666666666670        1.0507630105307355     
  0.50000000000000000        1.1941828129395482     
  0.50333333333333341        1.3064979462836857     
  0.50666666666666671        1.3824489858846489     
  0.51000000000000001        1.4191569295720190     
  0.51333333333333342        1.4166579904147405     
  0.51666666666666672        1.3781636640768054     
  0.52000000000000002        1.3099681407618957     
  0.52333333333333332        1.2209667043219268     
  0.52666666666666673        1.1218041792949813     
  0.53000000000000003        1.0237339988472980     
  0.53333333333333333       0.93732551213618853     
  0.53666666666666674       0.87119807411521177     
  0.54000000000000004       0.83097485768013679     
  0.54333333333333333       0.81863056822658820     
  0.54666666666666675       0.83235460449618137     
  0.55000000000000004       0.86697101201032689     
  0.55333333333333334       0.91486181454552917     
  0.55666666666666675       0.96724866469911097     
  0.56000000000000005        1.0156181663383141     
  0.56333333333333335        1.0530446929484647     
  0.56666666666666665        1.0751801074616747     
  0.57000000000000006        1.0807417943488298     
  0.57333333333333336        1.0714277329989548     
  0.57666666666666666        1.0513002657341541     
  0.58000000000000007        1.0257845664600638     
  0.58333333333333337        1.0005005072691544     
  0.58666666666666667       0.98017129794058977     
  0.59000000000000008       0.96782357290310994     
  0.59333333333333338       0.96441877588174807     
  0.59666666666666668       0.96895304620600975     
  0.60000000000000009       0.97895720081894921     
  0.60333333333333339       0.99124494868523483     
  0.60666666666666669        1.0027151147218987     
  0.60999999999999999        1.0110203722831244     
  0.61333333333333340        1.0149660033209618     
  0.61666666666666670        1.0145816605878093     
  0.62000000000000000        1.0108947325760613     
  0.62333333333333341        1.0055033387849781     
  0.62666666666666671        1.0000838042782028     
  0.63000000000000000       0.99596534052059427     
  0.63333333333333341       0.99386834693824089     
  0.63666666666666671       0.99384587554436288     
  0.64000000000000001       0.99540826259332971     
  0.64333333333333342       0.99776538624511046     
  0.64666666666666672        1.0001002178588796     
  0.65000000000000002        1.0017936685393725     
  0.65333333333333332        1.0025484387843799     
  0.65666666666666673        1.0023974642027351     
  0.66000000000000003        1.0016180183290959     
  0.66333333333333333        1.0005955742093970     
  0.66666666666666674       0.99968740388998334     
  0.67000000000000004       0.99912583694601997     
  0.67333333333333334       0.99898101307367493     
  0.67666666666666675       0.99918085023133607     
  0.68000000000000005       0.99956903218470583     
  0.68333333333333335       0.99997436949949237     
  0.68666666666666676        1.0002673640255446     
  0.69000000000000006        1.0003893873699605     
  0.69333333333333336        1.0003519976202808     
  0.69666666666666666        1.0002140879072186     
  0.70000000000000007        1.0000498761797629     
  0.70333333333333337       0.99992053272474390     
  0.70666666666666667       0.99985783146274132     
  0.71000000000000008       0.99986206452839299     
  0.71333333333333337       0.99991107814515856     
  0.71666666666666667       0.99997433333149610     
  0.72000000000000008        1.0000257951754976     
  0.72333333333333338        1.0000515327403618     
  0.72666666666666668        1.0000508849302965     
  0.73000000000000009        1.0000326303468832     
  0.73333333333333339        1.0000089691538032     
  0.73666666666666669       0.99999010956779200     
  0.74000000000000010       0.99998122903244402     
  0.74333333333333340       0.99998219987009251     
  0.74666666666666670       0.99998933992107752     
  0.75000000000000000       0.99999792033100987     
  0.75333333333333341        1.0000042628011785     
  0.75666666666666671        1.0000067688075376     
  0.76000000000000001        1.0000058300676480     
  0.76333333333333342        1.0000030118663821     
  0.76666666666666672        1.0000000569558118     
  0.77000000000000002       0.99999815316757101     
  0.77333333333333343       0.99999766297833981     
  0.77666666666666673       0.99999826780642587     
  0.78000000000000003       0.99999933138540376     
  0.78333333333333344        1.0000002639479093     
  0.78666666666666674        1.0000007412794929     
  0.79000000000000004        1.0000007402255586     
  0.79333333333333333        1.0000004397416375     
  0.79666666666666675        1.0000000747354927     
  0.80000000000000004       0.99999981930757920     
  0.80333333333333334       0.99999973723212254     
  0.80666666666666675       0.99999979628113655     
  0.81000000000000005       0.99999991744881889     
  0.81333333333333335        1.0000000257147299     
  0.81666666666666676        1.0000000802826878     
  0.82000000000000006        1.0000000789484726     
  0.82333333333333336        1.0000000442916686     
  0.82666666666666677        1.0000000044104398     
  0.83000000000000007       0.99999997859270962     
  0.83333333333333337       0.99999997229705795     
  0.83666666666666667       0.99999998008372926     
  0.84000000000000008       0.99999999211621682     
  0.84333333333333338       0.99999999988401789     
  0.84666666666666668       0.99999999871761414     
  0.85000000000000009       0.99999998687694336     
  0.85333333333333339       0.99999996232760213     
  0.85666666666666669       0.99999991839617319     
  0.86000000000000010       0.99999983858042985     
  0.86333333333333340       0.99999968938020767     
  0.86666666666666670       0.99999940845287516     
  0.87000000000000011       0.99999888365874745     
  0.87333333333333341       0.99999791624146606     
  0.87666666666666671       0.99999615780147055     
  0.88000000000000000       0.99999300500715105     
  0.88333333333333341       0.99998742715326838     
  0.88666666666666671       0.99997768856168978     
  0.89000000000000001       0.99996090905515356     
  0.89333333333333342       0.99993237974085580     
  0.89666666666666672       0.99988451645362419     
  0.90000000000000002       0.99980528798988755     
  0.90333333333333343       0.99967590003916551     
  0.90666666666666673       0.99946744938430010     
  0.91000000000000003       0.99913619004728227     
  0.91333333333333344       0.99861698115750697     
  0.91666666666666674       0.99781442846027557     
  0.92000000000000004       0.99659120751315922     
  0.92333333333333334       0.99475309451014238     
  0.92666666666666675       0.99203036578731540     
  0.93000000000000005       0.98805550059470559     
  0.93333333333333335       0.98233757602340677     
  0.93666666666666676       0.97423441364932462     
  0.94000000000000006       0.96292444168453573     
  0.94333333333333336       0.94738135797295719     
  0.94666666666666677       0.92635595134539495     
  0.95000000000000007       0.89837072834116816     
  0.95333333333333337       0.86173408811110164     
  0.95666666666666678       0.81458140152457226     
  0.96000000000000008       0.75495013111726983     
  0.96333333333333337       0.68089470494271476     
  0.96666666666666667       0.59064390153567670     
  0.97000000000000008       0.48279881933697988     
  0.97333333333333338       0.35656313255532157     
  0.97666666666666668       0.21198965497544511     
  0.98000000000000009        5.0219034547996880E-002
  0.98333333333333339      -0.12632109499506122     
  0.98666666666666669      -0.31379339490678371     
  0.99000000000000010      -0.50694260177478567     
  0.99333333333333340      -0.69923537376584877     
  0.99666666666666670      -0.88317044961881808     
