   0.0000000000000000       0.99999616350561393     
   3.3333333333333335E-003  0.99999345841793907     
   6.6666666666666671E-003  0.99998888283695653     
   1.0000000000000000E-002  0.99998125909647906     
   1.3333333333333334E-002  0.99996872602584164     
   1.6666666666666666E-002  0.99994836280288502     
   2.0000000000000000E-002  0.99991563526570526     
   2.3333333333333334E-002  0.99986359217006160     
   2.6666666666666668E-002  0.99978171305319785     
   3.0000000000000002E-002  0.99965427915190552     
   3.3333333333333333E-002  0.99945810507872956     
   3.6666666666666667E-002  0.99915943327215329     
   4.0000000000000001E-002  0.99870975859538980     
   4.3333333333333335E-002  0.99804032198686954     
   4.6666666666666669E-002  0.99705499763915173     
   5.0000000000000003E-002  0.99562130880367561     
   5.3333333333333337E-002  0.99355935710675258     
   5.6666666666666671E-002  0.99062855590989385     
   6.0000000000000005E-002  0.98651223774121177     
   6.3333333333333339E-002  0.98080047621854727     
   6.6666666666666666E-002  0.97297183694468736     
   7.0000000000000007E-002  0.96237525350459463     
   7.3333333333333334E-002  0.94821380342752171     
   7.6666666666666675E-002  0.92953280372032809     
   8.0000000000000002E-002  0.90521529891038532     
   8.3333333333333343E-002  0.87398858859646733     
   8.6666666666666670E-002  0.83444581731884260     
   9.0000000000000011E-002  0.78508668170503781     
   9.3333333333333338E-002  0.72438083830110300     
   9.6666666666666679E-002  0.65085646591350255     
  0.10000000000000001       0.56321452886557322     
  0.10333333333333335       0.46046655294887540     
  0.10666666666666667       0.34209022420343382     
  0.11000000000000000       0.20819305782942246     
  0.11333333333333334        5.9670136686248494E-002
  0.11666666666666667      -0.10166196407355937     
  0.12000000000000001      -0.27297577126023531     
  0.12333333333333334      -0.45040971446058187     
  0.12666666666666668      -0.62913121124249261     
  0.13000000000000000      -0.80350132244304551     
  0.13333333333333333      -0.96734802186658997     
  0.13666666666666669       -1.1143436440675090     
  0.14000000000000001       -1.2384681568407065     
  0.14333333333333334       -1.3345249894007376     
  0.14666666666666667       -1.3986622406689393     
  0.15000000000000002       -1.4288415789207272     
  0.15333333333333335       -1.4251924633148276     
  0.15666666666666668       -1.3901925395900452     
  0.16000000000000000       -1.3286274189860530     
  0.16333333333333333       -1.2473045061171022     
  0.16666666666666669       -1.1545245024031554     
  0.17000000000000001       -1.0593474603851019     
  0.17333333333333334      -0.97072320698470282     
  0.17666666666666667      -0.89658318754576383     
  0.18000000000000002      -0.84300694466911286     
  0.18333333333333335      -0.81357722844956759     
  0.18666666666666668      -0.80902088477792355     
  0.19000000000000000      -0.82719876002208970     
  0.19333333333333336      -0.86346063099977188     
  0.19666666666666668      -0.91132726833319211     
  0.20000000000000001      -0.96340984537984287     
  0.20333333333333334       -1.0124362839607886     
  0.20666666666666669       -1.0522328912835803     
  0.21000000000000002       -1.0785129982497770     
  0.21333333333333335       -1.0893532236471453     
  0.21666666666666667       -1.0852885885123276     
  0.22000000000000000       -1.0690216491016635     
  0.22333333333333336       -1.0448066593330745     
  0.22666666666666668       -1.0176251143676895     
  0.23000000000000001      -0.99230303983989709     
  0.23333333333333334      -0.97272618390470345     
  0.23666666666666669      -0.96128552324419736     
  0.24000000000000002      -0.95863695387621872     
  0.24333333333333335      -0.96379566332792721     
  0.24666666666666667      -0.97452059004949265     
  0.25000000000000000      -0.98789100143108799     
  0.25333333333333335       -1.0009463286973921     
  0.25666666666666671       -1.0112576695469715     
  0.26000000000000001       -1.0173241617970332     
  0.26333333333333336       -1.0187330067969589     
  0.26666666666666666       -1.0160771376520501     
  0.27000000000000002       -1.0106765572601375     
  0.27333333333333337       -1.0041867802979971     
  0.27666666666666667      -0.99819321946305128     
  0.28000000000000003      -0.99388200784906822     
  0.28333333333333333      -0.99184964564380806     
  0.28666666666666668      -0.99207442615788655     
  0.29000000000000004      -0.99403231097392475     
  0.29333333333333333      -0.99690855412573298     
  0.29666666666666669      -0.99984057331324916     
  0.30000000000000004       -1.0021294393386948     
  0.30333333333333334       -1.0033743303378000     
  0.30666666666666670       -1.0035102335021417     
  0.31000000000000000       -1.0027563291359234     
  0.31333333333333335       -1.0015037273375524     
  0.31666666666666671       -1.0001818593086740     
  0.32000000000000001      -0.99914158897145011     
  0.32333333333333336      -0.99858209286577626     
  0.32666666666666666      -0.99853219970592200     
  0.33000000000000002      -0.99888044609854010     
  0.33333333333333337      -0.99943609110126230     
  0.33666666666666667      -0.99999831793738003     
  0.34000000000000002       -1.0004130407489940     
  0.34333333333333338       -1.0006042559598591     
  0.34666666666666668       -1.0005766455670866     
  0.35000000000000003       -1.0003949460117514     
  0.35333333333333333       -1.0001510752330298     
  0.35666666666666669      -0.99993119800314811     
  0.36000000000000004      -0.99979229055842023     
  0.36333333333333334      -0.99975287223671638     
  0.36666666666666670      -0.99979732947814126     
  0.37000000000000005      -0.99988932182891810     
  0.37333333333333335      -0.99998805612174357     
  0.37666666666666671       -1.0000617916435020     
  0.38000000000000000       -1.0000951232223290     
  0.38333333333333336       -1.0000893445416819     
  0.38666666666666671       -1.0000575250879060     
  0.39000000000000001       -1.0000171972694274     
  0.39333333333333337      -0.99998358738737692     
  0.39666666666666667      -0.99996540999758099     
  0.40000000000000002      -0.99996390244982170     
  0.40333333333333338      -0.99997454775288908     
  0.40666666666666668      -0.99999019692921276     
  0.41000000000000003       -1.0000041802697379     
  0.41333333333333339       -1.0000123773230258     
  0.41666666666666669       -1.0000138426398864     
  0.42000000000000004       -1.0000101819950382     
  0.42333333333333334       -1.0000042452212741     
  0.42666666666666669      -0.99999877834326323     
  0.43000000000000005      -0.99999551106032392     
  0.43333333333333335      -0.99999486922098291     
  0.43666666666666670      -0.99999622891730366     
  0.44000000000000000      -0.99999846214913624     
  0.44333333333333336       -1.0000004935942635     
  0.44666666666666671       -1.0000016666550555     
  0.45000000000000001       -1.0000018454494799     
  0.45333333333333337       -1.0000012968847936     
  0.45666666666666672       -1.0000004636446465     
  0.46000000000000002      -0.99999974507358824     
  0.46333333333333337      -0.99999936403892742     
  0.46666666666666667      -0.99999934169668880     
  0.47000000000000003      -0.99999955484035852     
  0.47333333333333338      -0.99999982723991532     
  0.47666666666666668       -1.0000000085473730     
  0.48000000000000004       -1.0000000132247502     
  0.48333333333333334      -0.99999981497569423     
  0.48666666666666669      -0.99999940890959527     
  0.49000000000000005      -0.99999875922226900     
  0.49333333333333335      -0.99999774532033980     
  0.49666666666666670      -0.99999610838311037     
  0.50000000000000000      -0.99999338830817497     
  0.50333333333333341      -0.99998883109608638     
  0.50666666666666671      -0.99998123961245200     
  0.51000000000000001      -0.99996873465800951     
  0.51333333333333342      -0.99994838558559984     
  0.51666666666666672      -0.99991565765338331     
  0.52000000000000002      -0.99986360518084649     
  0.52333333333333332      -0.99978171490137213     
  0.52666666666666673      -0.99965427331965606     
  0.53000000000000003      -0.99945809691453646     
  0.53333333333333333      -0.99915942706785932     
  0.53666666666666674      -0.99870975618931268     
  0.54000000000000004      -0.99804032291855316     
  0.54333333333333333      -0.99705500021645865     
  0.54666666666666675      -0.99562131129023523     
  0.55000000000000004      -0.99355935847865307     
  0.55333333333333334      -0.99062855601946564     
  0.55666666666666675      -0.98651223704137936     
  0.56000000000000005      -0.98080047533366288     
  0.56333333333333335      -0.97297183633268292     
  0.56666666666666665      -0.96237525332273266     
  0.57000000000000006      -0.94821380358209162     
  0.57333333333333336      -0.92953280400722826     
  0.57666666666666666      -0.90521529914914689     
  0.58000000000000007      -0.87398858870083607     
  0.58333333333333337      -0.83444581729738443     
  0.58666666666666667      -0.78508668161910022     
  0.59000000000000008      -0.72438083821590760     
  0.59333333333333338      -0.65085646586716395     
  0.59666666666666668      -0.56321452886290468     
  0.60000000000000009      -0.46046655297284628     
  0.60333333333333339      -0.34209022423193003     
  0.60666666666666669      -0.20819305784747888     
  0.60999999999999999       -5.9670136689968310E-002
  0.61333333333333340       0.10166196407981415     
  0.61666666666666670       0.27297577126931827     
  0.62000000000000000       0.45040971446705669     
  0.62333333333333341       0.62913121124445193     
  0.62666666666666671       0.80350132244151362     
  0.63000000000000000       0.96734802186379565     
  0.63333333333333341        1.1143436440653198     
  0.63666666666666671        1.2384681568398976     
  0.64000000000000001        1.3345249894010918     
  0.64333333333333342        1.3986622406697777     
  0.64666666666666672        1.4288415789214359     
  0.65000000000000002        1.4251924633151223     
  0.65333333333333332        1.3901925395899670     
  0.65666666666666673        1.3286274189858052     
  0.66000000000000003        1.2473045061168806     
  0.66333333333333333        1.1545245024030564     
  0.66666666666666674        1.0593474603851190     
  0.67000000000000004       0.97072320698477566     
  0.67333333333333334       0.89658318754583144     
  0.67666666666666675       0.84300694466914450     
  0.68000000000000005       0.81357722844956382     
  0.68333333333333335       0.80902088477790246     
  0.68666666666666676       0.82719876002206971     
  0.69000000000000006       0.86346063099976245     
  0.69333333333333336       0.91132726833319289     
  0.69666666666666666       0.96340984537984875     
  0.70000000000000007        1.0124362839607939     
  0.70333333333333337        1.0522328912835828     
  0.70666666666666667        1.0785129982497768     
  0.71000000000000008        1.0893532236471437     
  0.71333333333333337        1.0852885885123265     
  0.71666666666666667        1.0690216491016633     
  0.72000000000000008        1.0448066593330751     
  0.72333333333333338        1.0176251143676904     
  0.72666666666666668       0.99230303983989787     
  0.73000000000000009       0.97272618390470389     
  0.73333333333333339       0.96128552324419736     
  0.73666666666666669       0.95863695387621828     
  0.74000000000000010       0.96379566332792621     
  0.74333333333333340       0.97452059004949132     
  0.74666666666666670       0.98789100143108644     
  0.75000000000000000        1.0009463286973905     
  0.75333333333333341        1.0112576695469699     
  0.75666666666666671        1.0173241617970317     
  0.76000000000000001        1.0187330067969578     
  0.76333333333333342        1.0160771376520492     
  0.76666666666666672        1.0106765572601373     
  0.77000000000000002        1.0041867802979971     
  0.77333333333333343       0.99819321946305140     
  0.77666666666666673       0.99388200784906844     
  0.78000000000000003       0.99184964564380840     
  0.78333333333333344       0.99207442615788688     
  0.78666666666666674       0.99403231097392497     
  0.79000000000000004       0.99690855412573343     
  0.79333333333333333       0.99984057331324960     
  0.79666666666666675        1.0021294393386952     
  0.80000000000000004        1.0033743303378004     
  0.80333333333333334        1.0035102335021420     
  0.80666666666666675        1.0027563291359234     
  0.81000000000000005        1.0015037273375522     
  0.81333333333333335        1.0001818593086738     
  0.81666666666666676       0.99914158897144956     
  0.82000000000000006       0.99858209286577559     
  0.82333333333333336       0.99853219970592144     
  0.82666666666666677       0.99888044609853943     
  0.83000000000000007       0.99943609110126175     
  0.83333333333333337       0.99999831793737948     
  0.83666666666666667        1.0004130407489935     
  0.84000000000000008        1.0006042559598589     
  0.84333333333333338        1.0005766455670866     
  0.84666666666666668        1.0003949460117514     
  0.85000000000000009        1.0001510752330296     
  0.85333333333333339       0.99993119800314756     
  0.85666666666666669       0.99979229055841956     
  0.86000000000000010       0.99975287223671572     
  0.86333333333333340       0.99979732947814093     
  0.86666666666666670       0.99988932182891799     
  0.87000000000000011       0.99998805612174368     
  0.87333333333333341        1.0000617916435024     
  0.87666666666666671        1.0000951232223296     
  0.88000000000000000        1.0000893445416827     
  0.88333333333333341        1.0000575250879074     
  0.88666666666666671        1.0000171972694294     
  0.89000000000000001       0.99998358738737925     
  0.89333333333333342       0.99996540999758454     
  0.89666666666666672       0.99996390244982847     
  0.90000000000000002       0.99997454775290318     
  0.90333333333333343       0.99999019692924385     
  0.90666666666666673        1.0000041802698072     
  0.91000000000000003        1.0000123773231793     
  0.91333333333333344        1.0000138426402236     
  0.91666666666666674        1.0000101819957716     
  0.92000000000000004        1.0000042452228546     
  0.92333333333333334       0.99999877834663498     
  0.92666666666666675       0.99999551106744178     
  0.93000000000000005       0.99999486923585568     
  0.93333333333333335       0.99999622894806273     
  0.93666666666666676       0.99999846221210076     
  0.94000000000000006        1.0000004937218394     
  0.94333333333333336        1.0000016669109117     
  0.94666666666666677        1.0000018459573836     
  0.95000000000000007        1.0000012978827901     
  0.95333333333333337        1.0000004655857140     
  0.95666666666666678       0.99999974881053333     
  0.96000000000000008       0.99999937116018323     
  0.96333333333333337       0.99999935512924265     
  0.96666666666666667       0.99999957991992316     
  0.97000000000000008       0.99999987358855358     
  0.97333333333333338        1.0000000933295476     
  0.97666666666666668        1.0000001667276264     
  0.98000000000000009        1.0000000900597612     
  0.98333333333333339       0.99999989682279400     
  0.98666666666666669       0.99999961574286145     
  0.99000000000000010       0.99999923344613295     
  0.99333333333333340       0.99999866717558339     
  0.99666666666666670       0.99999774251942364     
