   0.0000000000000000       -1.0000008114729537     
   3.3333333333333335E-003  -1.0000003530291175     
   6.6666666666666671E-003 -0.99999993072156457     
   1.0000000000000000E-002 -0.99999974006109049     
   1.3333333333333334E-002 -0.99999977047259492     
   1.6666666666666666E-002 -0.99999990359166024     
   2.0000000000000000E-002  -1.0000000229673434     
   2.3333333333333334E-002  -1.0000000733656680     
   2.6666666666666668E-002  -1.0000000612917292     
   3.0000000000000002E-002  -1.0000000229178028     
   3.3333333333333333E-002 -0.99999999113500837     
   3.6666666666666667E-002 -0.99999997963595677     
   4.0000000000000001E-002 -0.99999998469658702     
   4.3333333333333335E-002 -0.99999999548725571     
   4.6666666666666669E-002  -1.0000000033445191     
   5.0000000000000003E-002  -1.0000000054413427     
   5.3333333333333337E-002  -1.0000000034979497     
   5.6666666666666671E-002  -1.0000000006094480     
   6.0000000000000005E-002 -0.99999999885364454     
   6.3333333333333339E-002 -0.99999999863629296     
   6.6666666666666666E-002 -0.99999999929614514     
   7.0000000000000007E-002  -1.0000000000120897     
   7.3333333333333334E-002  -1.0000000003491749     
   7.6666666666666675E-002  -1.0000000003110157     
   8.0000000000000002E-002  -1.0000000001144516     
   8.3333333333333343E-002 -0.99999999995549005     
   8.6666666666666670E-002 -0.99999999990651067     
   9.0000000000000011E-002 -0.99999999993806399     
   9.3333333333333338E-002 -0.99999999998902900     
   9.6666666666666679E-002  -1.0000000000190949     
  0.10000000000000001       -1.0000000000216571     
  0.10333333333333335       -1.0000000000099596     
  0.10666666666666667      -0.99999999999867406     
  0.11000000000000000      -0.99999999999434486     
  0.11333333333333334      -0.99999999999579214     
  0.11666666666666667      -0.99999999999896871     
  0.12000000000000001       -1.0000000000009397     
  0.12333333333333334       -1.0000000000009808     
  0.12666666666666668      -0.99999999999953348     
  0.13000000000000000      -0.99999999999641431     
  0.13333333333333333      -0.99999999998863620     
  0.13666666666666669      -0.99999999996614575     
  0.14000000000000001      -0.99999999990034671     
  0.14333333333333334      -0.99999999971278619     
  0.14666666666666667      -0.99999999919315397     
  0.15000000000000002      -0.99999999779186000     
  0.15333333333333335      -0.99999999411061202     
  0.15666666666666668      -0.99999998468590967     
  0.16000000000000000      -0.99999996116386647     
  0.16333333333333333      -0.99999990391940685     
  0.16666666666666669      -0.99999976804102220     
  0.17000000000000001      -0.99999945339400353     
  0.17333333333333334      -0.99999874244087472     
  0.17666666666666667      -0.99999717467903304     
  0.18000000000000002      -0.99999380018594031     
  0.18333333333333335      -0.99998670957404612     
  0.18666666666666668      -0.99997216327025384     
  0.19000000000000000      -0.99994302580080441     
  0.19333333333333336      -0.99988603473171656     
  0.19666666666666668      -0.99977718389692383     
  0.20000000000000001      -0.99957416850288328     
  0.20333333333333334      -0.99920443565738137     
  0.20666666666666669      -0.99854695190003728     
  0.21000000000000002      -0.99740543746596522     
  0.21333333333333335      -0.99547069725317772     
  0.21666666666666667      -0.99227005847587846     
  0.22000000000000000      -0.98710313927016446     
  0.22333333333333336      -0.97896558684928436     
  0.22666666666666668      -0.96646633795252790     
  0.23000000000000001      -0.94774944615971646     
  0.23333333333333334      -0.92043824315849143     
  0.23666666666666669      -0.88162657295160518     
  0.24000000000000002      -0.82794730317474763     
  0.24333333333333335      -0.75574977882966787     
  0.24666666666666667      -0.66141242184302507     
  0.25000000000000000      -0.54180163593584785     
  0.25333333333333335      -0.39486217773998517     
  0.25666666666666671      -0.22028832126534983     
  0.26000000000000001       -2.0184129297610709E-002
  0.26333333333333336       0.20041645356462573     
  0.26666666666666666       0.43332136641967989     
  0.27000000000000002       0.66739016620050839     
  0.27333333333333337       0.88928420729834601     
  0.27666666666666667        1.0847750080378762     
  0.28000000000000003        1.2405106303523707     
  0.28333333333333333        1.3460094645255580     
  0.28666666666666668        1.3955393800511104     
  0.29000000000000004        1.3894838928958657     
  0.29333333333333333        1.3348265003395827     
  0.29666666666666669        1.2445134655625534     
  0.30000000000000004        1.1356718297544091     
  0.30333333333333334        1.0269219799993319     
  0.30666666666666670       0.93526850681965312     
  0.31000000000000000       0.87320774268778156     
  0.31333333333333335       0.84669781879919637     
  0.31666666666666671       0.85447519220029877     
  0.32000000000000001       0.88889671736872722     
  0.32333333333333336       0.93811196605996772     
  0.32666666666666666       0.98902952595114113     
  0.33000000000000002        1.0303353123019159     
  0.33333333333333337        1.0548176560300651     
  0.33666666666666667        1.0604603799181727     
  0.34000000000000002        1.0501223157461517     
  0.34333333333333338        1.0300210879150000     
  0.34666666666666668        1.0075571130427092     
  0.35000000000000003       0.98915424466840618     
  0.35333333333333333       0.97872008337513072     
  0.35666666666666669       0.97707751058915848     
  0.36000000000000004       0.98238321361618830     
  0.36333333333333334       0.99124540583201293     
  0.36666666666666670        1.0000785942294450     
  0.37000000000000005        1.0062321572303308     
  0.37333333333333335        1.0085809722902217     
  0.37666666666666671        1.0074981980043687     
  0.38000000000000000        1.0043505599686151     
  0.38333333333333336        1.0007895507596676     
  0.38666666666666671       0.99812490925426978     
  0.39000000000000001       0.99697598262404674     
  0.39333333333333337       0.99725438558654200     
  0.39666666666666667       0.99840024751665180     
  0.40000000000000002       0.99972101898547694     
  0.40333333333333338        1.0006817306719236     
  0.40666666666666668        1.0010525830520542     
  0.41000000000000003        1.0008986253882066     
  0.41333333333333339        1.0004609561042015     
  0.41666666666666669        1.0000072172135404     
  0.42000000000000004       0.99971902275524704     
  0.42333333333333334       0.99964950378337281     
  0.42666666666666669       0.99974600716909801     
  0.43000000000000005       0.99990795325218218     
  0.43333333333333335        1.0000447006174920     
  0.43666666666666670        1.0001094125843590     
  0.44000000000000000        1.0001027865974972     
  0.44333333333333336        1.0000553602930538     
  0.44666666666666671        1.0000034121073949     
  0.45000000000000001       0.99997115209050269     
  0.45333333333333337       0.99996474992153850     
  0.45666666666666672       0.99997655135897678     
  0.46000000000000002       0.99999385898338944     
  0.46333333333333337        1.0000066208664191     
  0.46666666666666667        1.0000109401365083     
  0.47000000000000003        1.0000083880630233     
  0.47333333333333338        1.0000030592586491     
  0.47666666666666668       0.99999862778905269     
  0.48000000000000004       0.99999679226392912     
  0.48333333333333334       0.99999729477815502     
  0.48666666666666669       0.99999886928619741     
  0.49000000000000005        1.0000002816543403     
  0.49333333333333335        1.0000009165701813     
  0.49666666666666670        1.0000008114729537     
  0.50000000000000000        1.0000003530291175     
  0.50333333333333341       0.99999993072156457     
  0.50666666666666671       0.99999974006109049     
  0.51000000000000001       0.99999977047259492     
  0.51333333333333342       0.99999990359166024     
  0.51666666666666672        1.0000000229673434     
  0.52000000000000002        1.0000000733656680     
  0.52333333333333332        1.0000000612917292     
  0.52666666666666673        1.0000000229178028     
  0.53000000000000003       0.99999999113500837     
  0.53333333333333333       0.99999997963595677     
  0.53666666666666674       0.99999998469658702     
  0.54000000000000004       0.99999999548725571     
  0.54333333333333333        1.0000000033445191     
  0.54666666666666675        1.0000000054413427     
  0.55000000000000004        1.0000000034979497     
  0.55333333333333334        1.0000000006094480     
  0.55666666666666675       0.99999999885364454     
  0.56000000000000005       0.99999999863629296     
  0.56333333333333335       0.99999999929614514     
  0.56666666666666665        1.0000000000120897     
  0.57000000000000006        1.0000000003491749     
  0.57333333333333336        1.0000000003110157     
  0.57666666666666666        1.0000000001144516     
  0.58000000000000007       0.99999999995549005     
  0.58333333333333337       0.99999999990651067     
  0.58666666666666667       0.99999999993806399     
  0.59000000000000008       0.99999999998902900     
  0.59333333333333338        1.0000000000190949     
  0.59666666666666668        1.0000000000216573     
  0.60000000000000009        1.0000000000099598     
  0.60333333333333339       0.99999999999867484     
  0.60666666666666669       0.99999999999434708     
  0.60999999999999999       0.99999999999579958     
  0.61333333333333340       0.99999999999899436     
  0.61666666666666670        1.0000000000010285     
  0.62000000000000000        1.0000000000012830     
  0.62333333333333341        1.0000000000005311     
  0.62666666666666671       0.99999999999960965     
  0.63000000000000000       0.99999999999858069     
  0.63333333333333341       0.99999999999623590     
  0.63666666666666671       0.99999999998890832     
  0.64000000000000001       0.99999999996644473     
  0.64333333333333342       0.99999999990046951     
  0.64666666666666672       0.99999999971275555     
  0.65000000000000002       0.99999999919307658     
  0.65333333333333332       0.99999999779181159     
  0.65666666666666673       0.99999999411060692     
  0.66000000000000003       0.99999998468592610     
  0.66333333333333333       0.99999996116388168     
  0.66666666666666674       0.99999990391941174     
  0.67000000000000004       0.99999976804101975     
  0.67333333333333334       0.99999945339399943     
  0.67666666666666675       0.99999874244087283     
  0.68000000000000005       0.99999717467903337     
  0.68333333333333335       0.99999380018594153     
  0.68666666666666676       0.99998670957404701     
  0.69000000000000006       0.99997216327025429     
  0.69333333333333336       0.99994302580080452     
  0.69666666666666666       0.99988603473171678     
  0.70000000000000007       0.99977718389692394     
  0.70333333333333337       0.99957416850288339     
  0.70666666666666667       0.99920443565738160     
  0.71000000000000008       0.99854695190003739     
  0.71333333333333337       0.99740543746596533     
  0.71666666666666667       0.99547069725317772     
  0.72000000000000008       0.99227005847587846     
  0.72333333333333338       0.98710313927016469     
  0.72666666666666668       0.97896558684928459     
  0.73000000000000009       0.96646633795252834     
  0.73333333333333339       0.94774944615971657     
  0.73666666666666669       0.92043824315849154     
  0.74000000000000010       0.88162657295160518     
  0.74333333333333340       0.82794730317474730     
  0.74666666666666670       0.75574977882966776     
  0.75000000000000000       0.66141242184302507     
  0.75333333333333341       0.54180163593584796     
  0.75666666666666671       0.39486217773998522     
  0.76000000000000001       0.22028832126534989     
  0.76333333333333342        2.0184129297610751E-002
  0.76666666666666672      -0.20041645356462556     
  0.77000000000000002      -0.43332136641967978     
  0.77333333333333343      -0.66739016620050839     
  0.77666666666666673      -0.88928420729834590     
  0.78000000000000003       -1.0847750080378762     
  0.78333333333333344       -1.2405106303523707     
  0.78666666666666674       -1.3460094645255585     
  0.79000000000000004       -1.3955393800511104     
  0.79333333333333333       -1.3894838928958659     
  0.79666666666666675       -1.3348265003395827     
  0.80000000000000004       -1.2445134655625534     
  0.80333333333333334       -1.1356718297544091     
  0.80666666666666675       -1.0269219799993319     
  0.81000000000000005      -0.93526850681965312     
  0.81333333333333335      -0.87320774268778190     
  0.81666666666666676      -0.84669781879919659     
  0.82000000000000006      -0.85447519220029922     
  0.82333333333333336      -0.88889671736872744     
  0.82666666666666677      -0.93811196605996783     
  0.83000000000000007      -0.98902952595114113     
  0.83333333333333337       -1.0303353123019159     
  0.83666666666666667       -1.0548176560300648     
  0.84000000000000008       -1.0604603799181727     
  0.84333333333333338       -1.0501223157461514     
  0.84666666666666668       -1.0300210879149998     
  0.85000000000000009       -1.0075571130427090     
  0.85333333333333339      -0.98915424466840596     
  0.85666666666666669      -0.97872008337513061     
  0.86000000000000010      -0.97707751058915848     
  0.86333333333333340      -0.98238321361618830     
  0.86666666666666670      -0.99124540583201270     
  0.87000000000000011       -1.0000785942294450     
  0.87333333333333341       -1.0062321572303305     
  0.87666666666666671       -1.0085809722902219     
  0.88000000000000000       -1.0074981980043687     
  0.88333333333333341       -1.0043505599686151     
  0.88666666666666671       -1.0007895507596676     
  0.89000000000000001      -0.99812490925426978     
  0.89333333333333342      -0.99697598262404674     
  0.89666666666666672      -0.99725438558654200     
  0.90000000000000002      -0.99840024751665180     
  0.90333333333333343      -0.99972101898547694     
  0.90666666666666673       -1.0006817306719236     
  0.91000000000000003       -1.0010525830520542     
  0.91333333333333344       -1.0008986253882066     
  0.91666666666666674       -1.0004609561042015     
  0.92000000000000004       -1.0000072172135404     
  0.92333333333333334      -0.99971902275524704     
  0.92666666666666675      -0.99964950378337281     
  0.93000000000000005      -0.99974600716909801     
  0.93333333333333335      -0.99990795325218218     
  0.93666666666666676       -1.0000447006174920     
  0.94000000000000006       -1.0001094125843590     
  0.94333333333333336       -1.0001027865974972     
  0.94666666666666677       -1.0000553602930538     
  0.95000000000000007       -1.0000034121073949     
  0.95333333333333337      -0.99997115209050269     
  0.95666666666666678      -0.99996474992153850     
  0.96000000000000008      -0.99997655135897678     
  0.96333333333333337      -0.99999385898338944     
  0.96666666666666667       -1.0000066208664191     
  0.97000000000000008       -1.0000109401365083     
  0.97333333333333338       -1.0000083880630233     
  0.97666666666666668       -1.0000030592586491     
  0.98000000000000009      -0.99999862778905269     
  0.98333333333333339      -0.99999679226392912     
  0.98666666666666669      -0.99999729477815502     
  0.99000000000000010      -0.99999886928619741     
  0.99333333333333340       -1.0000002816543403     
  0.99666666666666670       -1.0000009165701813     
