   0.0000000000000000       0.99721732413343911     
   3.3333333333333335E-003  0.99580387385300850     
   6.6666666666666671E-003  0.99374492813133186     
   1.0000000000000000E-002  0.99078322250963591     
   1.3333333333333334E-002  0.98657694418665076     
   1.6666666666666666E-002  0.98067992652634861     
   2.0000000000000000E-002  0.97252056622524885     
   2.3333333333333334E-002  0.96138093765766552     
   2.6666666666666668E-002  0.94637831052098986     
   3.0000000000000002E-002  0.92645209005035589     
   3.3333333333333333E-002  0.90036001411590472     
   3.6666666666666667E-002  0.86668813690156044     
   4.0000000000000001E-002  0.82387954105964212     
   4.3333333333333335E-002  0.77028665178581446     
   4.6666666666666669E-002  0.70425126456742393     
   5.0000000000000003E-002  0.62421474679184186     
   5.3333333333333337E-002  0.52885819439995241     
   5.6666666666666671E-002  0.41726859181804826     
   6.0000000000000005E-002  0.28912237520911382     
   6.3333333333333339E-002  0.14487258566368699     
   6.6666666666666666E-002  -1.4079393707690346E-002
   7.0000000000000007E-002 -0.18525088399856188     
   7.3333333333333334E-002 -0.36500966162261694     
   7.6666666666666675E-002 -0.54859605991441729     
   8.0000000000000002E-002 -0.73025705966538856     
   8.3333333333333343E-002 -0.90350570099601302     
   8.6666666666666670E-002  -1.0615065296061292     
   9.0000000000000011E-002  -1.1975715838298471     
   9.3333333333333338E-002  -1.3057332040230956     
   9.6666666666666679E-002  -1.3813420815672244     
  0.10000000000000001       -1.4216244439463788     
  0.10333333333333335       -1.4261242910277181     
  0.10666666666666667       -1.3969580173320382     
  0.11000000000000000       -1.3388214685471707     
  0.11333333333333334       -1.2587138040057753     
  0.11666666666666667       -1.1653767670723838     
  0.12000000000000001       -1.0684882420168924     
  0.12333333333333334      -0.97768955671972047     
  0.12666666666666668      -0.90155997952101108     
  0.13000000000000000      -0.84667233290020372     
  0.13333333333333333      -0.81686502203086464     
  0.13666666666666669      -0.81284515793845802     
  0.14000000000000001      -0.83219567157903507     
  0.14333333333333334      -0.86980134129327991     
  0.14666666666666667      -0.91864321774875879     
  0.15000000000000002      -0.97084924042638543     
  0.15333333333333335       -1.0188426083346473     
  0.15666666666666668       -1.0564085322449226     
  0.16000000000000000       -1.0795100577996197     
  0.16333333333333333       -1.0867246567391520     
  0.16666666666666669       -1.0792389179979538     
  0.17000000000000001       -1.0604171821406949     
  0.17333333333333334       -1.0350363104290814     
  0.17666666666666667       -1.0083376931650301     
  0.18000000000000002      -0.98507692108319667     
  0.18333333333333335      -0.96874505968723090     
  0.18666666666666668      -0.96109453992167249     
  0.19000000000000000      -0.96203616287474625     
  0.19333333333333336      -0.96989611035075263     
  0.19666666666666668      -0.98195005257069046     
  0.20000000000000001      -0.99510083956786100     
  0.20333333333333334       -1.0065471404112651     
  0.20666666666666669       -1.0143055521562541     
  0.21000000000000002       -1.0174929038579292     
  0.21333333333333335       -1.0163369149099197     
  0.21666666666666667       -1.0119467126836290     
  0.22000000000000000       -1.0059250444316765     
  0.22333333333333336      -0.99993047977655947     
  0.22666666666666668      -0.99529622031329301     
  0.23000000000000001      -0.99278531451275853     
  0.23333333333333334      -0.99251915642827659     
  0.23666666666666669      -0.99406943564491113     
  0.24000000000000002      -0.99666532659631157     
  0.24333333333333335      -0.99944642308821174     
  0.24666666666666667       -1.0016911225183103     
  0.25000000000000000       -1.0029674572322380     
  0.25333333333333335       -1.0031818352447746     
  0.25666666666666671       -1.0025317109141949     
  0.26000000000000001       -1.0013923720626994     
  0.26333333333333336       -1.0001802014261896     
  0.26666666666666666      -0.99923344411329784     
  0.27000000000000002      -0.99873917885505048     
  0.27333333333333337      -0.99871707991977943     
  0.27666666666666667      -0.99905274476260586     
  0.28000000000000003      -0.99956087740469568     
  0.28333333333333333       -1.0000541174139623     
  0.28666666666666668       -1.0003966571996199     
  0.29000000000000004       -1.0005305602345989     
  0.29333333333333333       -1.0004732553793740     
  0.29666666666666669       -1.0002935302338392     
  0.30000000000000004       -1.0000781459724764     
  0.30333333333333334      -0.99990130116952991     
  0.30666666666666670      -0.99980551651419791     
  0.31000000000000000      -0.99979701947648514     
  0.31333333333333335      -0.99985349021665682     
  0.31666666666666671      -0.99993867515946111     
  0.32000000000000001       -1.0000175385927124     
  0.32333333333333336       -1.0000670065252328     
  0.32666666666666666       -1.0000800042608451     
  0.33000000000000002       -1.0000632412745114     
  0.33333333333333337       -1.0000311231632222     
  0.33666666666666667      -0.99999882959089870     
  0.34000000000000002      -0.99997707721103435     
  0.34333333333333338      -0.99996985396230398     
  0.34666666666666668      -0.99997506306501871     
  0.35000000000000003      -0.99998704227565538     
  0.35333333333333333      -0.99999956548506619     
  0.35666666666666669       -1.0000081541274308     
  0.36000000000000004       -1.0000110952971990     
  0.36333333333333334       -1.0000091880071904     
  0.36666666666666670       -1.0000046820179598     
  0.37000000000000005       -1.0000000263429405     
  0.37333333333333335      -0.99999693218041996     
  0.37666666666666671      -0.99999599247277926     
  0.38000000000000000      -0.99999682583519589     
  0.38333333333333336      -0.99999853049028664     
  0.38666666666666671       -1.0000001847990982     
  0.39000000000000001       -1.0000011944526686     
  0.39333333333333337       -1.0000014054524187     
  0.39666666666666667       -1.0000010152203400     
  0.40000000000000002       -1.0000003803280386     
  0.40333333333333338      -0.99999982742017590     
  0.40666666666666668      -0.99999953858786506     
  0.41000000000000003      -0.99999953077571935     
  0.41333333333333339      -0.99999970597071941     
  0.41666666666666669      -0.99999992890010636     
  0.42000000000000004       -1.0000000923980847     
  0.42333333333333334       -1.0000001486137076     
  0.42666666666666669       -1.0000001049213492     
  0.43000000000000005      -0.99999999754993096     
  0.43333333333333335      -0.99999985991323648     
  0.43666666666666670      -0.99999969800470689     
  0.44000000000000000      -0.99999947650682641     
  0.44333333333333336      -0.99999911101033456     
  0.44666666666666671      -0.99999845658556863     
  0.45000000000000001      -0.99999728106052010     
  0.45333333333333337      -0.99999521103568978     
  0.45666666666666672      -0.99999163749016196     
  0.46000000000000002      -0.99998556370218417     
  0.46333333333333337      -0.99997536982458113     
  0.46666666666666667      -0.99995845527294491     
  0.47000000000000003      -0.99993070192087974     
  0.47333333333333338      -0.99988567774907744     
  0.47666666666666668      -0.99981347169831958     
  0.48000000000000004      -0.99969901570579467     
  0.48333333333333334      -0.99951970948791469     
  0.48666666666666669      -0.99924211906766802     
  0.49000000000000005      -0.99881747489414741     
  0.49333333333333335      -0.99817565608686631     
  0.49666666666666670      -0.99721732383226769     
  0.50000000000000000      -0.99580387328563347     
  0.50333333333333341      -0.99374492766236455     
  0.50666666666666671      -0.99078322230975979     
  0.51000000000000001      -0.98657694423436637     
  0.51333333333333342      -0.98067992669643234     
  0.51666666666666672      -0.97252056638861140     
  0.52000000000000002      -0.96138093774217304     
  0.52333333333333332      -0.94637831052107202     
  0.52666666666666673      -0.92645209000185225     
  0.53000000000000003      -0.90036001406208599     
  0.53333333333333333      -0.86668813686981883     
  0.53666666666666674      -0.82387954105535810     
  0.54000000000000004      -0.77028665179915079     
  0.54333333333333333      -0.70425126458444509     
  0.54666666666666675      -0.62421474680287248     
  0.55000000000000004      -0.52885819440235560     
  0.55333333333333334      -0.41726859181445591     
  0.55666666666666675      -0.28912237520388701     
  0.56000000000000005      -0.14487258566006517     
  0.56333333333333335        1.4079393708666774E-002
  0.56666666666666665       0.18525088399759509     
  0.57000000000000006       0.36500966162104503     
  0.57333333333333336       0.54859605991327975     
  0.57666666666666666       0.73025705966504861     
  0.58000000000000007       0.90350570099627825     
  0.58333333333333337        1.0615065296065944     
  0.58666666666666667        1.1975715838301908     
  0.59000000000000008        1.3057332040232019     
  0.59333333333333338        1.3813420815671484     
  0.59666666666666668        1.4216244439462420     
  0.60000000000000009        1.4261242910276175     
  0.60333333333333339        1.3969580173320075     
  0.60666666666666669        1.3388214685471933     
  0.60999999999999999        1.2587138040058148     
  0.61333333333333340        1.1653767670724120     
  0.61666666666666670        1.0684882420169000     
  0.62000000000000000       0.97768955671971336     
  0.62333333333333341       0.90155997952099964     
  0.62666666666666671       0.84667233290019606     
  0.63000000000000000       0.81686502203086298     
  0.63333333333333341       0.81284515793846046     
  0.63666666666666671       0.83219567157903829     
  0.64000000000000001       0.86980134129328190     
  0.64333333333333342       0.91864321774875879     
  0.64666666666666672       0.97084924042638443     
  0.65000000000000002        1.0188426083346462     
  0.65333333333333332        1.0564085322449217     
  0.65666666666666673        1.0795100577996199     
  0.66000000000000003        1.0867246567391524     
  0.66333333333333333        1.0792389179979547     
  0.66666666666666674        1.0604171821406956     
  0.67000000000000004        1.0350363104290821     
  0.67333333333333334        1.0083376931650307     
  0.67666666666666675       0.98507692108319711     
  0.68000000000000005       0.96874505968723112     
  0.68333333333333335       0.96109453992167249     
  0.68666666666666676       0.96203616287474569     
  0.69000000000000006       0.96989611035075163     
  0.69333333333333336       0.98195005257068935     
  0.69666666666666666       0.99510083956785955     
  0.70000000000000007        1.0065471404112634     
  0.70333333333333337        1.0143055521562525     
  0.70666666666666667        1.0174929038579281     
  0.71000000000000008        1.0163369149099186     
  0.71333333333333337        1.0119467126836283     
  0.71666666666666667        1.0059250444316763     
  0.72000000000000008       0.99993047977655936     
  0.72333333333333338       0.99529622031329290     
  0.72666666666666668       0.99278531451275864     
  0.73000000000000009       0.99251915642827704     
  0.73333333333333339       0.99406943564491179     
  0.73666666666666669       0.99666532659631213     
  0.74000000000000010       0.99944642308821241     
  0.74333333333333340        1.0016911225183112     
  0.74666666666666670        1.0029674572322393     
  0.75000000000000000        1.0031818352447757     
  0.75333333333333341        1.0025317109141956     
  0.75666666666666671        1.0013923720626996     
  0.76000000000000001        1.0001802014261896     
  0.76333333333333342       0.99923344411329773     
  0.76666666666666672       0.99873917885505026     
  0.77000000000000002       0.99871707991977920     
  0.77333333333333343       0.99905274476260564     
  0.77666666666666673       0.99956087740469579     
  0.78000000000000003        1.0000541174139621     
  0.78333333333333344        1.0003966571996199     
  0.78666666666666674        1.0005305602345991     
  0.79000000000000004        1.0004732553793743     
  0.79333333333333333        1.0002935302338394     
  0.79666666666666675        1.0000781459724761     
  0.80000000000000004       0.99990130116952958     
  0.80333333333333334       0.99980551651419725     
  0.80666666666666675       0.99979701947648436     
  0.81000000000000005       0.99985349021665582     
  0.81333333333333335       0.99993867515946022     
  0.81666666666666676        1.0000175385927119     
  0.82000000000000006        1.0000670065252326     
  0.82333333333333336        1.0000800042608453     
  0.82666666666666677        1.0000632412745118     
  0.83000000000000007        1.0000311231632231     
  0.83333333333333337       0.99999882959089970     
  0.83666666666666667       0.99997707721103524     
  0.84000000000000008       0.99996985396230520     
  0.84333333333333338       0.99997506306502015     
  0.84666666666666668       0.99998704227565693     
  0.85000000000000009       0.99999956548506841     
  0.85333333333333339        1.0000081541274346     
  0.85666666666666669        1.0000110952972074     
  0.86000000000000010        1.0000091880072102     
  0.86333333333333340        1.0000046820180055     
  0.86666666666666670        1.0000000263430462     
  0.87000000000000011       0.99999693218066055     
  0.87333333333333341       0.99999599247332172     
  0.87666666666666671       0.99999682583640570     
  0.88000000000000000       0.99999853049295362     
  0.88333333333333341        1.0000001848049120     
  0.88666666666666671        1.0000011944651981     
  0.89000000000000001        1.0000014054791189     
  0.89333333333333342        1.0000010152766050     
  0.89666666666666672        1.0000003804452893     
  0.90000000000000002       0.99999982766180895     
  0.90333333333333343       0.99999953908032246     
  0.90666666666666673       0.99999953176828293     
  0.91000000000000003       0.99999970794919046     
  0.91333333333333344       0.99999993280030186     
  0.91666666666666674        1.0000001000018808     
  0.92000000000000004        1.0000001632746842     
  0.92333333333333334        1.0000001328778851     
  0.92666666666666675        1.0000000502717175     
  0.93000000000000005       0.99999995824189714     
  0.93333333333333335       0.99999987936779300     
  0.93666666666666676       0.99999980732585292     
  0.94000000000000006       0.99999970776714064     
  0.94333333333333336       0.99999952112196022     
  0.94666666666666677       0.99999915894603864     
  0.95000000000000007       0.99999848678506542     
  0.95333333333333337       0.99999728778118024     
  0.95666666666666678       0.99999520051141200     
  0.96000000000000008       0.99999162080804371     
  0.96333333333333337       0.99998555029120129     
  0.96666666666666667       0.99997536409085697     
  0.97000000000000008       0.99995845664461747     
  0.97333333333333338       0.99993070700725706     
  0.97666666666666668       0.99988568288894231     
  0.98000000000000009       0.99981347464784187     
  0.98333333333333339       0.99969901605982070     
  0.98666666666666669       0.99951970813524560     
  0.99000000000000010       0.99924211729092460     
  0.99333333333333340       0.99881747364848672     
  0.99666666666666670       0.99817565570750832     
