   0.0000000000000000        1.0906128719148080     
   3.3333333333333335E-003   1.0057334229815869     
   6.6666666666666671E-003  0.92928774801736813     
   1.0000000000000000E-002  0.86642220498399469     
   1.3333333333333334E-002  0.82104498672949344     
   1.6666666666666666E-002  0.79549530342408303     
   2.0000000000000000E-002  0.79034744003350998     
   2.3333333333333334E-002  0.80437764397006184     
   2.6666666666666668E-002  0.83470550423874246     
   3.0000000000000002E-002  0.87710228272661572     
   3.3333333333333333E-002  0.92643878177478423     
   3.6666666666666667E-002  0.97722736214409134     
   4.0000000000000001E-002   1.0241992527406907     
   4.3333333333333335E-002   1.0628515273861128     
   4.6666666666666669E-002   1.0898995138071816     
   5.0000000000000003E-002   1.1035803327599190     
   5.3333333333333337E-002   1.1037709000113594     
   5.6666666666666671E-002   1.0919070091541756     
   6.0000000000000005E-002   1.0707160035892831     
   6.3333333333333339E-002   1.0438004047003517     
   6.6666666666666666E-002   1.0151299990255445     
   7.0000000000000007E-002  0.98851214575140545     
   7.3333333333333334E-002  0.96711237649584658     
   7.6666666666666675E-002  0.95308913704401477     
   8.0000000000000002E-002  0.94738883939189955     
   8.3333333333333343E-002  0.94972288189710696     
   8.6666666666666670E-002  0.95872076066766465     
   9.0000000000000011E-002  0.97222721082302932     
   9.3333333333333338E-002  0.98769069129277920     
   9.6666666666666679E-002   1.0025787726394293     
  0.10000000000000001        1.0147549213510754     
  0.10333333333333335        1.0227607785798793     
  0.10666666666666667        1.0259664415370879     
  0.11000000000000000        1.0245750885348412     
  0.11333333333333334        1.0194932589055474     
  0.11666666666666667        1.0120998105170547     
  0.12000000000000001        1.0039613370956053     
  0.12333333333333334       0.99654732273795066     
  0.12666666666666668       0.99099401724947767     
  0.13000000000000000       0.98795325065118111     
  0.13333333333333333       0.98754401950737736     
  0.13666666666666669       0.98940445129162202     
  0.14000000000000001       0.99282361881421965     
  0.14333333333333334       0.99691993836336279     
  0.14666666666666667        1.0008275889296834     
  0.15000000000000002        1.0038549786276985     
  0.15333333333333335        1.0055885978685970     
  0.15666666666666668        1.0059292073564148     
  0.16000000000000000        1.0050620969586703     
  0.16333333333333333        1.0033760133493770     
  0.16666666666666669        1.0013538466290710     
  0.17000000000000001       0.99946097551931490     
  0.17333333333333334       0.99805430456083866     
  0.17666666666666667       0.99732770094130174     
  0.18000000000000002       0.99729980722523637     
  0.18333333333333335       0.99784043414966461     
  0.18666666666666668       0.99872404710125939     
  0.19000000000000000       0.99969468055764965     
  0.19333333333333336        1.0005264322032288     
  0.19666666666666668        1.0010670332672387     
  0.20000000000000001        1.0012576510275459     
  0.20333333333333334        1.0011284604975028     
  0.20666666666666669        1.0007750668560860     
  0.21000000000000002        1.0003244061660059     
  0.21333333333333335       0.99989975995523062     
  0.21666666666666667       0.99959312305990677     
  0.22000000000000000       0.99945005191734815     
  0.22333333333333336       0.99946829516010405     
  0.22666666666666668       0.99960800033636521     
  0.23000000000000001       0.99980890066482686     
  0.23333333333333334        1.0000090190561532     
  0.23666666666666669        1.0001600485284452     
  0.24000000000000002        1.0002362775178331     
  0.24333333333333335        1.0002361144863496     
  0.24666666666666667        1.0001772958401671     
  0.25000000000000000        1.0000882458718927     
  0.25333333333333335       0.99999855642934843     
  0.25666666666666671       0.99993119708029099     
  0.26000000000000001       0.99989810180782213     
  0.26333333333333336       0.99989957012433928     
  0.26666666666666666       0.99992683285237161     
  0.27000000000000002       0.99996643167621813     
  0.27333333333333337        1.0000048603469540     
  0.27666666666666667        1.0000321712989806     
  0.28000000000000003        1.0000438052265008     
  0.28333333333333333        1.0000405424436027     
  0.28666666666666668        1.0000270097459945     
  0.29000000000000004        1.0000094786447034     
  0.29333333333333333       0.99999372398419151     
  0.29666666666666669       0.99998352274866487     
  0.30000000000000004       0.99998006139493389     
  0.30333333333333334       0.99998220063580323     
  0.30666666666666670       0.99998731200010027     
  0.31000000000000000       0.99999229943414503     
  0.31333333333333335       0.99999445118920938     
  0.31666666666666671       0.99999189288733592     
  0.32000000000000001       0.99998357346056110     
  0.32333333333333336       0.99996885533819380     
  0.32666666666666666       0.99994686103460884     
  0.33000000000000002       0.99991573816729684     
  0.33333333333333337       0.99987195563163001     
  0.33666666666666667       0.99980966179236241     
  0.34000000000000002       0.99972005119920748     
  0.34333333333333338       0.99959062308094215     
  0.34666666666666668       0.99940418413881660     
  0.35000000000000003       0.99913744866064191     
  0.35333333333333333       0.99875911038465837     
  0.35666666666666669       0.99822728928484861     
  0.36000000000000004       0.99748628134235628     
  0.36333333333333334       0.99646255533595562     
  0.36666666666666670       0.99505994981201840     
  0.37000000000000005       0.99315403355496512     
  0.37333333333333335       0.99058561489781238     
  0.37666666666666671       0.98715342973057385     
  0.38000000000000000       0.98260611306189616     
  0.38333333333333336       0.97663366842964494     
  0.38666666666666671       0.96885879299041000     
  0.39000000000000001       0.95882858941234572     
  0.39333333333333337       0.94600739082440299     
  0.39666666666666667       0.92977163054931600     
  0.40000000000000002       0.90940788864468647     
  0.40333333333333338       0.88411542205156479     
  0.40666666666666668       0.85301460857217992     
  0.41000000000000003       0.81516277565594886     
  0.41333333333333339       0.76957880745335183     
  0.41666666666666669       0.71527769058589008     
  0.42000000000000004       0.65131573608102278     
  0.42333333333333334       0.57684657594502542     
  0.42666666666666669       0.49118716725656464     
  0.43000000000000005       0.39389195641306302     
  0.43333333333333335       0.28483210254600883     
  0.43666666666666670       0.16427530794887260     
  0.44000000000000000        3.2960467304358212E-002
  0.44333333333333336      -0.10783982567174100     
  0.44666666666666671      -0.25627671002137742     
  0.45000000000000001      -0.40991052872273631     
  0.45333333333333337      -0.56573202996348027     
  0.45666666666666672      -0.72022570753598003     
  0.46000000000000002      -0.86947943915736259     
  0.46333333333333337       -1.0093413545508281     
  0.46666666666666667       -1.1356207687693898     
  0.47000000000000003       -1.2443252917673129     
  0.47333333333333338       -1.3319212526787758     
  0.47666666666666668       -1.3955998621727637     
  0.48000000000000004       -1.4335276749534980     
  0.48333333333333334       -1.4450575373947316     
  0.48666666666666669       -1.4308759008080576     
  0.49000000000000005       -1.3930646061567094     
  0.49333333333333335       -1.3350602353708614     
  0.49666666666666670       -1.2615018079495157     
  0.50000000000000000       -1.1779675499598252     
  0.50333333333333341       -1.0906128721218320     
  0.50666666666666671       -1.0057334230172430     
  0.51000000000000001      -0.92928774792859981     
  0.51333333333333342      -0.86642220484901844     
  0.51666666666666672      -0.82104498661676617     
  0.52000000000000002      -0.79549530336924690     
  0.52333333333333332      -0.79034744003708823     
  0.52666666666666673      -0.80437764400963718     
  0.53000000000000003      -0.83470550428584089     
  0.53333333333333333      -0.87710228276002933     
  0.53666666666666674      -0.92643878178633132     
  0.54000000000000004      -0.97722736213718830     
  0.54333333333333333       -1.0241992527248318     
  0.54666666666666675       -1.0628515273709007     
  0.55000000000000004       -1.0898995137984542     
  0.55333333333333334       -1.1035803327587754     
  0.55666666666666675       -1.1037709000154454     
  0.56000000000000005       -1.0919070091598955     
  0.56333333333333335       -1.0707160035937104     
  0.56666666666666665       -1.0438004047021723     
  0.57000000000000006       -1.0151299990249958     
  0.57333333333333336      -0.98851214574960589     
  0.57666666666666666      -0.96711237649400772     
  0.58000000000000007      -0.95308913704290887     
  0.58333333333333337      -0.94738883939170460     
  0.58666666666666667      -0.94972288189755616     
  0.59000000000000008      -0.95872076066832479     
  0.59333333333333338      -0.97222721082354446     
  0.59666666666666668      -0.98769069129299036     
  0.60000000000000009       -1.0025787726393656     
  0.60333333333333339       -1.0147549213508706     
  0.60666666666666669       -1.0227607785796751     
  0.60999999999999999       -1.0259664415369705     
  0.61333333333333340       -1.0245750885348268     
  0.61666666666666670       -1.0194932589056014     
  0.62000000000000000       -1.0120998105171268     
  0.62333333333333341       -1.0039613370956573     
  0.62666666666666671      -0.99654732273796764     
  0.63000000000000000      -0.99099401724946623     
  0.63333333333333341      -0.98795325065115691     
  0.63666666666666671      -0.98754401950735571     
  0.64000000000000001      -0.98940445129161136     
  0.64333333333333342      -0.99282361881422010     
  0.64666666666666672      -0.99691993836336978     
  0.65000000000000002       -1.0008275889296911     
  0.65333333333333332       -1.0038549786277033     
  0.65666666666666673       -1.0055885978685981     
  0.66000000000000003       -1.0059292073564137     
  0.66333333333333333       -1.0050620969586683     
  0.66666666666666674       -1.0033760133493761     
  0.67000000000000004       -1.0013538466290712     
  0.67333333333333334      -0.99946097551931556     
  0.67666666666666675      -0.99805430456083943     
  0.68000000000000005      -0.99732770094130185     
  0.68333333333333335      -0.99729980722523492     
  0.68666666666666676      -0.99784043414966006     
  0.69000000000000006      -0.99872404710124929     
  0.69333333333333336      -0.99969468055762978     
  0.69666666666666666       -1.0005264322031902     
  0.70000000000000007       -1.0010670332671636     
  0.70333333333333337       -1.0012576510274009     
  0.70666666666666667       -1.0011284604972241     
  0.71000000000000008       -1.0007750668555544     
  0.71333333333333337       -1.0003244061649987     
  0.71666666666666667      -0.99989975995333635     
  0.72000000000000008      -0.99959312305636661     
  0.72333333333333338      -0.99945005191077663     
  0.72666666666666668      -0.99946829514798707     
  0.73000000000000009      -0.99960800031417218     
  0.73333333333333339      -0.99980890062444983     
  0.73666666666666669       -1.0000090189831854     
  0.74000000000000010       -1.0001600483974642     
  0.74333333333333340       -1.0002362772842923     
  0.74666666666666670       -1.0002361140727436     
  0.75000000000000000       -1.0001772951125933     
  0.75333333333333341       -1.0000882446006538     
  0.75666666666666671      -0.99999855422321671     
  0.76000000000000001      -0.99993119327766367     
  0.76333333333333342      -0.99989809529787232     
  0.76666666666666672      -0.99989955905539718     
  0.77000000000000002      -0.99992681416011819     
  0.77333333333333343      -0.99996640032630757     
  0.77666666666666673       -1.0000048081287987     
  0.78000000000000003       -1.0000320849199666     
  0.78333333333333344       -1.0000436633250580     
  0.78666666666666674       -1.0000403109457476     
  0.79000000000000004       -1.0000266347057780     
  0.79333333333333333       -1.0000088752967042     
  0.79666666666666675      -0.99999276014440275     
  0.80000000000000004      -0.99998199386017095     
  0.80333333333333334      -0.99997765333631972     
  0.80666666666666675      -0.99997843477666237     
  0.81000000000000005      -0.99998146475197269     
  0.81333333333333335      -0.99998328552483551     
  0.81666666666666676      -0.99998065586551055     
  0.82000000000000006      -0.99997093297258188     
  0.82333333333333336      -0.99995196037809342     
  0.82666666666666677      -0.99992152456557526     
  0.83000000000000007      -0.99987652169531949     
  0.83333333333333337      -0.99981198337000976     
  0.83666666666666667      -0.99972005861948765     
  0.84000000000000008      -0.99958896504973938     
  0.84333333333333338      -0.99940183576808117     
  0.84666666666666668      -0.99913532428486362     
  0.85000000000000009      -0.99875779910954443     
  0.85333333333333339      -0.99822696267607802     
  0.85666666666666669      -0.99748675614270677     
  0.86000000000000010      -0.99646345000250724     
  0.86333333333333340      -0.99506086027027663     
  0.86666666666666670      -0.99315466732254098     
  0.87000000000000011      -0.99058585228605300     
  0.87333333333333341      -0.98715331261932515     
  0.87666666666666671      -0.98260578492090833     
  0.88000000000000000      -0.97663329856613501     
  0.88333333333333341      -0.96885851406235957     
  0.88666666666666671      -0.95882846487279383     
  0.89000000000000001      -0.94600741448614922     
  0.89333333333333342      -0.92977174923973038     
  0.89666666666666672      -0.90940803380503543     
  0.90000000000000002      -0.88411553716657199     
  0.90333333333333343      -0.85301466445682395     
  0.90666666666666673      -0.81516277200514209     
  0.91000000000000003      -0.76957876416865478     
  0.91333333333333344      -0.71527763484764117     
  0.91666666666666674      -0.65131569084314322     
  0.92000000000000004      -0.57684655337284041     
  0.92333333333333334      -0.49118716788329947     
  0.92666666666666675      -0.39389197257952124     
  0.93000000000000005      -0.28483212362678823     
  0.93333333333333335      -0.16427532499435521     
  0.93666666666666676       -3.2960475649088182E-002
  0.94000000000000006       0.10783982612635275     
  0.94333333333333336       0.25627671622921167     
  0.94666666666666677       0.40991053658327103     
  0.95000000000000007       0.56573203612467637     
  0.95333333333333337       0.72022571035362803     
  0.95666666666666678       0.86947943873205524     
  0.96000000000000008        1.0093413521221797     
  0.96333333333333337        1.1356207658926722     
  0.96666666666666667        1.2443252896425736     
  0.97000000000000008        1.3319212518290078     
  0.97333333333333338        1.3955998624765014     
  0.97666666666666668        1.4335276759045632     
  0.98000000000000009        1.4450575384186415     
  0.98333333333333339        1.4308759014987349     
  0.98666666666666669        1.3930646063713021     
  0.99000000000000010        1.3350602351940635     
  0.99333333333333340        1.2615018075842104     
  0.99666666666666670        1.1779675496100026     
