   0.0000000000000000       0.78401393870639025     
   3.3333333333333335E-003  0.71904397730249592     
   6.6666666666666671E-003  0.63959568445974746     
   1.0000000000000000E-002  0.54418155497386089     
   1.3333333333333334E-002  0.43173646786859227     
   1.6666666666666666E-002  0.30182569801262449     
   2.0000000000000000E-002  0.15485919157663502     
   2.3333333333333334E-002  -7.7102615936005883E-003
   2.6666666666666668E-002 -0.18323281334115576     
   3.0000000000000002E-002 -0.36778240825718961     
   3.3333333333333333E-002 -0.55618349639871023     
   3.6666666666666667E-002 -0.74216935932804817     
   4.0000000000000001E-002 -0.91868730972182522     
   4.3333333333333335E-002  -1.0783501234979795     
   4.6666666666666669E-002  -1.2140127899218454     
   5.0000000000000003E-002  -1.3194311802662664     
   5.3333333333333337E-002  -1.3899377486145708     
   5.6666666666666671E-002  -1.4230528258693123     
   6.0000000000000005E-002  -1.4189425386456664     
   6.3333333333333339E-002  -1.3806393415006482     
   6.6666666666666666E-002  -1.3139605668919419     
   7.0000000000000007E-002  -1.2270939767707381     
   7.3333333333333334E-002  -1.1298639876686458     
   7.6666666666666675E-002  -1.0327422089048903     
   8.0000000000000002E-002 -0.94571316645095760     
   8.3333333333333343E-002 -0.87714158170967726     
   8.6666666666666670E-002 -0.83280302179874288     
   9.0000000000000011E-002 -0.81522937580987020     
   9.3333333333333338E-002 -0.82348289157275301     
   9.6666666666666679E-002 -0.85341111389972546     
  0.10000000000000001      -0.89835893631574892     
  0.10333333333333335      -0.95023614417013169     
  0.10666666666666667       -1.0007741426674543     
  0.11000000000000000       -1.0427677036106850     
  0.11333333333333334       -1.0710958972261908     
  0.11666666666666667       -1.0833534517775549     
  0.12000000000000001       -1.0799941384215526     
  0.12333333333333334       -1.0639784873629188     
  0.12666666666666668       -1.0400111903867899     
  0.13000000000000000       -1.0135296082678702     
  0.13333333333333333      -0.98964760830211584     
  0.13666666666666669      -0.97225920165587087     
  0.14000000000000001      -0.96346422472084869     
  0.14333333333333334      -0.96340334594746568     
  0.14666666666666667      -0.97049922393856147     
  0.15000000000000002      -0.98201538975478320     
  0.15333333333333335      -0.99478351521391439     
  0.15666666666666668       -1.0059260662169724     
  0.16000000000000000       -1.0134184972412190     
  0.16333333333333333       -1.0163866673423116     
  0.16666666666666669       -1.0151064922325612     
  0.17000000000000001       -1.0107453318550439     
  0.17333333333333334       -1.0049404607655874     
  0.17666666666666667      -0.99933683111314986     
  0.18000000000000002      -0.99520021829220995     
  0.18333333333333335      -0.99318759737614248     
  0.18666666666666668      -0.99330600662996027     
  0.19000000000000000      -0.99503917152117527     
  0.19333333333333336      -0.99758158493333027     
  0.19666666666666668       -1.0001015146973471     
  0.20000000000000001       -1.0019596347623141     
  0.20333333333333334       -1.0028340323400438     
  0.20666666666666669       -1.0027359535028668     
  0.21000000000000002       -1.0019330794755292     
  0.21333333333333335       -1.0008194604467531     
  0.21666666666666667      -0.99977873900394709     
  0.22000000000000000      -0.99908024445196186     
  0.22333333333333336      -0.99883042671900690     
  0.22666666666666668      -0.99898167623874823     
  0.23000000000000001      -0.99938347030946262     
  0.23333333333333334      -0.99985149600413792     
  0.23666666666666669       -1.0002302569531154     
  0.24000000000000002       -1.0004319577824616     
  0.24333333333333335       -1.0004454706156236     
  0.24666666666666667       -1.0003197542337672     
  0.25000000000000000       -1.0001329993068389     
  0.25333333333333335      -0.99996060065563130     
  0.25666666666666671      -0.99985231644974970     
  0.26000000000000001      -0.99982354766883397     
  0.26333333333333336      -0.99985992139621693     
  0.26666666666666666      -0.99993024661469976     
  0.27000000000000002       -1.0000014135455015     
  0.27333333333333337       -1.0000498109661273     
  0.27666666666666667       -1.0000664048539283     
  0.28000000000000003       -1.0000555046443669     
  0.28333333333333333       -1.0000293772704032     
  0.28666666666666668       -1.0000017062174040     
  0.29000000000000004      -0.99998247201497181     
  0.29333333333333333      -0.99997562366691117     
  0.29666666666666669      -0.99997954897110397     
  0.30000000000000004      -0.99998936064634547     
  0.30333333333333334      -0.99999965022453197     
  0.30666666666666670       -1.0000065841964096     
  0.31000000000000000       -1.0000087841558758     
  0.31333333333333335       -1.0000070407592352     
  0.31666666666666671       -1.0000033243486559     
  0.32000000000000001      -0.99999967530350309     
  0.32333333333333336      -0.99999742415321846     
  0.32666666666666666      -0.99999692927123185     
  0.33000000000000002      -0.99999776616504632     
  0.33333333333333337      -0.99999915139866435     
  0.33666666666666667       -1.0000003630778462     
  0.34000000000000002       -1.0000009972185389     
  0.34333333333333338       -1.0000010147723666     
  0.34666666666666668       -1.0000006305248821     
  0.35000000000000003       -1.0000001404296743     
  0.35333333333333333      -0.99999977636304627     
  0.35666666666666669      -0.99999963670865522     
  0.36000000000000004      -0.99999969454643445     
  0.36333333333333334      -0.99999985334757791     
  0.36666666666666670       -1.0000000110875527     
  0.37000000000000005       -1.0000001036904738     
  0.37333333333333335       -1.0000001172592885     
  0.37666666666666671       -1.0000000750765192     
  0.38000000000000000       -1.0000000136695280     
  0.38333333333333336      -0.99999996163153160     
  0.38666666666666671      -0.99999992865919896     
  0.39000000000000001      -0.99999990493446478     
  0.39333333333333337      -0.99999986593997803     
  0.39666666666666667      -0.99999977622238667     
  0.40000000000000002      -0.99999958666153399     
  0.40333333333333338      -0.99999922160811194     
  0.40666666666666668      -0.99999855301423735     
  0.41000000000000003      -0.99999735728981010     
  0.41333333333333339      -0.99999524671127349     
  0.41666666666666669      -0.99999156081781149     
  0.42000000000000004      -0.99998519429112309     
  0.42333333333333334      -0.99997432582819312     
  0.42666666666666669      -0.99995599645033695     
  0.43000000000000005      -0.99992546413262751     
  0.43333333333333335      -0.99987523309875170     
  0.43666666666666670      -0.99979361944030309     
  0.44000000000000000      -0.99966266949615623     
  0.44333333333333336      -0.99945519460762089     
  0.44666666666666671      -0.99913062842749245     
  0.45000000000000001      -0.99862935680793063     
  0.45333333333333337      -0.99786512526144611     
  0.45666666666666672      -0.99671510983936429     
  0.46000000000000002      -0.99500726435741682     
  0.46333333333333337      -0.99250465613876415     
  0.46666666666666667      -0.98888670409392809     
  0.47000000000000003      -0.98372756862549293     
  0.47333333333333338      -0.97647244029488367     
  0.47666666666666668      -0.96641314960780389     
  0.48000000000000004      -0.95266536815410674     
  0.48333333333333334      -0.93415065269543174     
  0.48666666666666669      -0.90958761436464075     
  0.49000000000000005      -0.87749743611764885     
  0.49333333333333335      -0.83622961642910509     
  0.49666666666666670      -0.78401393870660119     
  0.50000000000000000      -0.71904397729986813     
  0.50333333333333341      -0.63959568445687487     
  0.50666666666666671      -0.54418155497228626     
  0.51000000000000001      -0.43173646786850944     
  0.51333333333333342      -0.30182569801339026     
  0.51666666666666672      -0.15485919157747241     
  0.52000000000000002        7.7102615931481516E-003
  0.52333333333333332       0.18323281334113933     
  0.52666666666666673       0.36778240825741448     
  0.53000000000000003       0.55618349639894860     
  0.53333333333333333       0.74216935932817119     
  0.53666666666666674       0.91868730972182366     
  0.54000000000000004        1.0783501234979127     
  0.54333333333333333        1.2140127899217787     
  0.54666666666666675        1.3194311802662342     
  0.55000000000000004        1.3899377486145730     
  0.55333333333333334        1.4230528258693311     
  0.55666666666666675        1.4189425386456840     
  0.56000000000000005        1.3806393415006553     
  0.56333333333333335        1.3139605668919394     
  0.56666666666666665        1.2270939767707323     
  0.57000000000000006        1.1298639876686409     
  0.57333333333333336        1.0327422089048885     
  0.57666666666666666       0.94571316645095826     
  0.58000000000000007       0.87714158170967860     
  0.58333333333333337       0.83280302179874410     
  0.58666666666666667       0.81522937580987054     
  0.59000000000000008       0.82348289157275256     
  0.59333333333333338       0.85341111389972490     
  0.59666666666666668       0.89835893631574848     
  0.60000000000000009       0.95023614417013136     
  0.60333333333333339        1.0007741426674543     
  0.60666666666666669        1.0427677036106853     
  0.60999999999999999        1.0710958972261910     
  0.61333333333333340        1.0833534517775552     
  0.61666666666666670        1.0799941384215535     
  0.62000000000000000        1.0639784873629199     
  0.62333333333333341        1.0400111903867910     
  0.62666666666666671        1.0135296082678709     
  0.63000000000000000       0.98964760830211651     
  0.63333333333333341       0.97225920165587154     
  0.63666666666666671       0.96346422472084881     
  0.64000000000000001       0.96340334594746513     
  0.64333333333333342       0.97049922393856047     
  0.64666666666666672       0.98201538975478220     
  0.65000000000000002       0.99478351521391351     
  0.65333333333333332        1.0059260662169716     
  0.65666666666666673        1.0134184972412181     
  0.66000000000000003        1.0163866673423108     
  0.66333333333333333        1.0151064922325603     
  0.66666666666666674        1.0107453318550430     
  0.67000000000000004        1.0049404607655865     
  0.67333333333333334       0.99933683111314964     
  0.67666666666666675       0.99520021829220984     
  0.68000000000000005       0.99318759737614271     
  0.68333333333333335       0.99330600662996082     
  0.68666666666666676       0.99503917152117571     
  0.69000000000000006       0.99758158493333093     
  0.69333333333333336        1.0001015146973478     
  0.69666666666666666        1.0019596347623145     
  0.70000000000000007        1.0028340323400444     
  0.70333333333333337        1.0027359535028677     
  0.70666666666666667        1.0019330794755299     
  0.71000000000000008        1.0008194604467533     
  0.71333333333333337       0.99977873900394743     
  0.71666666666666667       0.99908024445196209     
  0.72000000000000008       0.99883042671900679     
  0.72333333333333338       0.99898167623874790     
  0.72666666666666668       0.99938347030946262     
  0.73000000000000009       0.99985149600413814     
  0.73333333333333339        1.0002302569531156     
  0.73666666666666669        1.0004319577824616     
  0.74000000000000010        1.0004454706156234     
  0.74333333333333340        1.0003197542337665     
  0.74666666666666670        1.0001329993068384     
  0.75000000000000000       0.99996060065563075     
  0.75333333333333341       0.99985231644974903     
  0.75666666666666671       0.99982354766883308     
  0.76000000000000001       0.99985992139621593     
  0.76333333333333342       0.99993024661469865     
  0.76666666666666672        1.0000014135455009     
  0.77000000000000002        1.0000498109661271     
  0.77333333333333343        1.0000664048539281     
  0.77666666666666673        1.0000555046443671     
  0.78000000000000003        1.0000293772704036     
  0.78333333333333344        1.0000017062174045     
  0.78666666666666674       0.99998247201497259     
  0.79000000000000004       0.99997562366691206     
  0.79333333333333333       0.99997954897110475     
  0.79666666666666675       0.99998936064634603     
  0.80000000000000004       0.99999965022453219     
  0.80333333333333334        1.0000065841964103     
  0.80666666666666675        1.0000087841558767     
  0.81000000000000005        1.0000070407592363     
  0.81333333333333335        1.0000033243486579     
  0.81666666666666676       0.99999967530350664     
  0.82000000000000006       0.99999742415322701     
  0.82333333333333336       0.99999692927125228     
  0.82666666666666677       0.99999776616509550     
  0.83000000000000007       0.99999915139878182     
  0.83333333333333337        1.0000003630781233     
  0.83666666666666667        1.0000009972191832     
  0.84000000000000008        1.0000010147738445     
  0.84333333333333338        1.0000006305282285     
  0.84666666666666668        1.0000001404371577     
  0.85000000000000009       0.99999977637957782     
  0.85333333333333339       0.99999963674473191     
  0.85666666666666669       0.99999969462421368     
  0.86000000000000010       0.99999985351324638     
  0.86333333333333340        1.0000000114361818     
  0.86666666666666670        1.0000001044153217     
  0.87000000000000011        1.0000001187483021     
  0.87333333333333341        1.0000000780987408     
  0.87666666666666671        1.0000000197304200     
  0.88000000000000000       0.99999997364129156     
  0.88333333333333341       0.99999995217301041     
  0.88666666666666671       0.99999995042326151     
  0.89000000000000001       0.99999995289181953     
  0.89333333333333342       0.99999994044939278     
  0.89666666666666672       0.99999989313907700     
  0.90000000000000002       0.99999978672212697     
  0.90333333333333343       0.99999958257039212     
  0.90666666666666673       0.99999921053042451     
  0.91000000000000003       0.99999854258554133     
  0.91333333333333344       0.99999735181886318     
  0.91666666666666674       0.99999524659769556     
  0.92000000000000004       0.99999156392887112     
  0.92333333333333334       0.99998519792222196     
  0.92666666666666675       0.99997432814165288     
  0.93000000000000005       0.99995599695111537     
  0.93333333333333335       0.99992546334721477     
  0.93666666666666676       0.99987523191996208     
  0.94000000000000006       0.99979361857032567     
  0.94333333333333336       0.99966266920348512     
  0.94666666666666677       0.99945519478289269     
  0.95000000000000007       0.99913062879101977     
  0.95333333333333337       0.99862935711063816     
  0.95666666666666678       0.99786512538818217     
  0.96000000000000008       0.99671510980642342     
  0.96333333333333337       0.99500726424925379     
  0.96666666666666667       0.99250465603911908     
  0.97000000000000008       0.98888670404639234     
  0.97333333333333338       0.98372756862994704     
  0.97666666666666668       0.97647244032637648     
  0.98000000000000009       0.96641314963928104     
  0.98333333333333339       0.95266536817038028     
  0.98666666666666669       0.93415065269536601     
  0.99000000000000010       0.90958761435555247     
  0.99333333333333340       0.87749743610801700     
  0.99666666666666670       0.83622961642389937     
