   0.0000000000000000       0.99986487861629547     
   3.3333333333333335E-003  0.99999805253633822     
   6.6666666666666671E-003   1.0000963476778768     
   1.0000000000000000E-002   1.0001414105172244     
   1.3333333333333334E-002   1.0001345005690461     
   1.6666666666666666E-002   1.0000912936603259     
   2.0000000000000000E-002   1.0000338050341899     
   2.3333333333333334E-002  0.99998244388482738     
   2.6666666666666668E-002  0.99995048578176349     
   3.0000000000000002E-002  0.99994200920037013     
   3.3333333333333333E-002  0.99995306923584326     
   3.6666666666666667E-002  0.99997496632866689     
   4.0000000000000001E-002  0.99999810884799933     
   4.3333333333333335E-002   1.0000151504005745     
   4.6666666666666669E-002   1.0000226266080585     
   5.0000000000000003E-002   1.0000209698344014     
   5.3333333333333337E-002   1.0000133142178307     
   5.6666666666666671E-002   1.0000037778020625     
   6.0000000000000005E-002  0.99999589860117077     
   6.3333333333333339E-002  0.99999167887266305     
   6.6666666666666666E-002  0.99999137997889942     
   7.0000000000000007E-002  0.99999393173481499     
   7.3333333333333334E-002  0.99999765725462197     
   7.6666666666666675E-002   1.0000009911903796     
   8.0000000000000002E-002   1.0000029579469145     
   8.3333333333333343E-002   1.0000033188313233     
   8.6666666666666670E-002   1.0000024317322327     
   9.0000000000000011E-002   1.0000009506466534     
   9.3333333333333338E-002  0.99999951032369705     
   9.6666666666666679E-002  0.99999850483429309     
  0.10000000000000001       0.99999800496326774     
  0.10333333333333335       0.99999779715335768     
  0.10666666666666667       0.99999748699223223     
  0.11000000000000000       0.99999660006656099     
  0.11333333333333334       0.99999462705138387     
  0.11666666666666667       0.99999098547439702     
  0.12000000000000001       0.99998489408899238     
  0.12333333333333334       0.99997516769272088     
  0.12666666666666668       0.99995993729200316     
  0.13000000000000000       0.99993628507220678     
  0.13333333333333333       0.99989976107770118     
  0.13666666666666669       0.99984372438095770     
  0.14000000000000001       0.99975842942184878     
  0.14333333333333334       0.99962975910527252     
  0.14666666666666667       0.99943748916494768     
  0.15000000000000002       0.99915295170842988     
  0.15333333333333335       0.99873594923187370     
  0.15666666666666668       0.99813075532462570     
  0.16000000000000000       0.99726102892839386     
  0.16333333333333333       0.99602347193967877     
  0.16666666666666669       0.99428008358433861     
  0.17000000000000001       0.99184891894417526     
  0.17333333333333334       0.98849335324102539     
  0.17666666666666667       0.98390999739798923     
  0.18000000000000002       0.97771561165014609     
  0.18333333333333335       0.96943362676255496     
  0.18666666666666668       0.95848120520602409     
  0.19000000000000000       0.94415814743189230     
  0.19333333333333336       0.92563934970266359     
  0.19666666666666668       0.90197291413871150     
  0.20000000000000001       0.87208634719433531     
  0.20333333333333334       0.83480349227368478     
  0.20666666666666669       0.78887484501734662     
  0.21000000000000002       0.73302360812935263     
  0.21333333333333335       0.66600917141035088     
  0.21666666666666667       0.58670858347479060     
  0.22000000000000000       0.49421497985335344     
  0.22333333333333336       0.38794986611155663     
  0.22666666666666668       0.26778371388112127     
  0.23000000000000001       0.13415668763856736     
  0.23333333333333334       -1.1811252114244990E-002
  0.23666666666666669      -0.16823377520650398     
  0.24000000000000002      -0.33240935914754310     
  0.24333333333333335      -0.50082448136430824     
  0.24666666666666667      -0.66922146058273213     
  0.25000000000000000      -0.83273999276480126     
  0.25333333333333335      -0.98613578404085001     
  0.25666666666666671       -1.1240721580499649     
  0.26000000000000001       -1.2414716013169205     
  0.26333333333333336       -1.3339047396535437     
  0.26666666666666666       -1.3979853474634492     
  0.27000000000000002       -1.4317330258902754     
  0.27333333333333337       -1.4348615424916398     
  0.27666666666666667       -1.4089517448627569     
  0.28000000000000003       -1.3574742891016354     
  0.28333333333333333       -1.2856393819755911     
  0.28666666666666668       -1.2000677393496866     
  0.29000000000000004       -1.1082975413444369     
  0.29333333333333333       -1.0181640093821491     
  0.29666666666666669      -0.93710840756964087     
  0.30000000000000004      -0.87148858307786858     
  0.30333333333333334      -0.82597062966874368     
  0.30666666666666670      -0.80307866627015001     
  0.31000000000000000      -0.80296611180520028     
  0.31333333333333335      -0.82344788088843890     
  0.31666666666666671      -0.86030105958641379     
  0.32000000000000001      -0.90780588456035871     
  0.32333333333333336      -0.95946440120615872     
  0.32666666666666666       -1.0088065385272935     
  0.33000000000000002       -1.0501774659327072     
  0.33333333333333337       -1.0793994344993743     
  0.33666666666666667       -1.0942170088002845     
  0.34000000000000002       -1.0944650988681333     
  0.34333333333333338       -1.0819402533176448     
  0.34666666666666668       -1.0600008920864106     
  0.35000000000000003       -1.0329640471054458     
  0.35333333333333333       -1.0053974583234249     
  0.35666666666666669      -0.98142085259582934     
  0.36000000000000004      -0.96412598874903321     
  0.36333333333333334      -0.95520211458053639     
  0.36666666666666670      -0.95481587714901617     
  0.37000000000000005      -0.96174931261110908     
  0.37333333333333335      -0.97375472968171140     
  0.37666666666666671      -0.98804942266344664     
  0.38000000000000000       -1.0018527814140168     
  0.38333333333333336       -1.0128669798454872     
  0.38666666666666671       -1.0196196759945044     
  0.39000000000000001       -1.0216189681334871     
  0.39333333333333337       -1.0193103018848699     
  0.39666666666666667       -1.0138638506922901     
  0.40000000000000002       -1.0068512778978933     
  0.40333333333333338      -0.99988702322925127     
  0.40666666666666668      -0.99430890438383424     
  0.41000000000000003      -0.99095712927273261     
  0.41333333333333339      -0.99008426034347374     
  0.41666666666666669      -0.99139782209436567     
  0.42000000000000004      -0.99420914630385837     
  0.42333333333333334      -0.99764261249961506     
  0.42666666666666669       -1.0008521463707807     
  0.43000000000000005       -1.0031971106977389     
  0.43333333333333335       -1.0043450607655053     
  0.43666666666666670       -1.0042896381575641     
  0.44000000000000000       -1.0032927173319224     
  0.44333333333333336       -1.0017759257102536     
  0.44666666666666671       -1.0001946397995367     
  0.45000000000000001      -0.99892662257301257     
  0.45333333333333337      -0.99819899446583182     
  0.45666666666666672      -0.99806429175126354     
  0.46000000000000002      -0.99842275603220776     
  0.46333333333333337      -0.99907718866789208     
  0.46666666666666667      -0.99980099397029543     
  0.47000000000000003       -1.0004001065974037     
  0.47333333333333338       -1.0007544476209902     
  0.47666666666666668       -1.0008323398143832     
  0.48000000000000004       -1.0006794557916210     
  0.48333333333333334       -1.0003901775962205     
  0.48666666666666669       -1.0000723523946706     
  0.49000000000000005      -0.99981605431382703     
  0.49333333333333335      -0.99967381620685292     
  0.49666666666666670      -0.99965522595438971     
  0.50000000000000000      -0.99973430039517741     
  0.50333333333333341      -0.99986487861628903     
  0.50666666666666671      -0.99999805253632390     
  0.51000000000000001       -1.0000963476778471     
  0.51333333333333342       -1.0001414105171624     
  0.51666666666666672       -1.0001345005689173     
  0.52000000000000002       -1.0000912936600603     
  0.52333333333333332       -1.0000338050336453     
  0.52666666666666673      -0.99998244388371793     
  0.53000000000000003      -0.99995048577952150     
  0.53333333333333333      -0.99994200919587728     
  0.53666666666666674      -0.99995306922691551     
  0.54000000000000004      -0.99997496631107696     
  0.54333333333333333      -0.99999810881363649     
  0.54666666666666675       -1.0000151503340176     
  0.55000000000000004       -1.0000226264802452     
  0.55333333333333334       -1.0000209695910480     
  0.55666666666666675       -1.0000133137584475     
  0.56000000000000005       -1.0000037769422836     
  0.56333333333333335      -0.99999589700576796     
  0.56666666666666665      -0.99999167593756721     
  0.57000000000000006      -0.99999137462538878     
  0.57333333333333336      -0.99999392205393867     
  0.57666666666666666      -0.99999763989881774     
  0.58000000000000007       -1.0000009603426987     
  0.58333333333333337       -1.0000029035917488     
  0.58666666666666667       -1.0000032238820522     
  0.59000000000000008       -1.0000022673079150     
  0.59333333333333338       -1.0000006683834615     
  0.59666666666666668      -0.99999902998734203     
  0.60000000000000009      -0.99999769456775622     
  0.60333333333333339      -0.99999665012092631     
  0.60666666666666669      -0.99999555164794962     
  0.60999999999999999      -0.99999379816041967     
  0.61333333333333340      -0.99999059390921574     
  0.61666666666666670      -0.99998493490273510     
  0.62000000000000000      -0.99997548517869528     
  0.62333333333333341      -0.99996032799789203     
  0.62666666666666671      -0.99993658554870146     
  0.63000000000000000      -0.99989989360983722     
  0.63333333333333341      -0.99984369730100242     
  0.63666666666666671      -0.99975830613539596     
  0.64000000000000001      -0.99962961699891495     
  0.64333333333333342      -0.99943738667129767     
  0.64666666666666672      -0.99915291305708853     
  0.65000000000000002      -0.99873596684781651     
  0.65333333333333332      -0.99813080327265780     
  0.65666666666666673      -0.99726107877842307     
  0.66000000000000003      -0.99602350429368225     
  0.66333333333333333      -0.99428009233636927     
  0.66666666666666674      -0.99184890906135015     
  0.67000000000000004      -0.98849333506985271     
  0.67333333333333334      -0.98390998084337056     
  0.67666666666666675      -0.97771560251339151     
  0.68000000000000005      -0.96943362592562077     
  0.68333333333333335      -0.95848121001064046     
  0.68666666666666676      -0.94415815396345892     
  0.69000000000000006      -0.92563935477079140     
  0.69333333333333336      -0.90197291627795728     
  0.69666666666666666      -0.87208634662906281     
  0.70000000000000007      -0.83480349022289568     
  0.70333333333333337      -0.78887484284917686     
  0.70666666666666667      -0.73302360675786471     
  0.71000000000000008      -0.66600917109204605     
  0.71333333333333337      -0.58670858394486547     
  0.71666666666666667      -0.49421498062462704     
  0.72000000000000008      -0.38794986675540161     
  0.72333333333333338      -0.26778371418161784     
  0.72666666666666668      -0.13415668760239016     
  0.73000000000000009        1.1811252343674888E-002
  0.73333333333333339       0.16823377545984933     
  0.73666666666666669       0.33240935930992921     
  0.74000000000000010       0.50082448140283942     
  0.74333333333333340       0.66922146052920617     
  0.74666666666666670       0.83273999267763010     
  0.75000000000000000       0.98613578397012158     
  0.75333333333333341        1.1240721580193309     
  0.75666666666666671        1.2414716013236926     
  0.76000000000000001        1.3339047396800465     
  0.76333333333333342        1.3979853474904536     
  0.76666666666666672        1.4317330259059129     
  0.77000000000000002        1.4348615424936659     
  0.77333333333333343        1.4089517448557431     
  0.77666666666666673        1.3574742890922813     
  0.78000000000000003        1.2856393819689438     
  0.78333333333333344        1.2000677393475758     
  0.78666666666666674        1.1082975413459522     
  0.79000000000000004        1.0181640093851398     
  0.79333333333333333       0.93710840757217317     
  0.79666666666666675       0.87148858307899979     
  0.80000000000000004       0.82597062966854407     
  0.80333333333333334       0.80307866626925917     
  0.80666666666666675       0.80296611180430666     
  0.81000000000000005       0.82344788088794796     
  0.81333333333333335       0.86030105958638037     
  0.81666666666666676       0.90780588456060618     
  0.82000000000000006       0.95946440120645582     
  0.82333333333333336        1.0088065385274829     
  0.82666666666666677        1.0501774659327470     
  0.83000000000000007        1.0793994344993090     
  0.83333333333333337        1.0942170088001890     
  0.83666666666666667        1.0944650988680644     
  0.84000000000000008        1.0819402533176232     
  0.84333333333333338        1.0600008920864261     
  0.84666666666666668        1.0329640471054751     
  0.85000000000000009        1.0053974583234480     
  0.85333333333333339       0.98142085259583800     
  0.85666666666666669       0.96412598874902955     
  0.86000000000000010       0.95520211458052695     
  0.86333333333333340       0.95481587714900762     
  0.86666666666666670       0.96174931261110452     
  0.87000000000000011       0.97375472968171040     
  0.87333333333333341       0.98804942266344731     
  0.87666666666666671        1.0018527814140170     
  0.88000000000000000        1.0128669798454863     
  0.88333333333333341        1.0196196759945029     
  0.88666666666666671        1.0216189681334851     
  0.89000000000000001        1.0193103018848686     
  0.89333333333333342        1.0138638506922897     
  0.89666666666666672        1.0068512778978940     
  0.90000000000000002       0.99988702322925216     
  0.90333333333333343       0.99430890438383523     
  0.90666666666666673       0.99095712927273349     
  0.91000000000000003       0.99008426034347430     
  0.91333333333333344       0.99139782209436600     
  0.91666666666666674       0.99420914630385882     
  0.92000000000000004       0.99764261249961572     
  0.92333333333333334        1.0008521463707813     
  0.92666666666666675        1.0031971106977393     
  0.93000000000000005        1.0043450607655056     
  0.93333333333333335        1.0042896381575641     
  0.93666666666666676        1.0032927173319224     
  0.94000000000000006        1.0017759257102534     
  0.94333333333333336        1.0001946397995365     
  0.94666666666666677       0.99892662257301212     
  0.95000000000000007       0.99819899446583149     
  0.95333333333333337       0.99806429175126310     
  0.95666666666666678       0.99842275603220709     
  0.96000000000000008       0.99907718866789141     
  0.96333333333333337       0.99980099397029498     
  0.96666666666666667        1.0004001065974033     
  0.97000000000000008        1.0007544476209902     
  0.97333333333333338        1.0008323398143830     
  0.97666666666666668        1.0006794557916210     
  0.98000000000000009        1.0003901775962207     
  0.98333333333333339        1.0000723523946706     
  0.98666666666666669       0.99981605431382770     
  0.99000000000000010       0.99967381620685392     
  0.99333333333333340       0.99965522595439138     
  0.99666666666666670       0.99973430039518052     
