   0.0000000000000000       0.84652489076567805     
   3.3333333333333335E-003  0.80880095563895338     
   6.6666666666666671E-003  0.79147090114258889     
   1.0000000000000000E-002  0.79437109480722157     
   1.3333333333333334E-002  0.81555325237636733     
   1.6666666666666666E-002  0.85150052238744567     
   2.0000000000000000E-002  0.89750472818479621     
   2.3333333333333334E-002  0.94816855231601715     
   2.6666666666666668E-002  0.99797962023474074     
   3.0000000000000002E-002   1.0418922971340705     
   3.3333333333333333E-002   1.0758495478184547     
   3.6666666666666667E-002   1.0971824793904736     
   4.0000000000000001E-002   1.1048390451353638     
   4.3333333333333335E-002   1.0994143975831432     
   4.6666666666666669E-002   1.0829809187608497     
   5.0000000000000003E-002   1.0587425396892676     
   5.3333333333333337E-002   1.0305617280951282     
   5.6666666666666671E-002   1.0024248343720394     
   6.0000000000000005E-002  0.97791953266019260     
   6.3333333333333339E-002  0.95979541037982397     
   6.6666666666666666E-002  0.94966553796547371     
   7.0000000000000007E-002  0.94788499011172445     
   7.3333333333333334E-002  0.95361514909277689     
   7.6666666666666675E-002  0.96505449946513944     
   8.0000000000000002E-002  0.97979205297768956     
   8.3333333333333343E-002  0.99522250484803920     
   8.6666666666666670E-002   1.0089554411463739     
   9.0000000000000011E-002   1.0191553551156987     
   9.3333333333333338E-002   1.0247639004170936     
   9.6666666666666679E-002   1.0255779408062582     
  0.10000000000000001        1.0221824980211764     
  0.10333333333333335        1.0157620718791334     
  0.10666666666666667        1.0078327517732346     
  0.11000000000000000       0.99994791548197726     
  0.11333333333333334       0.99343066531036517     
  0.11666666666666667       0.98917695300076292     
  0.12000000000000001       0.98755684222018680     
  0.12333333333333334       0.98842108247173099     
  0.12666666666666668       0.99120019527990855     
  0.13000000000000000       0.99506739049465120     
  0.13333333333333333       0.99912759631827763     
  0.13666666666666669        1.0025939270581241     
  0.14000000000000001        1.0049195556609347     
  0.14333333333333334        1.0058652312944028     
  0.14666666666666667        1.0054976160259246     
  0.15000000000000002        1.0041279299743515     
  0.15333333333333335        1.0022112160347860     
  0.15666666666666668        1.0002319732433371     
  0.16000000000000000       0.99860138444126112     
  0.16333333333333333       0.99758563005505629     
  0.16666666666666669       0.99727563567896660     
  0.17000000000000001       0.99759840457281923     
  0.17333333333333334       0.99836117636320898     
  0.17666666666666667       0.99931382845293204     
  0.18000000000000002        1.0002131028846177     
  0.18333333333333335        1.0008742996344022     
  0.18666666666666668        1.0012010552843662     
  0.19000000000000000        1.0011902012488429     
  0.19333333333333336        1.0009148145013294     
  0.19666666666666668        1.0004930560452134     
  0.20000000000000001        1.0000524259693211     
  0.20333333333333334       0.99969852754381650     
  0.20666666666666669       0.99949483651603377     
  0.21000000000000002       0.99945624985890991     
  0.21333333333333335       0.99955541320250030     
  0.21666666666666667       0.99973792499798231     
  0.22000000000000000       0.99994105959118829     
  0.22333333333333336        1.0001107648814307     
  0.22666666666666668        1.0002130843092931     
  0.23000000000000001        1.0002382613251013     
  0.23333333333333334        1.0001979510986825     
  0.23666666666666669        1.0001176263095028     
  0.24000000000000002        1.0000270834715803     
  0.24333333333333335       0.99995187234206340     
  0.24666666666666667       0.99990766987207103     
  0.25000000000000000       0.99989844474251866     
  0.25333333333333335       0.99991808990078956     
  0.25666666666666671       0.99995434887374079     
  0.26000000000000001       0.99999349466966847     
  0.26333333333333336        1.0000243426480806     
  0.26666666666666666        1.0000406609748027     
  0.27000000000000002        1.0000416802455996     
  0.27333333333333337        1.0000309900509905     
  0.27666666666666667        1.0000144923811343     
  0.28000000000000003       0.99999819511202770     
  0.28333333333333333       0.99998649759640179     
  0.28666666666666668       0.99998133338840356     
  0.29000000000000004       0.99998220736086807     
  0.29333333333333333       0.99998689862304224     
  0.29666666666666669       0.99999245973680984     
  0.30000000000000004       0.99999613983070779     
  0.30333333333333334       0.99999596398503776     
  0.30666666666666670       0.99999085806596211     
  0.31000000000000000       0.99998035800497276     
  0.31333333333333335       0.99996404132655270     
  0.31666666666666671       0.99994084744282441     
  0.32000000000000001       0.99990841797901431     
  0.32333333333333336       0.99986251298691309     
  0.32666666666666666       0.99979647357827883     
  0.33000000000000002       0.99970063216320137     
  0.33333333333333337       0.99956153270973613     
  0.33666666666666667       0.99936081675704491     
  0.34000000000000002       0.99907364754432704     
  0.34333333333333338       0.99866657104690848     
  0.34666666666666668       0.99809473657643666     
  0.35000000000000003       0.99729841400303110     
  0.35333333333333333       0.99619874986063162     
  0.35666666666666669       0.99469270718589631     
  0.36000000000000004       0.99264714424579359     
  0.36333333333333334       0.98989201629695922     
  0.36666666666666670       0.98621274118480862     
  0.37000000000000005       0.98134185942043661     
  0.37333333333333335       0.97495024392942542     
  0.37666666666666671       0.96663827187685125     
  0.38000000000000000       0.95592755556637810     
  0.38333333333333336       0.94225403299966015     
  0.38666666666666671       0.92496342926004260     
  0.39000000000000001       0.90331030086068353     
  0.39333333333333337       0.87646204434288222     
  0.39666666666666667       0.84350935926536941     
  0.40000000000000002       0.80348467000390766     
  0.40333333333333338       0.75538989219660369     
  0.40666666666666668       0.69823463939769970     
  0.41000000000000003       0.63108546925447584     
  0.41333333333333339       0.55312604299382662     
  0.41666666666666669       0.46372711219104745     
  0.42000000000000004       0.36252407344858872     
  0.42333333333333334       0.24949849789985357     
  0.42666666666666669       0.12505863859217020     
  0.43000000000000005       -9.8874266151577767E-003
  0.43333333333333335      -0.15387348239756754     
  0.43666666666666670      -0.30483987138464225     
  0.44000000000000000      -0.46012947706529417     
  0.44333333333333336      -0.61652257815026801     
  0.44666666666666671      -0.77031651994064698     
  0.45000000000000001      -0.91745349265998899     
  0.45333333333333337       -1.0536960623013172     
  0.45666666666666672       -1.1748456228479764     
  0.46000000000000002       -1.2769939295365484     
  0.46333333333333337       -1.3567927732887008     
  0.46666666666666667       -1.4117222296730887     
  0.47000000000000003       -1.4403344014468082     
  0.47333333333333338       -1.4424478210412637     
  0.47666666666666668       -1.4192682614469478     
  0.48000000000000004       -1.3734150222492330     
  0.48333333333333334       -1.3088379480870460     
  0.48666666666666669       -1.2306192933933531     
  0.49000000000000005       -1.1446654777918197     
  0.49333333333333335       -1.0573058064525811     
  0.49666666666666670      -0.97482706331473834     
  0.50000000000000000      -0.90298302704297617     
  0.50333333333333341      -0.84652489065730341     
  0.50666666666666671      -0.80880095558329390     
  0.51000000000000001      -0.79147090114236018     
  0.51333333333333342      -0.79437109484246438     
  0.51666666666666672      -0.81555325242035581     
  0.52000000000000002      -0.85150052241964402     
  0.52333333333333332      -0.89750472819676796     
  0.52666666666666673      -0.94816855231042507     
  0.53000000000000003      -0.99797962022027820     
  0.53333333333333333       -1.0418922971197995     
  0.53666666666666674       -1.0758495478100343     
  0.54000000000000004       -1.0971824793891216     
  0.54333333333333333       -1.1048390451389907     
  0.54666666666666675       -1.0994143975884150     
  0.55000000000000004       -1.0829809187650030     
  0.55333333333333334       -1.0587425396910279     
  0.55666666666666675       -1.0305617280946784     
  0.56000000000000005       -1.0024248343704021     
  0.56333333333333335      -0.97791953265849474     
  0.56666666666666665      -0.95979541037879157     
  0.57000000000000006      -0.94966553796528097     
  0.57333333333333336      -0.94788499011212968     
  0.57666666666666666      -0.95361514909338085     
  0.58000000000000007      -0.96505449946561239     
  0.58333333333333337      -0.97979205297788419     
  0.58666666666666667      -0.99522250484798158     
  0.59000000000000008       -1.0089554411461872     
  0.59333333333333338       -1.0191553551155130     
  0.59666666666666668       -1.0247639004169877     
  0.60000000000000009       -1.0255779408062458     
  0.60333333333333339       -1.0221824980212264     
  0.60666666666666669       -1.0157620718791991     
  0.60999999999999999       -1.0078327517732815     
  0.61333333333333340      -0.99994791548199224     
  0.61666666666666670      -0.99343066531035407     
  0.62000000000000000      -0.98917695300074060     
  0.62333333333333341      -0.98755684222016715     
  0.62666666666666671      -0.98842108247172134     
  0.63000000000000000      -0.99120019527990899     
  0.63333333333333341      -0.99506739049465753     
  0.63666666666666671      -0.99912759631828463     
  0.64000000000000001       -1.0025939270581288     
  0.64333333333333342       -1.0049195556609358     
  0.64666666666666672       -1.0058652312944014     
  0.65000000000000002       -1.0054976160259228     
  0.65333333333333332       -1.0041279299743506     
  0.65666666666666673       -1.0022112160347860     
  0.66000000000000003       -1.0002319732433382     
  0.66333333333333333      -0.99860138444126223     
  0.66666666666666674      -0.99758563005505696     
  0.67000000000000004      -0.99727563567896638     
  0.67333333333333334      -0.99759840457281745     
  0.67666666666666675      -0.99836117636320432     
  0.68000000000000005      -0.99931382845292227     
  0.68333333333333335       -1.0002131028845984     
  0.68666666666666676       -1.0008742996343640     
  0.69000000000000006       -1.0012010552842918     
  0.69333333333333336       -1.0011902012486984     
  0.69666666666666666       -1.0009148145010509     
  0.70000000000000007       -1.0004930560446808     
  0.70333333333333337       -1.0000524259683092     
  0.70666666666666667      -0.99969852754190702     
  0.71000000000000008      -0.99949483651245441     
  0.71333333333333337      -0.99945624985224546     
  0.71666666666666667      -0.99955541319017538     
  0.72000000000000008      -0.99973792497534353     
  0.72333333333333338      -0.99994105954988521     
  0.72666666666666668       -1.0001107648065863     
  0.73000000000000009       -1.0002130841745873     
  0.73333333333333339       -1.0002382610843015     
  0.73666666666666669       -1.0001979506711558     
  0.74000000000000010       -1.0001176255556210     
  0.74333333333333340       -1.0000270821512871     
  0.74666666666666670      -0.99995187004560404     
  0.75000000000000000      -0.99990766590506874     
  0.75333333333333341      -0.99989843793678568     
  0.75666666666666671      -0.99991807830529933     
  0.76000000000000001      -0.99995432925380390     
  0.76333333333333342      -0.99999346170168613     
  0.76666666666666672       -1.0000242876351426     
  0.77000000000000002       -1.0000405698144734     
  0.77333333333333343       -1.0000415302405794     
  0.77666666666666673       -1.0000307449448294     
  0.78000000000000003       -1.0000140946952201     
  0.78333333333333344      -0.99999755441591986     
  0.78666666666666674      -0.99998547270581939     
  0.79000000000000004      -0.99997970557970794     
  0.79333333333333333      -0.99997964042038501     
  0.79666666666666675      -0.99998287978855005     
  0.80000000000000004      -0.99998621317872316     
  0.80333333333333334      -0.99998650106703657     
  0.80666666666666675      -0.99998119929415230     
  0.81000000000000005      -0.99996840728561032     
  0.81333333333333335      -0.99994647178835727     
  0.81666666666666676      -0.99991327465969493     
  0.82000000000000006      -0.99986535972444701     
  0.82333333333333336      -0.99979701600281679     
  0.82666666666666677      -0.99969935665659893     
  0.83000000000000007      -0.99955934526092927     
  0.83333333333333337      -0.99935864971914201     
  0.83666666666666667      -0.99907216438207735     
  0.84000000000000008      -0.99866603486421557     
  0.84333333333333338      -0.99809503972087577     
  0.84666666666666668      -0.99729921604331118     
  0.85000000000000009      -0.99619965091210083     
  0.85333333333333339      -0.99469339182271865     
  0.85666666666666669      -0.99264745807579202     
  0.86000000000000010      -0.98989196921098555     
  0.86333333333333340      -0.98621245663858914     
  0.86666666666666670      -0.98134150133649523     
  0.87000000000000011      -0.97494995139121488     
  0.87333333333333341      -0.96663812083668754     
  0.87666666666666671      -0.95592755249128813     
  0.88000000000000000      -0.94225413339613384     
  0.88333333333333341      -0.92496356772380472     
  0.88666666666666671      -0.90331041924357425     
  0.89000000000000001      -0.87646210910938449     
  0.89333333333333342      -0.84350936534557508     
  0.89666666666666672      -0.80348463382266377     
  0.90000000000000002      -0.75538983947363492     
  0.90333333333333343      -0.69823459346506278     
  0.90666666666666673      -0.63108544376192865     
  0.91000000000000003      -0.55312604020275380     
  0.91333333333333344      -0.46372712575388203     
  0.91666666666666674      -0.36252409333370733     
  0.92000000000000004      -0.24949851507510848     
  0.92333333333333334      -0.12505864789011770     
  0.92666666666666675        9.8874259015339291E-003
  0.93000000000000005       0.15387348769357329     
  0.93333333333333335       0.30483987881033392     
  0.93666666666666676       0.46012948324941300     
  0.94000000000000006       0.61652258127927684     
  0.94333333333333336       0.77031651990618943     
  0.94666666666666677       0.91745349053900738     
  0.95000000000000007        1.0536960595726681     
  0.95333333333333337        1.1748456207176288     
  0.95666666666666678        1.2769939285845799     
  0.96000000000000008        1.3567927734638821     
  0.96333333333333337        1.4117222305234702     
  0.96666666666666667        1.4403344024229168     
  0.97000000000000008        1.4424478217345400     
  0.97333333333333338        1.4192682616953127     
  0.97666666666666668        1.3734150221141872     
  0.98000000000000009        1.3088379477538947     
  0.98333333333333339        1.2306192930582756     
  0.98666666666666669        1.1446654775833001     
  0.99000000000000010        1.0573058064056637     
  0.99333333333333340       0.97482706339004588     
  0.99666666666666670       0.90298302716787426     
