   0.0000000000000000       0.99999669123101542     
   3.3333333333333335E-003  0.99999436497764571     
   6.6666666666666671E-003  0.99999041534626243     
   1.0000000000000000E-002  0.99998380840636503     
   1.3333333333333334E-002  0.99997290998459432     
   1.6666666666666666E-002  0.99995515057768902     
   2.0000000000000000E-002  0.99992652959249484     
   2.3333333333333334E-002  0.99988089323422635     
   2.6666666666666668E-002  0.99980889599595280     
   3.0000000000000002E-002  0.99969652674943377     
   3.3333333333333333E-002  0.99952304767677191     
   3.6666666666666667E-002  0.99925815904890680     
   4.0000000000000001E-002  0.99885816765841129     
   4.3333333333333335E-002  0.99826090595783568     
   4.6666666666666669E-002  0.99737912961885700     
   5.0000000000000003E-002  0.99609212332376018     
   5.3333333333333337E-002  0.99423528129618277     
   5.6666666666666671E-002  0.99158751632473374     
   6.0000000000000005E-002  0.98785650652824719     
   6.3333333333333339E-002  0.98266203037757704     
   6.6666666666666666E-002  0.97551798187767691     
   7.0000000000000007E-002  0.96581410632519971     
   7.3333333333333334E-002  0.95279904705571616     
   7.6666666666666675E-002  0.93556692080308057     
   8.0000000000000002E-002  0.91305029482749434     
   8.3333333333333343E-002  0.88402304462005821     
   8.6666666666666670E-002  0.84711701736322320     
   9.0000000000000011E-002  0.80085657570369850     
   9.3333333333333338E-002  0.74371479223390269     
   9.6666666666666679E-002  0.67419414959478818     
  0.10000000000000001       0.59093294150090148     
  0.10333333333333335       0.49283609228224312     
  0.10666666666666667       0.37922584004868071     
  0.11000000000000000       0.25000381945468519     
  0.11333333333333334       0.10581185614480246     
  0.11666666666666667       -5.1825257315709049E-002
  0.12000000000000001      -0.22039494103295301     
  0.12333333333333334      -0.39635151295668503     
  0.12666666666666668      -0.57515117898719759     
  0.13000000000000000      -0.75138436079336901     
  0.13333333333333333      -0.91901523186819001     
  0.13666666666666669       -1.0717278246289941     
  0.14000000000000001       -1.2033648289233847     
  0.14333333333333334       -1.3084304643107367     
  0.14666666666666667       -1.3826144133097822     
  0.15000000000000002       -1.4232820360395413     
  0.15333333333333335       -1.4298693989612346     
  0.15666666666666668       -1.4041222627172347     
  0.16000000000000000       -1.3501276179572377     
  0.16333333333333333       -1.2741050265487135     
  0.16666666666666669       -1.1839518292090265     
  0.17000000000000001       -1.0885685070768996     
  0.17333333333333334      -0.99702394237323289     
  0.17666666666666667      -0.91764980705921151     
  0.18000000000000002      -0.85717336650424658     
  0.18333333333333335      -0.82000389285500930     
  0.18666666666666668      -0.80777666290467764     
  0.19000000000000000      -0.81922980005460322     
  0.19333333333333336      -0.85044574057880495     
  0.19666666666666668      -0.89543663502411430     
  0.20000000000000001      -0.94699966842781735     
  0.20333333333333334      -0.99772331682756699     
  0.20666666666666669       -1.0409975820287867     
  0.21000000000000002       -1.0718765276044881     
  0.21333333333333335       -1.0876623784268311     
  0.21666666666666667       -1.0881247223806012     
  0.22000000000000000       -1.0753289726765833     
  0.22333333333333336       -1.0531145995762328     
  0.22666666666666668       -1.0263234148992055     
  0.23000000000000001      -0.99991983992365918     
  0.23333333333333334      -0.97816027327837096     
  0.23666666666666669      -0.96395419871013066     
  0.24000000000000002      -0.95851835076422698     
  0.24333333333333335      -0.96136551168454953     
  0.24666666666666667      -0.97060367864782948     
  0.25000000000000000      -0.98346302286043907     
  0.25333333333333335      -0.99692914059785520     
  0.25666666666666671       -1.0083490665101205     
  0.26000000000000001       -1.0158928248780730     
  0.26333333333333336       -1.0187930710337048     
  0.26666666666666666       -1.0173386898527230     
  0.27000000000000002       -1.0126525057242151     
  0.27333333333333337       -1.0063263516944811     
  0.27666666666666667       -1.0000097399442960     
  0.28000000000000003      -0.99504760875874043     
  0.28333333333333333      -0.99224028425572686     
  0.28666666666666668      -0.99176206038974235     
  0.29000000000000004      -0.99323373661668546     
  0.29333333333333333      -0.99590931952653194     
  0.29666666666666669      -0.99891575671098609     
  0.30000000000000004       -1.0014806998965791     
  0.30333333333333334       -1.0030957971394439     
  0.30666666666666670       -1.0035867585509886     
  0.31000000000000000       -1.0030889905227038     
  0.31333333333333335       -1.0019514052720531     
  0.31666666666666671       -1.0006054481880262     
  0.32000000000000001      -0.99943900730959656     
  0.32333333333333336      -0.99870671686441048     
  0.32666666666666666      -0.99849304022367114     
  0.33000000000000002      -0.99872757338883378     
  0.33333333333333337      -0.99923814553155166     
  0.33666666666666667      -0.99981980868595000     
  0.34000000000000002       -1.0002977036873140     
  0.34333333333333338       -1.0005678179594157     
  0.34666666666666668       -1.0006090237758705     
  0.35000000000000003       -1.0004692239927639     
  0.35333333333333333       -1.0002352065442186     
  0.35666666666666669      -0.99999845454110636     
  0.36000000000000004      -0.99982769652400261     
  0.36333333333333334      -0.99975465210540670     
  0.36666666666666670      -0.99977409876628998     
  0.37000000000000005      -0.99985486443922700     
  0.37333333333333335      -0.99995584214442501     
  0.37666666666666671       -1.0000409693659560     
  0.38000000000000000       -1.0000888567047939     
  0.38333333333333336       -1.0000954308009986     
  0.38666666666666671       -1.0000705258098854     
  0.39000000000000001       -1.0000310281595173     
  0.39333333333333337      -0.99999362420851090     
  0.39666666666666667      -0.99996956170071050     
  0.40000000000000002      -0.99996257594290783     
  0.40333333333333338      -0.99996981011169150     
  0.40666666666666668      -0.99998462545578648     
  0.41000000000000003      -0.99999986543520258     
  0.41333333333333339       -1.0000103690260327     
  0.41666666666666669       -1.0000141030507148     
  0.42000000000000004       -1.0000119193756034     
  0.42333333333333334       -1.0000064074850685     
  0.42666666666666669       -1.0000004914708811     
  0.43000000000000005      -0.99999632669053240     
  0.43333333333333335      -0.99999479059606977     
  0.43666666666666670      -0.99999557096154557     
  0.44000000000000000      -0.99999764402731350     
  0.44333333333333336      -0.99999985755145637     
  0.44666666666666671       -1.0000013800309313     
  0.45000000000000001       -1.0000018959524801     
  0.45333333333333337       -1.0000015543691121     
  0.45666666666666672       -1.0000007654058627     
  0.46000000000000002      -0.99999996608759123     
  0.46333333333333337      -0.99999945095166387     
  0.46666666666666667      -0.99999930941942528     
  0.47000000000000003      -0.99999945900286547     
  0.47333333333333338      -0.99999973077131465     
  0.47666666666666668      -0.99999995724531965     
  0.48000000000000004       -1.0000000272475988     
  0.48333333333333334      -0.99999989524081889     
  0.48666666666666669      -0.99999955257095163     
  0.49000000000000005      -0.99999897774972968     
  0.49333333333333335      -0.99999808135287160     
  0.49666666666666670      -0.99999665168099694     
  0.50000000000000000      -0.99999429509108728     
  0.50333333333333341      -0.99999035392279723     
  0.50666666666666671      -0.99998377679973882     
  0.51000000000000001      -0.99997290982158060     
  0.51333333333333342      -0.99995517023179825     
  0.51666666666666672      -0.99992655370387995     
  0.52000000000000002      -0.99988091032065807     
  0.52333333333333332      -0.99980890172260151     
  0.52666666666666673      -0.99969652307104484     
  0.53000000000000003      -0.99952303969628653     
  0.53333333333333333      -0.99925815172556787     
  0.53666666666666674      -0.99885816379372216     
  0.54000000000000004      -0.99826090583483507     
  0.54333333333333333      -0.99737913183673044     
  0.54666666666666675      -0.99609212603123121     
  0.55000000000000004      -0.99423528315056509     
  0.55333333333333334      -0.99158751686978286     
  0.55666666666666675      -0.98785650604760467     
  0.56000000000000005      -0.98266202948553738     
  0.56333333333333335      -0.97551798112443588     
  0.56666666666666665      -0.96581410598274198     
  0.57000000000000006      -0.95279904710846131     
  0.57333333333333336      -0.93556692106832640     
  0.57666666666666666      -0.91305029510221791     
  0.58000000000000007      -0.88402304477883520     
  0.58333333333333337      -0.84711701738288725     
  0.58666666666666667      -0.80085657563256551     
  0.59000000000000008      -0.74371479214126057     
  0.59333333333333338      -0.67419414953122214     
  0.59666666666666668      -0.59093294148305842     
  0.60000000000000009      -0.49283609229915637     
  0.60333333333333339      -0.37922584007810112     
  0.60666666666666669      -0.25000381947790418     
  0.60999999999999999      -0.10581185615377460     
  0.61333333333333340        5.1825257319089407E-002
  0.61666666666666670       0.22039494104187415     
  0.62000000000000000       0.39635151296464061     
  0.62333333333333341       0.57515117899089119     
  0.62666666666666671       0.75138436079290216     
  0.63000000000000000       0.91901523186557521     
  0.63333333333333341        1.0717278246263935     
  0.63666666666666671        1.2033648289220229     
  0.64000000000000001        1.3084304643107214     
  0.64333333333333342        1.3826144133105320     
  0.64666666666666672        1.4232820360403622     
  0.65000000000000002        1.4298693989617011     
  0.65333333333333332        1.4041222627172787     
  0.65666666666666673        1.3501276179570250     
  0.66000000000000003        1.2741050265484610     
  0.66333333333333333        1.1839518292088751     
  0.66666666666666674        1.0885685070768780     
  0.67000000000000004       0.99702394237329339     
  0.67333333333333334       0.91764980705928756     
  0.67666666666666675       0.85717336650429410     
  0.68000000000000005       0.82000389285501751     
  0.68333333333333335       0.80777666290466044     
  0.68666666666666676       0.81922980005458079     
  0.69000000000000006       0.85044574057879085     
  0.69333333333333336       0.89543663502411164     
  0.69666666666666666       0.94699966842782213     
  0.70000000000000007       0.99772331682757309     
  0.70333333333333337        1.0409975820287904     
  0.70666666666666667        1.0718765276044888     
  0.71000000000000008        1.0876623784268298     
  0.71333333333333337        1.0881247223805999     
  0.71666666666666667        1.0753289726765829     
  0.72000000000000008        1.0531145995762330     
  0.72333333333333338        1.0263234148992064     
  0.72666666666666668       0.99991983992366007     
  0.73000000000000009       0.97816027327837141     
  0.73333333333333339       0.96395419871013077     
  0.73666666666666669       0.95851835076422665     
  0.74000000000000010       0.96136551168454865     
  0.74333333333333340       0.97060367864782837     
  0.74666666666666670       0.98346302286043752     
  0.75000000000000000       0.99692914059785376     
  0.75333333333333341        1.0083490665101189     
  0.75666666666666671        1.0158928248780714     
  0.76000000000000001        1.0187930710337034     
  0.76333333333333342        1.0173386898527221     
  0.76666666666666672        1.0126525057242146     
  0.77000000000000002        1.0063263516944811     
  0.77333333333333343        1.0000097399442960     
  0.77666666666666673       0.99504760875874065     
  0.78000000000000003       0.99224028425572708     
  0.78333333333333344       0.99176206038974268     
  0.78666666666666674       0.99323373661668579     
  0.79000000000000004       0.99590931952653239     
  0.79333333333333333       0.99891575671098654     
  0.79666666666666675        1.0014806998965795     
  0.80000000000000004        1.0030957971394445     
  0.80333333333333334        1.0035867585509890     
  0.80666666666666675        1.0030889905227041     
  0.81000000000000005        1.0019514052720528     
  0.81333333333333335        1.0006054481880260     
  0.81666666666666676       0.99943900730959612     
  0.82000000000000006       0.99870671686440993     
  0.82333333333333336       0.99849304022367036     
  0.82666666666666677       0.99872757338883311     
  0.83000000000000007       0.99923814553155110     
  0.83333333333333337       0.99981980868594944     
  0.83666666666666667        1.0002977036873133     
  0.84000000000000008        1.0005678179594155     
  0.84333333333333338        1.0006090237758705     
  0.84666666666666668        1.0004692239927639     
  0.85000000000000009        1.0002352065442184     
  0.85333333333333339       0.99999845454110592     
  0.85666666666666669       0.99982769652400183     
  0.86000000000000010       0.99975465210540604     
  0.86333333333333340       0.99977409876628964     
  0.86666666666666670       0.99985486443922689     
  0.87000000000000011       0.99995584214442512     
  0.87333333333333341        1.0000409693659562     
  0.87666666666666671        1.0000888567047945     
  0.88000000000000000        1.0000954308009995     
  0.88333333333333341        1.0000705258098865     
  0.88666666666666671        1.0000310281595193     
  0.89000000000000001       0.99999362420851323     
  0.89333333333333342       0.99996956170071372     
  0.89666666666666672       0.99996257594291338     
  0.90000000000000002       0.99996981011170305     
  0.90333333333333343       0.99998462545581179     
  0.90666666666666673       0.99999986543525876     
  0.91000000000000003        1.0000103690261575     
  0.91333333333333344        1.0000141030509893     
  0.91666666666666674        1.0000119193762014     
  0.92000000000000004        1.0000064074863597     
  0.92333333333333334        1.0000004914736413     
  0.92666666666666675       0.99999632669637228     
  0.93000000000000005       0.99999479060829921     
  0.93333333333333335       0.99999557098689373     
  0.93666666666666676       0.99999764407931713     
  0.94000000000000006       0.99999985765705901     
  0.94333333333333336        1.0000013802431960     
  0.94666666666666677        1.0000018963748030     
  0.95000000000000007        1.0000015552008381     
  0.95333333333333337        1.0000007670272506     
  0.95666666666666678       0.99999996921630074     
  0.96000000000000008       0.99999945692772185     
  0.96333333333333337       0.99999932071827380     
  0.96666666666666667       0.99999948014850915     
  0.97000000000000008       0.99999976994292339     
  0.97333333333333338        1.0000000290712032     
  0.97666666666666668        1.0000001576074122     
  0.98000000000000009        1.0000001294222964     
  0.98333333333333339       0.99999996895972132     
  0.98666666666666669       0.99999971052935832     
  0.99000000000000010       0.99999935768746806     
  0.99333333333333340       0.99999885186937243     
  0.99666666666666670       0.99999804866711406     
