   0.0000000000000000       0.99981102145593226     
   3.3333333333333335E-003  0.99969723291398138     
   6.6666666666666671E-003  0.99952013543889584     
   1.0000000000000000E-002  0.99924765331999077     
   1.3333333333333334E-002  0.99883323759342313     
   1.6666666666666666E-002  0.99821027314720634     
   2.0000000000000000E-002  0.99728478644729301     
   2.3333333333333334E-002  0.99592615109383131     
   2.6666666666666668E-002  0.99395553447854279     
   3.0000000000000002E-002  0.99113193562355839     
   3.3333333333333333E-002  0.98713585267549198     
   3.6666666666666667E-002  0.98155090882206986     
   4.0000000000000001E-002  0.97384417356550179     
   4.3333333333333335E-002  0.96334644862558072     
   4.6666666666666669E-002  0.94923443421948950     
   5.0000000000000003E-002  0.93051741829348278     
   5.3333333333333337E-002  0.90603187386249195     
   5.6666666666666671E-002  0.87444800740402495     
   6.0000000000000005E-002  0.83429273670810022     
   6.3333333333333339E-002  0.78399362054516319     
   6.6666666666666666E-002  0.72194772830447762     
   7.0000000000000007E-002  0.64661814558580766     
   7.3333333333333334E-002  0.55665862355359652     
   7.6666666666666675E-002  0.45106374270808414     
   8.0000000000000002E-002  0.32933795464636262     
   8.3333333333333343E-002  0.19167224219559567     
   8.6666666666666670E-002   3.9112355476608490E-002
   9.0000000000000011E-002 -0.12630170095888635     
   9.3333333333333338E-002 -0.30144821087128770     
   9.6666666666666679E-002 -0.48211232240345359     
  0.10000000000000001      -0.66307229382579014     
  0.10333333333333335      -0.83829895624018358     
  0.10666666666666667       -1.0012739121884937     
  0.11000000000000000       -1.1454183972961758     
  0.11333333333333334       -1.2646086687924141     
  0.11666666666666667       -1.3537370819512613     
  0.12000000000000001       -1.4092631316207094     
  0.12333333333333334       -1.4296884847538458     
  0.12666666666666668       -1.4158871591255682     
  0.13000000000000000       -1.3712286677213930     
  0.13333333333333333       -1.3014491549243290     
  0.13666666666666669       -1.2142526892455219     
  0.14000000000000001       -1.1186594548632578     
  0.14333333333333334       -1.0241552744218232     
  0.14666666666666667      -0.93973197045115464     
  0.15000000000000002      -0.87293421410957694     
  0.15333333333333335      -0.82903991203086436     
  0.15666666666666668      -0.81049377117267019     
  0.16000000000000000      -0.81668621121633944     
  0.16333333333333333      -0.84412455251283858     
  0.16666666666666669      -0.88698630976241233     
  0.17000000000000001      -0.93798435548163384     
  0.17333333333333334      -0.98942116309381656     
  0.17666666666666667       -1.0342744534585289     
  0.18000000000000002       -1.0671470795550104     
  0.18333333333333335       -1.0849333490592379     
  0.18666666666666668       -1.0871002567942254     
  0.19000000000000000       -1.0755478518210142     
  0.19333333333333336       -1.0540864105637577     
  0.19666666666666668       -1.0276352645912654     
  0.20000000000000001       -1.0012957441103494     
  0.20333333333333334      -0.97946901822898991     
  0.20666666666666669      -0.96517475935586816     
  0.21000000000000002      -0.95968157034367829     
  0.21333333333333335      -0.96249448339897559     
  0.21666666666666667      -0.97167254256606916     
  0.22000000000000000      -0.98438588472412181     
  0.22333333333333336      -0.99758011439058536     
  0.22666666666666668       -1.0086042644729396     
  0.23000000000000001       -1.0156784058587587     
  0.23333333333333334       -1.0181220262762174     
  0.23666666666666669       -1.0163230879283442     
  0.24000000000000002       -1.0114859924530484     
  0.24333333333333335       -1.0052412007985345     
  0.24666666666666667      -0.99922072109397064     
  0.25000000000000000      -0.99469898198184670     
  0.25333333333333335      -0.99237121456061073     
  0.25666666666666671      -0.99230012542126533     
  0.26000000000000001      -0.99401781937085887     
  0.26333333333333336      -0.99673466565008151     
  0.26666666666666666      -0.99958790402603726     
  0.27000000000000002       -1.0018630803768862     
  0.27333333333333337       -1.0031384454080172     
  0.27666666666666667       -1.0033297094434541     
  0.28000000000000003       -1.0026415684579133     
  0.28333333333333333       -1.0014553293739987     
  0.28666666666666668       -1.0001935564010704     
  0.29000000000000004      -0.99920150202166236     
  0.29333333333333333      -0.99867344317727735     
  0.29666666666666669      -0.99863476084964764     
  0.30000000000000004      -0.99897338006242598     
  0.30333333333333334      -0.99950183266894699     
  0.30666666666666670       -1.0000263720888523     
  0.31000000000000000       -1.0004023137081912     
  0.31333333333333335       -1.0005629422378526     
  0.31666666666666671       -1.0005195443618971     
  0.32000000000000001       -1.0003390074648271     
  0.32333333333333336       -1.0001105997262636     
  0.32666666666666666      -0.99991419611790477     
  0.33000000000000002      -0.99979905089225429     
  0.33333333333333337      -0.99977698259853987     
  0.33666666666666667      -0.99982857066049935     
  0.34000000000000002      -0.99991730061063278     
  0.34333333333333338       -1.0000053349350226     
  0.34666666666666668       -1.0000655972420365     
  0.35000000000000003       -1.0000873109242814     
  0.35333333333333333       -1.0000749167076410     
  0.35666666666666669       -1.0000424321682779     
  0.36000000000000004       -1.0000062655194619     
  0.36333333333333334      -0.99997922701474939     
  0.36666666666666670      -0.99996737662522528     
  0.37000000000000005      -0.99996997835857948     
  0.37333333333333335      -0.99998172416632025     
  0.37666666666666671      -0.99999585277783831     
  0.38000000000000000       -1.0000068592324562     
  0.38333333333333336       -1.0000119886082448     
  0.38666666666666671       -1.0000113490519027     
  0.39000000000000001       -1.0000070033997868     
  0.39333333333333337       -1.0000016530405385     
  0.39666666666666667      -0.99999749528217818     
  0.40000000000000002      -0.99999560617244443     
  0.40333333333333338      -0.99999591091519346     
  0.40666666666666668      -0.99999757501784881     
  0.41000000000000003      -0.99999954700055871     
  0.41333333333333339       -1.0000010091384008     
  0.41666666666666669       -1.0000016000454264     
  0.42000000000000004       -1.0000013985039142     
  0.42333333333333334       -1.0000007496981398     
  0.42666666666666669       -1.0000000485964962     
  0.43000000000000005      -0.99999957538086337     
  0.43333333333333335      -0.99999942819270271     
  0.43666666666666670      -0.99999954704231753     
  0.44000000000000000      -0.99999978977907089     
  0.44333333333333336       -1.0000000135167801     
  0.44666666666666671       -1.0000001277767459     
  0.45000000000000001       -1.0000001073505262     
  0.45333333333333337      -0.99999997204794333     
  0.45666666666666672      -0.99999975019108223     
  0.46000000000000002      -0.99999944191103152     
  0.46333333333333337      -0.99999899036627271     
  0.46666666666666667      -0.99999825888495819     
  0.47000000000000003      -0.99999700367937616     
  0.47333333333333338      -0.99999482671474182     
  0.47666666666666668      -0.99999109063905811     
  0.48000000000000004      -0.99998477502838157     
  0.48333333333333334      -0.99997424794403622     
  0.48666666666666669      -0.99995691693496891     
  0.49000000000000005      -0.99992870809660350     
  0.49333333333333335      -0.99988330035190420     
  0.49666666666666670      -0.99981101492725910     
  0.50000000000000000      -0.99969722745348988     
  0.50333333333333341      -0.99952013295422315     
  0.50666666666666671      -0.99924765370097202     
  0.51000000000000001      -0.99883323954016612     
  0.51333333333333342      -0.99821027519454364     
  0.51666666666666672      -0.99728478766565987     
  0.52000000000000002      -0.99592615128458550     
  0.52333333333333332      -0.99395553397273784     
  0.52666666666666673      -0.99113193492627016     
  0.53000000000000003      -0.98713585217314226     
  0.53333333333333333      -0.98155090865820349     
  0.53666666666666674      -0.97384417367430909     
  0.54000000000000004      -0.96334644884588094     
  0.54333333333333333      -0.94923443440594357     
  0.54666666666666675      -0.93051741837584734     
  0.55000000000000004      -0.90603187384680262     
  0.55333333333333334      -0.87444800733851924     
  0.55666666666666675      -0.83429273664372983     
  0.56000000000000005      -0.78399362051104682     
  0.56333333333333335      -0.72194772830354026     
  0.56666666666666665      -0.64661814560436304     
  0.57000000000000006      -0.55665862357468088     
  0.57333333333333336      -0.45106374272076033     
  0.57666666666666666      -0.32933795464830318     
  0.58000000000000007      -0.19167224219052503     
  0.58333333333333337       -3.9112355469964367E-002
  0.58666666666666667       0.12630170096326568     
  0.59000000000000008       0.30144821087230506     
  0.59333333333333338       0.48211232240209612     
  0.59666666666666668       0.66307229382375421     
  0.60000000000000009       0.83829895623874950     
  0.60333333333333339        1.0012739121880885     
  0.60666666666666669        1.1454183972965384     
  0.60999999999999999        1.2646086687930256     
  0.61333333333333340        1.3537370819517118     
  0.61666666666666670        1.4092631316208497     
  0.62000000000000000        1.4296884847537468     
  0.62333333333333341        1.4158871591253868     
  0.62666666666666671        1.3712286677212564     
  0.63000000000000000        1.3014491549242846     
  0.63333333333333341        1.2142526892455499     
  0.63666666666666671        1.1186594548633106     
  0.64000000000000001        1.0241552744218629     
  0.64333333333333342       0.93973197045116730     
  0.64666666666666672       0.87293421410956873     
  0.65000000000000002       0.82903991203084904     
  0.65333333333333332       0.81049377117265886     
  0.65666666666666673       0.81668621121633600     
  0.66000000000000003       0.84412455251284102     
  0.66333333333333333       0.88698630976241644     
  0.66666666666666674       0.93798435548163661     
  0.67000000000000004       0.98942116309381689     
  0.67333333333333334        1.0342744534585278     
  0.67666666666666675        1.0671470795550091     
  0.68000000000000005        1.0849333490592374     
  0.68333333333333335        1.0871002567942258     
  0.68666666666666676        1.0755478518210153     
  0.69000000000000006        1.0540864105637593     
  0.69333333333333336        1.0276352645912665     
  0.69666666666666666        1.0012957441103498     
  0.70000000000000007       0.97946901822899013     
  0.70333333333333337       0.96517475935586816     
  0.70666666666666667       0.95968157034367807     
  0.71000000000000008       0.96249448339897514     
  0.71333333333333337       0.97167254256606816     
  0.71666666666666667       0.98438588472412047     
  0.72000000000000008       0.99758011439058381     
  0.72333333333333338        1.0086042644729383     
  0.72666666666666668        1.0156784058587571     
  0.73000000000000009        1.0181220262762161     
  0.73333333333333339        1.0163230879283434     
  0.73666666666666669        1.0114859924530484     
  0.74000000000000010        1.0052412007985345     
  0.74333333333333340       0.99922072109397098     
  0.74666666666666670       0.99469898198184692     
  0.75000000000000000       0.99237121456061084     
  0.75333333333333341       0.99230012542126556     
  0.75666666666666671       0.99401781937085920     
  0.76000000000000001       0.99673466565008217     
  0.76333333333333342       0.99958790402603814     
  0.76666666666666672        1.0018630803768873     
  0.77000000000000002        1.0031384454080183     
  0.77333333333333343        1.0033297094434548     
  0.77666666666666673        1.0026415684579140     
  0.78000000000000003        1.0014553293739985     
  0.78333333333333344        1.0001935564010702     
  0.78666666666666674       0.99920150202166180     
  0.79000000000000004       0.99867344317727691     
  0.79333333333333333       0.99863476084964731     
  0.79666666666666675       0.99897338006242575     
  0.80000000000000004       0.99950183266894677     
  0.80333333333333334        1.0000263720888518     
  0.80666666666666675        1.0004023137081912     
  0.81000000000000005        1.0005629422378526     
  0.81333333333333335        1.0005195443618971     
  0.81666666666666676        1.0003390074648271     
  0.82000000000000006        1.0001105997262636     
  0.82333333333333336       0.99991419611790444     
  0.82666666666666677       0.99979905089225352     
  0.83000000000000007       0.99977698259853887     
  0.83333333333333337       0.99982857066049857     
  0.83666666666666667       0.99991730061063200     
  0.84000000000000008        1.0000053349350222     
  0.84333333333333338        1.0000655972420367     
  0.84666666666666668        1.0000873109242818     
  0.85000000000000009        1.0000749167076415     
  0.85333333333333339        1.0000424321682786     
  0.85666666666666669        1.0000062655194628     
  0.86000000000000010       0.99997922701475062     
  0.86333333333333340       0.99996737662522683     
  0.86666666666666670       0.99996997835858148     
  0.87000000000000011       0.99998172416632369     
  0.87333333333333341       0.99999585277784464     
  0.87666666666666671        1.0000068592324702     
  0.88000000000000000        1.0000119886082763     
  0.88333333333333341        1.0000113490519742     
  0.88666666666666671        1.0000070033999491     
  0.89000000000000001        1.0000016530409011     
  0.89333333333333342       0.99999749528298110     
  0.89666666666666672       0.99999560617420091     
  0.90000000000000002       0.99999591091899431     
  0.90333333333333343       0.99999757502598519     
  0.90666666666666673       0.99999954701778826     
  0.91000000000000003        1.0000010091744953     
  0.91333333333333344        1.0000016001202321     
  0.91666666666666674        1.0000013986572929     
  0.92000000000000004        1.0000007500092691     
  0.92333333333333334        1.0000000492209054     
  0.92666666666666675       0.99999957662066663     
  0.93000000000000005       0.99999943062823904     
  0.93333333333333335       0.99999955177597044     
  0.93666666666666676       0.99999979888152790     
  0.94000000000000006        1.0000000308340966     
  0.94333333333333336        1.0000001603724527     
  0.94666666666666677        1.0000001680513950     
  0.95000000000000007        1.0000000838834444     
  0.95333333333333337       0.99999995404026931     
  0.95666666666666678       0.99999980951116241     
  0.96000000000000008       0.99999964616583559     
  0.96333333333333337       0.99999941628978817     
  0.96666666666666667       0.99999902440101440     
  0.97000000000000008       0.99999831668242067     
  0.97333333333333338       0.99999705295472130     
  0.97666666666666668       0.99999485061341042     
  0.98000000000000009       0.99999108896763489     
  0.98333333333333339       0.99998475818306265     
  0.98666666666666669       0.99997422868121622     
  0.99000000000000010       0.99995690418882377     
  0.99333333333333340       0.99992870468122486     
  0.99666666666666670       0.99988330408830139     
