   0.0000000000000000       -1.0000000000000000     
   3.3333333333333335E-003 -0.99999999999999900     
   6.6666666666666671E-003 -0.99999999999997491     
   1.0000000000000000E-002 -0.99999999999960576     
   1.3333333333333334E-002 -0.99999999999533773     
   1.6666666666666666E-002 -0.99999999995590738     
   2.0000000000000000E-002 -0.99999999965284203     
   2.3333333333333334E-002 -0.99999999766114900     
   2.6666666666666668E-002 -0.99999998624530329     
   3.0000000000000002E-002 -0.99999992831570372     
   3.3333333333333333E-002 -0.99999966500909987     
   3.6666666666666667E-002 -0.99999858302769995     
   4.0000000000000001E-002 -0.99999453321658371     
   4.3333333333333335E-002 -0.99998064078490301     
   4.6666666666666669E-002 -0.99993674143663247     
   5.0000000000000003E-002 -0.99980841777822294     
   5.3333333333333337E-002 -0.99946020443577788     
   5.6666666666666671E-002 -0.99858051387464175     
   6.0000000000000005E-002 -0.99650663417441032     
   6.3333333333333339E-002 -0.99193555103195730     
   6.6666666666666666E-002 -0.98250250254224691     
   7.0000000000000007E-002 -0.96425913774099870     
   7.3333333333333334E-002 -0.93117630096553294     
   7.6666666666666675E-002 -0.87492177941460958     
   8.0000000000000002E-002 -0.78527430012715882     
   8.3333333333333343E-002 -0.65154705015815961     
   8.6666666666666670E-002 -0.46520962790239051     
   9.0000000000000011E-002 -0.22346517727299339     
   9.3333333333333338E-002   6.7071942484042704E-002
   9.6666666666666679E-002  0.38801183964250807     
  0.10000000000000001       0.70970965462430258     
  0.10333333333333335       0.99568912780867447     
  0.10666666666666667        1.2106769089105192     
  0.11000000000000000        1.3302677152048927     
  0.11333333333333334        1.3489336718460700     
  0.11666666666666667        1.2829825980727767     
  0.12000000000000001        1.1665565736521604     
  0.12333333333333334        1.0414518552622463     
  0.12666666666666668       0.94428158856535072     
  0.13000000000000000       0.89589691484409384     
  0.13333333333333333       0.89716603741639767     
  0.13666666666666669       0.93243323192585681     
  0.14000000000000001       0.97857486383805592     
  0.14333333333333334        1.0152637351822327     
  0.14666666666666667        1.0319879343834826     
  0.15000000000000002        1.0294453333716669     
  0.15333333333333335        1.0158966674840240     
  0.15666666666666668        1.0012814499288174     
  0.16000000000000000       0.99234072764203618     
  0.16333333333333333       0.99072477196444797     
  0.16666666666666669       0.99409046840949011     
  0.17000000000000001       0.99871238175421528     
  0.17333333333333334        1.0018164469580757     
  0.17666666666666667        1.0025612160678352     
  0.18000000000000002        1.0016577377187861     
  0.18333333333333335        1.0003419720456801     
  0.18666666666666668       0.99949859761463222     
  0.19000000000000000       0.99934719851187281     
  0.19333333333333336       0.99962795538382032     
  0.19666666666666668       0.99996913598144188     
  0.20000000000000001        1.0001487424778410     
  0.20333333333333334        1.0001480739690287     
  0.20666666666666669        1.0000620153536839     
  0.21000000000000002       0.99998636478446223     
  0.21333333333333335       0.99996047976302949     
  0.21666666666666667       0.99997284894786642     
  0.22000000000000000       0.99999485167099722     
  0.22333333333333336        1.0000075333555873     
  0.22666666666666668        1.0000082192910749     
  0.23000000000000001        1.0000033033435358     
  0.23333333333333334       0.99999914825915537     
  0.23666666666666669       0.99999799686518653     
  0.24000000000000002       0.99999884071761469     
  0.24333333333333335       0.99999994351958621     
  0.24666666666666667        1.0000004164222531     
  0.25000000000000000        1.0000003204517167     
  0.25333333333333335        1.0000000657706458     
  0.25666666666666671       0.99999992376057067     
  0.26000000000000001       0.99999992306810548     
  0.26333333333333336       0.99999997645467698     
  0.26666666666666666        1.0000000126212851     
  0.27000000000000002        1.0000000168118428     
  0.27333333333333337        1.0000000063094918     
  0.27666666666666667       0.99999999804052342     
  0.28000000000000003       0.99999999655823635     
  0.28333333333333333       0.99999999855686894     
  0.28666666666666668        1.0000000003043974     
  0.29000000000000004        1.0000000006725474     
  0.29333333333333333        1.0000000002948948     
  0.29666666666666669       0.99999999994808408     
  0.30000000000000004       0.99999999987322774     
  0.30333333333333334       0.99999999994520683     
  0.30666666666666670        1.0000000000102842     
  0.31000000000000000        1.0000000000231148     
  0.31333333333333335        1.0000000000092761     
  0.31666666666666671       0.99999999999773559     
  0.32000000000000001       0.99999999999594069     
  0.32333333333333336       0.99999999999858646     
  0.32666666666666666        1.0000000000005067     
  0.33000000000000002        1.0000000000006795     
  0.33333333333333337        1.0000000000001874     
  0.33666666666666667       0.99999999999989175     
  0.34000000000000002       0.99999999999989320     
  0.34333333333333338       0.99999999999998024     
  0.34666666666666668        1.0000000000000211     
  0.35000000000000003        1.0000000000000153     
  0.35333333333333333        1.0000000000000007     
  0.35666666666666669       0.99999999999999611     
  0.36000000000000004       0.99999999999999789     
  0.36333333333333334        1.0000000000000002     
  0.36666666666666670        1.0000000000000007     
  0.37000000000000005        1.0000000000000004     
  0.37333333333333335       0.99999999999999978     
  0.37666666666666671       0.99999999999999989     
  0.38000000000000000       0.99999999999999989     
  0.38333333333333336        1.0000000000000000     
  0.38666666666666671        1.0000000000000000     
  0.39000000000000001        1.0000000000000000     
  0.39333333333333337        1.0000000000000000     
  0.39666666666666667        1.0000000000000000     
  0.40000000000000002        1.0000000000000000     
  0.40333333333333338        1.0000000000000000     
  0.40666666666666668        1.0000000000000000     
  0.41000000000000003        1.0000000000000000     
  0.41333333333333339        1.0000000000000000     
  0.41666666666666669        1.0000000000000000     
  0.42000000000000004        1.0000000000000000     
  0.42333333333333334       0.99999999999999989     
  0.42666666666666669        1.0000000000000000     
  0.43000000000000005        1.0000000000000000     
  0.43333333333333335        1.0000000000000000     
  0.43666666666666670        1.0000000000000000     
  0.44000000000000000        1.0000000000000000     
  0.44333333333333336        1.0000000000000000     
  0.44666666666666671        1.0000000000000000     
  0.45000000000000001        1.0000000000000000     
  0.45333333333333337        1.0000000000000000     
  0.45666666666666672        1.0000000000000000     
  0.46000000000000002        1.0000000000000000     
  0.46333333333333337        1.0000000000000000     
  0.46666666666666667        1.0000000000000000     
  0.47000000000000003        1.0000000000000000     
  0.47333333333333338        1.0000000000000000     
  0.47666666666666668        1.0000000000000000     
  0.48000000000000004        1.0000000000000000     
  0.48333333333333334        1.0000000000000000     
  0.48666666666666669        1.0000000000000000     
  0.49000000000000005        1.0000000000000000     
  0.49333333333333335        1.0000000000000000     
  0.49666666666666670        1.0000000000000000     
  0.50000000000000000        1.0000000000000000     
  0.50333333333333341        1.0000000000000000     
  0.50666666666666671       0.99999999999999900     
  0.51000000000000001       0.99999999999997491     
  0.51333333333333342       0.99999999999960576     
  0.51666666666666672       0.99999999999533773     
  0.52000000000000002       0.99999999995590738     
  0.52333333333333332       0.99999999965284203     
  0.52666666666666673       0.99999999766114900     
  0.53000000000000003       0.99999998624530329     
  0.53333333333333333       0.99999992831570372     
  0.53666666666666674       0.99999966500909987     
  0.54000000000000004       0.99999858302769995     
  0.54333333333333333       0.99999453321658371     
  0.54666666666666675       0.99998064078490301     
  0.55000000000000004       0.99993674143663247     
  0.55333333333333334       0.99980841777822294     
  0.55666666666666675       0.99946020443577788     
  0.56000000000000005       0.99858051387464175     
  0.56333333333333335       0.99650663417441032     
  0.56666666666666665       0.99193555103195730     
  0.57000000000000006       0.98250250254224691     
  0.57333333333333336       0.96425913774099870     
  0.57666666666666666       0.93117630096553294     
  0.58000000000000007       0.87492177941460958     
  0.58333333333333337       0.78527430012715882     
  0.58666666666666667       0.65154705015815961     
  0.59000000000000008       0.46520962790239051     
  0.59333333333333338       0.22346517727299339     
  0.59666666666666668       -6.7071942484042704E-002
  0.60000000000000009      -0.38801183964250807     
  0.60333333333333339      -0.70970965462430258     
  0.60666666666666669      -0.99568912780867447     
  0.60999999999999999       -1.2106769089105192     
  0.61333333333333340       -1.3302677152048927     
  0.61666666666666670       -1.3489336718460700     
  0.62000000000000000       -1.2829825980727767     
  0.62333333333333341       -1.1665565736521604     
  0.62666666666666671       -1.0414518552622463     
  0.63000000000000000      -0.94428158856535072     
  0.63333333333333341      -0.89589691484409384     
  0.63666666666666671      -0.89716603741639767     
  0.64000000000000001      -0.93243323192585681     
  0.64333333333333342      -0.97857486383805592     
  0.64666666666666672       -1.0152637351822327     
  0.65000000000000002       -1.0319879343834826     
  0.65333333333333332       -1.0294453333716669     
  0.65666666666666673       -1.0158966674840240     
  0.66000000000000003       -1.0012814499288174     
  0.66333333333333333      -0.99234072764203618     
  0.66666666666666674      -0.99072477196444797     
  0.67000000000000004      -0.99409046840949011     
  0.67333333333333334      -0.99871238175421528     
  0.67666666666666675       -1.0018164469580757     
  0.68000000000000005       -1.0025612160678352     
  0.68333333333333335       -1.0016577377187861     
  0.68666666666666676       -1.0003419720456801     
  0.69000000000000006      -0.99949859761463222     
  0.69333333333333336      -0.99934719851187281     
  0.69666666666666666      -0.99962795538382032     
  0.70000000000000007      -0.99996913598144188     
  0.70333333333333337       -1.0001487424778410     
  0.70666666666666667       -1.0001480739690287     
  0.71000000000000008       -1.0000620153536839     
  0.71333333333333337      -0.99998636478446223     
  0.71666666666666667      -0.99996047976302949     
  0.72000000000000008      -0.99997284894786642     
  0.72333333333333338      -0.99999485167099722     
  0.72666666666666668       -1.0000075333555873     
  0.73000000000000009       -1.0000082192910749     
  0.73333333333333339       -1.0000033033435358     
  0.73666666666666669      -0.99999914825915537     
  0.74000000000000010      -0.99999799686518653     
  0.74333333333333340      -0.99999884071761469     
  0.74666666666666670      -0.99999994351958621     
  0.75000000000000000       -1.0000004164222531     
  0.75333333333333341       -1.0000003204517167     
  0.75666666666666671       -1.0000000657706458     
  0.76000000000000001      -0.99999992376057067     
  0.76333333333333342      -0.99999992306810548     
  0.76666666666666672      -0.99999997645467698     
  0.77000000000000002       -1.0000000126212851     
  0.77333333333333343       -1.0000000168118428     
  0.77666666666666673       -1.0000000063094918     
  0.78000000000000003      -0.99999999804052342     
  0.78333333333333344      -0.99999999655823635     
  0.78666666666666674      -0.99999999855686894     
  0.79000000000000004       -1.0000000003043974     
  0.79333333333333333       -1.0000000006725474     
  0.79666666666666675       -1.0000000002948948     
  0.80000000000000004      -0.99999999994808408     
  0.80333333333333334      -0.99999999987322774     
  0.80666666666666675      -0.99999999994520683     
  0.81000000000000005       -1.0000000000102842     
  0.81333333333333335       -1.0000000000231148     
  0.81666666666666676       -1.0000000000092761     
  0.82000000000000006      -0.99999999999773559     
  0.82333333333333336      -0.99999999999594069     
  0.82666666666666677      -0.99999999999858646     
  0.83000000000000007       -1.0000000000005067     
  0.83333333333333337       -1.0000000000006795     
  0.83666666666666667       -1.0000000000001874     
  0.84000000000000008      -0.99999999999989175     
  0.84333333333333338      -0.99999999999989320     
  0.84666666666666668      -0.99999999999998024     
  0.85000000000000009       -1.0000000000000211     
  0.85333333333333339       -1.0000000000000153     
  0.85666666666666669       -1.0000000000000007     
  0.86000000000000010      -0.99999999999999611     
  0.86333333333333340      -0.99999999999999789     
  0.86666666666666670       -1.0000000000000002     
  0.87000000000000011       -1.0000000000000007     
  0.87333333333333341       -1.0000000000000004     
  0.87666666666666671      -0.99999999999999978     
  0.88000000000000000      -0.99999999999999989     
  0.88333333333333341      -0.99999999999999989     
  0.88666666666666671       -1.0000000000000000     
  0.89000000000000001       -1.0000000000000000     
  0.89333333333333342       -1.0000000000000000     
  0.89666666666666672       -1.0000000000000000     
  0.90000000000000002       -1.0000000000000000     
  0.90333333333333343       -1.0000000000000000     
  0.90666666666666673       -1.0000000000000000     
  0.91000000000000003       -1.0000000000000000     
  0.91333333333333344       -1.0000000000000000     
  0.91666666666666674       -1.0000000000000000     
  0.92000000000000004       -1.0000000000000000     
  0.92333333333333334       -1.0000000000000000     
  0.92666666666666675      -0.99999999999999989     
  0.93000000000000005       -1.0000000000000000     
  0.93333333333333335       -1.0000000000000000     
  0.93666666666666676       -1.0000000000000000     
  0.94000000000000006       -1.0000000000000000     
  0.94333333333333336       -1.0000000000000000     
  0.94666666666666677       -1.0000000000000000     
  0.95000000000000007       -1.0000000000000000     
  0.95333333333333337       -1.0000000000000000     
  0.95666666666666678       -1.0000000000000000     
  0.96000000000000008       -1.0000000000000000     
  0.96333333333333337       -1.0000000000000000     
  0.96666666666666667       -1.0000000000000000     
  0.97000000000000008       -1.0000000000000000     
  0.97333333333333338       -1.0000000000000000     
  0.97666666666666668       -1.0000000000000000     
  0.98000000000000009       -1.0000000000000000     
  0.98333333333333339       -1.0000000000000000     
  0.98666666666666669       -1.0000000000000000     
  0.99000000000000010       -1.0000000000000000     
  0.99333333333333340       -1.0000000000000000     
  0.99666666666666670       -1.0000000000000000     
