   0.0000000000000000        1.0040306155827887     
   3.3333333333333335E-003   1.0025218667025007     
   6.6666666666666671E-003   1.0007885063203128     
   1.0000000000000000E-002  0.99925734249047204     
   1.3333333333333334E-002  0.99822660832849885     
   1.6666666666666666E-002  0.99782287390307534     
   2.0000000000000000E-002  0.99800478096080836     
   2.3333333333333334E-002  0.99860483608586670     
   2.6666666666666668E-002  0.99939294147073787     
   3.0000000000000002E-002   1.0001428375077559     
   3.3333333333333333E-002   1.0006850650024823     
   3.6666666666666667E-002   1.0009361038629714     
   4.0000000000000001E-002   1.0009009652616367     
   4.3333333333333335E-002   1.0006535557847500     
   4.6666666666666669E-002   1.0003039067200681     
   5.0000000000000003E-002  0.99996301604614057     
   5.3333333333333337E-002  0.99971467047608364     
   5.6666666666666671E-002  0.99960006495707554     
   6.0000000000000005E-002  0.99961661534629642     
   6.3333333333333339E-002  0.99972838411032838     
   6.6666666666666666E-002  0.99988298753721316     
   7.0000000000000007E-002   1.0000291542028745     
   7.3333333333333334E-002   1.0001301084495218     
   7.6666666666666675E-002   1.0001700692589235     
   8.0000000000000002E-002   1.0001535925450356     
   8.3333333333333343E-002   1.0000995070990295     
   8.6666666666666670E-002   1.0000323179510369     
   9.0000000000000011E-002  0.99997403761782477     
   9.3333333333333338E-002  0.99993863905116775     
   9.6666666666666679E-002  0.99993009654164866     
  0.10000000000000001       0.99994374040190503     
  0.10333333333333335       0.99996975990338699     
  0.10666666666666667       0.99999733274144698     
  0.11000000000000000        1.0000180280659274     
  0.11333333333333334        1.0000276598195279     
  0.11666666666666667        1.0000264205285512     
  0.12000000000000001        1.0000176791998392     
  0.12333333333333334        1.0000061358811319     
  0.12666666666666668       0.99999605152569948     
  0.13000000000000000       0.99999007225394931     
  0.13333333333333333       0.99998885599814147     
  0.13666666666666669       0.99999140963636635     
  0.14000000000000001       0.99999584701889688     
  0.14333333333333334        1.0000002202914251     
  0.14666666666666667        1.0000031429802445     
  0.15000000000000002        1.0000040618909236     
  0.15333333333333335        1.0000031835379453     
  0.15666666666666668        1.0000011690104436     
  0.16000000000000000       0.99999875384648895     
  0.16333333333333333       0.99999642914221842     
  0.16666666666666669       0.99999425924612617     
  0.17000000000000001       0.99999184002591179     
  0.17333333333333334       0.99998834549372329     
  0.17666666666666667       0.99998258322426481     
  0.18000000000000002       0.99997298056818418     
  0.18333333333333335       0.99995744397991893     
  0.18666666666666668       0.99993305846509595     
  0.19000000000000000       0.99989561057266541     
  0.19333333333333336       0.99983891946835635     
  0.19666666666666668       0.99975394593305611     
  0.20000000000000001       0.99962762318035459     
  0.20333333333333334       0.99944132301383770     
  0.20666666666666669       0.99916884249776539     
  0.21000000000000002       0.99877377447039761     
  0.21333333333333335       0.99820611220529210     
  0.21666666666666667       0.99739793544603117     
  0.22000000000000000       0.99625803331337670     
  0.22333333333333336       0.99466534221577207     
  0.22666666666666668       0.99246111912851875     
  0.23000000000000001       0.98943983970965221     
  0.23333333333333334       0.98533891497783999     
  0.23666666666666669       0.97982746744250759     
  0.24000000000000002       0.97249460301375856     
  0.24333333333333335       0.96283785973367042     
  0.24666666666666667       0.95025280301638215     
  0.25000000000000000       0.93402505603630592     
  0.25333333333333335       0.91332637950870310     
  0.25666666666666671       0.88721671238360023     
  0.26000000000000001       0.85465430718436608     
  0.26333333333333336       0.81451618337690146     
  0.26666666666666666       0.76563101406850498     
  0.27000000000000002       0.70682618825874755     
  0.27333333333333337       0.63699009198800560     
  0.27666666666666667       0.55514958392760483     
  0.28000000000000003       0.46056119210770347     
  0.28333333333333333       0.35281276152884972     
  0.28666666666666668       0.23193022815216457     
  0.29000000000000004        9.8482040787025632E-002
  0.29333333333333333       -4.6328274896528812E-002
  0.29666666666666669      -0.20059252913101780     
  0.30000000000000004      -0.36166324689998741     
  0.30333333333333334      -0.52616579366577287     
  0.30666666666666670      -0.69006744361251016     
  0.31000000000000000      -0.84881042068008428     
  0.31333333333333335      -0.99751114689833620     
  0.31666666666666671       -1.1312216635418662     
  0.32000000000000001       -1.2452418511378143     
  0.32333333333333336       -1.3354633234975286     
  0.32666666666666666       -1.3987185976026535     
  0.33000000000000002       -1.4331033932123713     
  0.33333333333333337       -1.4382367845157076     
  0.33666666666666667       -1.4154243915958333     
  0.34000000000000002       -1.3676945563514378     
  0.34333333333333338       -1.2996867309057454     
  0.34666666666666668       -1.2173847517195311     
  0.35000000000000003       -1.1277042400656394     
  0.35333333333333333       -1.0379613638941860     
  0.35666666666666669      -0.95526739804621741     
  0.36000000000000004      -0.88590743242465841     
  0.36333333333333334      -0.83476976965357086     
  0.36666666666666670      -0.80489305732491023     
  0.37000000000000005      -0.79718990559544622     
  0.37333333333333335      -0.81038871582961414     
  0.37666666666666671      -0.84121110573072011     
  0.38000000000000000      -0.88477339224338669     
  0.38333333333333336      -0.93517086659869686     
  0.38666666666666671      -0.98617740869990289     
  0.39000000000000001       -1.0319745884027585     
  0.39333333333333337       -1.0678172152474796     
  0.39666666666666667       -1.0905482577321859     
  0.40000000000000002       -1.0988951111247895     
  0.40333333333333338       -1.0935091411383575     
  0.40666666666666668       -1.0767470929817917     
  0.41000000000000003       -1.0522307579345351     
  0.41333333333333339       -1.0242541442034008     
  0.41666666666666669      -0.99712975385588887     
  0.42000000000000004      -0.97457344153168046     
  0.42333333333333334      -0.95921912168566459     
  0.42666666666666669      -0.95233148633315856     
  0.43000000000000005      -0.95375076783660551     
  0.43333333333333335      -0.96206436300836584     
  0.43666666666666670      -0.97496275875309524     
  0.44000000000000000      -0.98970830447150471     
  0.44333333333333336       -1.0036300275873737     
  0.44666666666666671       -1.0145583782006817     
  0.45000000000000001       -1.0211299357494432     
  0.45333333333333337       -1.0229201765219975     
  0.45666666666666672       -1.0203966149941839     
  0.46000000000000002       -1.0147181788475130     
  0.46333333333333337       -1.0074331003168786     
  0.46666666666666667       -1.0001421231911942     
  0.47000000000000003      -0.99419427090470891     
  0.47333333333333338      -0.99046961423343061     
  0.47666666666666668      -0.98928092815241642     
  0.48000000000000004      -0.99039917426305935     
  0.48333333333333334      -0.99318231477495966     
  0.48666666666666669      -0.99676825350913523     
  0.49000000000000005       -1.0002840800352322     
  0.49333333333333335       -1.0030261806011485     
  0.49666666666666670       -1.0045775976883176     
  0.50000000000000000       -1.0048467379573836     
  0.50333333333333341       -1.0040306155827889     
  0.50666666666666671       -1.0025218667025011     
  0.51000000000000001       -1.0007885063203137     
  0.51333333333333342      -0.99925734249047304     
  0.51666666666666672      -0.99822660832849974     
  0.52000000000000002      -0.99782287390307589     
  0.52333333333333332      -0.99800478096080869     
  0.52666666666666673      -0.99860483608586714     
  0.53000000000000003      -0.99939294147073854     
  0.53333333333333333       -1.0001428375077566     
  0.53666666666666674       -1.0006850650024826     
  0.54000000000000004       -1.0009361038629712     
  0.54333333333333333       -1.0009009652616361     
  0.54666666666666675       -1.0006535557847489     
  0.55000000000000004       -1.0003039067200661     
  0.55333333333333334      -0.99996301604613624     
  0.55666666666666675      -0.99971467047607487     
  0.56000000000000005      -0.99960006495705767     
  0.56333333333333335      -0.99961661534626023     
  0.56666666666666665      -0.99972838411025489     
  0.57000000000000006      -0.99988298753706439     
  0.57333333333333336       -1.0000291542025745     
  0.57666666666666666       -1.0001301084489220     
  0.58000000000000007       -1.0001700692577327     
  0.58333333333333337       -1.0001535925426879     
  0.58666666666666667       -1.0000995070944370     
  0.59000000000000008       -1.0000323179421216     
  0.59333333333333338      -0.99997403760065373     
  0.59666666666666668      -0.99993863901835622     
  0.60000000000000009      -0.99993009647944531     
  0.60333333333333339      -0.99994374028491284     
  0.60666666666666669      -0.99996975968508861     
  0.60999999999999999      -0.99999733233734300     
  0.61333333333333340       -1.0000180273237955     
  0.61666666666666670       -1.0000276584674215     
  0.62000000000000000       -1.0000264180846805     
  0.62333333333333341       -1.0000176748177827     
  0.62666666666666671       -1.0000061280863355     
  0.63000000000000000      -0.99999603777095769     
  0.63333333333333341      -0.99999004817629589     
  0.63666666666666671      -0.99998881418792840     
  0.64000000000000001      -0.99999133761707260     
  0.64333333333333342      -0.99999572396239234     
  0.64666666666666672       -1.0000000117272443     
  0.65000000000000002       -1.0000027923545913     
  0.65333333333333332       -1.0000034772287631     
  0.65666666666666673       -1.0000022165718492     
  0.66000000000000003      -0.99999958284256563     
  0.66333333333333333      -0.99999617334334368     
  0.66666666666666674      -0.99999226561289301     
  0.67000000000000004      -0.99998759724941577     
  0.67333333333333334      -0.99998126904836160     
  0.67666666666666675      -0.99997171232424786     
  0.68000000000000005      -0.99995663163991710     
  0.68333333333333335      -0.99993283290784973     
  0.68666666666666676      -0.99989586377388417     
  0.69000000000000006      -0.99983941401701582     
  0.69333333333333336      -0.99975443591948809     
  0.69666666666666666      -0.99962794143830103     
  0.70000000000000007      -0.99944141454869750     
  0.70333333333333337      -0.99916874863771643     
  0.70666666666666667      -0.99877358819792239     
  0.71000000000000008      -0.99820592916545681     
  0.71333333333333337      -0.99739781929039861     
  0.71666666666666667      -0.99625800328683234     
  0.72000000000000008      -0.99466538052631204     
  0.72333333333333338      -0.99246118928020510     
  0.72666666666666668      -0.98943990573746532     
  0.73000000000000009      -0.98533895431834628     
  0.73333333333333339      -0.97982747476614329     
  0.73666666666666669      -0.97249458649984133     
  0.74000000000000010      -0.96283783358673258     
  0.74333333333333340      -0.95025278020721160     
  0.74666666666666670      -0.93402504389420526     
  0.75000000000000000      -0.91332637888116963     
  0.75333333333333341      -0.88721671950811121     
  0.75666666666666671      -0.85465431667154224     
  0.76000000000000001      -0.81451619080619375     
  0.76333333333333342      -0.76563101733765304     
  0.76666666666666672      -0.70682618758869653     
  0.77000000000000002      -0.63699008903425014     
  0.77333333333333343      -0.55514958064323772     
  0.77666666666666673      -0.46056118988314593     
  0.78000000000000003      -0.35281276084843871     
  0.78333333333333344      -0.23193022872425109     
  0.78666666666666674       -9.8482041933071154E-002
  0.79000000000000004        4.6328273837058134E-002
  0.79333333333333333       0.20059252854573256     
  0.79666666666666675       0.36166324684745232     
  0.80000000000000004       0.52616579397065999     
  0.80333333333333334       0.69006744402044284     
  0.80666666666666675       0.84881042098867598     
  0.81000000000000005       0.99751114701996757     
  0.81333333333333335        1.1312216634971786     
  0.81666666666666676        1.2452418510074894     
  0.82000000000000006        1.3354633233671396     
  0.82333333333333336        1.3987185975257379     
  0.82666666666666677        1.4331033932003008     
  0.83000000000000007        1.4382367845487454     
  0.83333333333333337        1.4154243916429969     
  0.83666666666666667        1.3676945563876453     
  0.84000000000000008        1.2996867309200753     
  0.84333333333333338        1.2173847517144318     
  0.84666666666666668        1.1277042400508048     
  0.85000000000000009        1.0379613638796847     
  0.85333333333333339       0.95526739803807548     
  0.85666666666666669       0.88590743242384939     
  0.86000000000000010       0.83476976965755334     
  0.86333333333333340       0.80489305733008210     
  0.86666666666666670       0.79718990559910874     
  0.87000000000000011       0.81038871583078476     
  0.87333333333333341       0.84121110572988556     
  0.87666666666666671       0.88477339224171281     
  0.88000000000000000       0.93517086659725135     
  0.88333333333333341       0.98617740869922643     
  0.88666666666666671        1.0319745884028371     
  0.89000000000000001        1.0678172152479719     
  0.89333333333333342        1.0905482577327055     
  0.89666666666666672        1.0988951111250942     
  0.90000000000000002        1.0935091411383993     
  0.90333333333333343        1.0767470929816598     
  0.90666666666666673        1.0522307579343602     
  0.91000000000000003        1.0242541442032789     
  0.91333333333333344       0.99712975385585301     
  0.91666666666666674       0.97457344153171055     
  0.92000000000000004       0.95921912168571921     
  0.92333333333333334       0.95233148633320208     
  0.92666666666666675       0.95375076783662216     
  0.93000000000000005       0.96206436300835851     
  0.93333333333333335       0.97496275875307681     
  0.93666666666666676       0.98970830447148750     
  0.94000000000000006        1.0036300275873644     
  0.94333333333333336        1.0145583782006806     
  0.94666666666666677        1.0211299357494470     
  0.95000000000000007        1.0229201765220022     
  0.95333333333333337        1.0203966149941870     
  0.95666666666666678        1.0147181788475137     
  0.96000000000000008        1.0074331003168782     
  0.96333333333333337        1.0001421231911938     
  0.96666666666666667       0.99419427090470913     
  0.97000000000000008       0.99046961423343138     
  0.97333333333333338       0.98928092815241742     
  0.97666666666666668       0.99039917426306023     
  0.98000000000000009       0.99318231477496022     
  0.98333333333333339       0.99676825350913534     
  0.98666666666666669        1.0002840800352324     
  0.99000000000000010        1.0030261806011487     
  0.99333333333333340        1.0045775976883178     
  0.99666666666666670        1.0048467379573836     
