   0.0000000000000000      -0.99996601740730673     
   3.3333333333333335E-003 -0.99678841056790202     
   6.6666666666666671E-003 -0.99544299593357011     
   1.0000000000000000E-002 -0.99582427219593828     
   1.3333333333333334E-002 -0.99734037553244137     
   1.6666666666666666E-002 -0.99921365086392944     
   2.0000000000000000E-002  -1.0007670260980888     
   2.3333333333333334E-002  -1.0016091529472928     
   2.6666666666666668E-002  -1.0016827307204745     
   3.0000000000000002E-002  -1.0011929921667484     
   3.3333333333333333E-002  -1.0004690487251795     
   3.6666666666666667E-002 -0.99982090579585881     
   4.0000000000000001E-002 -0.99944135134663115     
   4.3333333333333335E-002 -0.99937446506753336     
   4.6666666666666669E-002 -0.99954394515273792     
   5.0000000000000003E-002 -0.99981522315606708     
   5.3333333333333337E-002  -1.0000601687266495     
   5.6666666666666671E-002  -1.0002005801887985     
   6.0000000000000005E-002  -1.0002208127386183     
   6.3333333333333339E-002  -1.0001538659101359     
   6.6666666666666666E-002  -1.0000538531554659     
   7.0000000000000007E-002 -0.99996916415358983     
   7.3333333333333334E-002 -0.99992620287088296     
   7.6666666666666675E-002 -0.99992663046254904     
   8.0000000000000002E-002 -0.99995496524033767     
   8.3333333333333343E-002 -0.99999032751175054     
   8.6666666666666670E-002  -1.0000164122714543     
   9.0000000000000011E-002  -1.0000263287513165     
   9.3333333333333338E-002  -1.0000220631597747     
   9.6666666666666679E-002  -1.0000105651033111     
  0.10000000000000001      -0.99999917770881586     
  0.10333333333333335      -0.99999250252127692     
  0.10666666666666667      -0.99999149879143101     
  0.11000000000000000      -0.99999441561706937     
  0.11333333333333334      -0.99999852293333691     
  0.11666666666666667       -1.0000016266816016     
  0.12000000000000001       -1.0000028002274661     
  0.12333333333333334       -1.0000023016970083     
  0.12666666666666668       -1.0000010104017329     
  0.13000000000000000      -0.99999980529638255     
  0.13333333333333333      -0.99999917989665355     
  0.13666666666666669      -0.99999917511966996     
  0.14000000000000001      -0.99999953947719444     
  0.14333333333333334      -0.99999995785951434     
  0.14666666666666667       -1.0000002191317372     
  0.15000000000000002       -1.0000002701103119     
  0.15333333333333335       -1.0000001757369623     
  0.15666666666666668       -1.0000000408645293     
  0.16000000000000000      -0.99999994522595803     
  0.16333333333333333      -0.99999991666194665     
  0.16666666666666669      -0.99999993972065460     
  0.17000000000000001      -0.99999998115659439     
  0.17333333333333334       -1.0000000132636389     
  0.17666666666666667       -1.0000000247675385     
  0.18000000000000002       -1.0000000192085707     
  0.18333333333333335       -1.0000000068388393     
  0.18666666666666668      -0.99999999671792950     
  0.19000000000000000      -0.99999999279654839     
  0.19333333333333336      -0.99999999421410724     
  0.19666666666666668      -0.99999999785025451     
  0.20000000000000001       -1.0000000008830696     
  0.20333333333333334       -1.0000000020690043     
  0.20666666666666669       -1.0000000016597306     
  0.21000000000000002       -1.0000000005987069     
  0.21333333333333335      -0.99999999972548159     
  0.21666666666666667      -0.99999999939040851     
  0.22000000000000000      -0.99999999949119178     
  0.22333333333333336      -0.99999999971578712     
  0.22666666666666668      -0.99999999975745302     
  0.23000000000000001      -0.99999999937010753     
  0.23333333333333334      -0.99999999823726782     
  0.23666666666666669      -0.99999999565674191     
  0.24000000000000002      -0.99999998997023076     
  0.24333333333333335      -0.99999997748991343     
  0.24666666666666667      -0.99999995036833789     
  0.25000000000000000      -0.99999989233502362     
  0.25333333333333335      -0.99999977029550968     
  0.25666666666666671      -0.99999951812926879     
  0.26000000000000001      -0.99999900610391157     
  0.26333333333333336      -0.99999798432007536     
  0.26666666666666666      -0.99999598026195058     
  0.27000000000000002      -0.99999211701340085     
  0.27333333333333337      -0.99998479742314506     
  0.27666666666666667      -0.99997116702119926     
  0.28000000000000003      -0.99994622052845694     
  0.28333333333333333      -0.99990134855654955     
  0.28666666666666668      -0.99982202799202446     
  0.29000000000000004      -0.99968423871301892     
  0.29333333333333333      -0.99944904188964090     
  0.29666666666666669      -0.99905458990788210     
  0.30000000000000004      -0.99840467570494984     
  0.30333333333333334      -0.99735280788658698     
  0.30666666666666670      -0.99568077698114732     
  0.31000000000000000      -0.99307084113783262     
  0.31333333333333335      -0.98907111148206006     
  0.31666666666666671      -0.98305457393998430     
  0.32000000000000001      -0.97417355023917673     
  0.32333333333333336      -0.96131333430350030     
  0.32666666666666666      -0.94305120571391576     
  0.33000000000000002      -0.91762983453975611     
  0.33333333333333337      -0.88295686654333183     
  0.33666666666666667      -0.83664459941396208     
  0.34000000000000002      -0.77610429905011358     
  0.34333333333333338      -0.69870789777134135     
  0.34666666666666668      -0.60202463840411324     
  0.35000000000000003      -0.48413104683971775     
  0.35333333333333333      -0.34397940854372433     
  0.35666666666666669      -0.18179360011661283     
  0.36000000000000004        5.5624345901358896E-004
  0.36333333333333334       0.19926389826515634     
  0.36666666666666670       0.40845449086526514     
  0.37000000000000005       0.62027958262077432     
  0.37333333333333335       0.82529373464867772     
  0.37666666666666671        1.0131337130392775     
  0.38000000000000000        1.1734742261279212     
  0.38333333333333336        1.2971777589237663     
  0.38666666666666671        1.3775001935011275     
  0.39000000000000001        1.4111708614308305     
  0.39333333333333337        1.3991484606585263     
  0.39666666666666667        1.3468733365031247     
  0.40000000000000002        1.2638964632565566     
  0.40333333333333338        1.1628618282768541     
  0.40666666666666668        1.0579377310401137     
  0.41000000000000003       0.96291116382137198     
  0.41333333333333339       0.88925083024203166     
  0.41666666666666669       0.84448304957947518     
  0.42000000000000004       0.83119406299895016     
  0.42333333333333334       0.84687007379845836     
  0.42666666666666669       0.88462833980222344     
  0.43000000000000005       0.93471053150559325     
  0.43333333333333335       0.98644487511228274     
  0.43666666666666670        1.0302775236214092     
  0.44000000000000000        1.0594557819503496     
  0.44333333333333336        1.0710250712603551     
  0.44666666666666671        1.0659616738570215     
  0.45000000000000001        1.0484659177498297     
  0.45333333333333337        1.0246343386125580     
  0.45666666666666672        1.0008644240100852     
  0.46000000000000002       0.98238716870768605     
  0.46333333333333337       0.97226195782025859     
  0.46666666666666667       0.97102494787449134     
  0.47000000000000003       0.97699865723943424     
  0.47333333333333338       0.98709944744221467     
  0.47666666666666668       0.99786767561578349     
  0.48000000000000004        1.0064195522723827     
  0.48333333333333334        1.0110801581781750     
  0.48666666666666669        1.0115780896557105     
  0.49000000000000005        1.0088221771680428     
  0.49333333333333335        1.0043961104104999     
  0.49666666666666670       0.99996601740730673     
  0.50000000000000000       0.99678841056790179     
  0.50333333333333341       0.99544299593356977     
  0.50666666666666671       0.99582427219593794     
  0.51000000000000001       0.99734037553244104     
  0.51333333333333342       0.99921365086392910     
  0.51666666666666672        1.0007670260980890     
  0.52000000000000002        1.0016091529472932     
  0.52333333333333332        1.0016827307204752     
  0.52666666666666673        1.0011929921667486     
  0.53000000000000003        1.0004690487251795     
  0.53333333333333333       0.99982090579585858     
  0.53666666666666674       0.99944135134663104     
  0.54000000000000004       0.99937446506753302     
  0.54333333333333333       0.99954394515273770     
  0.54666666666666675       0.99981522315606686     
  0.55000000000000004        1.0000601687266497     
  0.55333333333333334        1.0002005801887988     
  0.55666666666666675        1.0002208127386185     
  0.56000000000000005        1.0001538659101361     
  0.56333333333333335        1.0000538531554659     
  0.56666666666666665       0.99996916415358983     
  0.57000000000000006       0.99992620287088285     
  0.57333333333333336       0.99992663046254904     
  0.57666666666666666       0.99995496524033767     
  0.58000000000000007       0.99999032751175043     
  0.58333333333333337        1.0000164122714541     
  0.58666666666666667        1.0000263287513163     
  0.59000000000000008        1.0000220631597743     
  0.59333333333333338        1.0000105651033109     
  0.59666666666666668       0.99999917770881575     
  0.60000000000000009       0.99999250252127703     
  0.60333333333333339       0.99999149879143101     
  0.60666666666666669       0.99999441561706914     
  0.60999999999999999       0.99999852293333680     
  0.61333333333333340        1.0000016266816016     
  0.61666666666666670        1.0000028002274661     
  0.62000000000000000        1.0000023016970083     
  0.62333333333333341        1.0000010104017329     
  0.62666666666666671       0.99999980529638255     
  0.63000000000000000       0.99999917989665355     
  0.63333333333333341       0.99999917511966996     
  0.63666666666666671       0.99999953947719444     
  0.64000000000000001       0.99999995785951434     
  0.64333333333333342        1.0000002191317372     
  0.64666666666666672        1.0000002701103119     
  0.65000000000000002        1.0000001757369623     
  0.65333333333333332        1.0000000408645293     
  0.65666666666666673       0.99999994522595803     
  0.66000000000000003       0.99999991666194665     
  0.66333333333333333       0.99999993972065460     
  0.66666666666666674       0.99999998115659439     
  0.67000000000000004        1.0000000132636389     
  0.67333333333333334        1.0000000247675385     
  0.67666666666666675        1.0000000192085710     
  0.68000000000000005        1.0000000068388395     
  0.68333333333333335       0.99999999671793105     
  0.68666666666666676       0.99999999279655372     
  0.69000000000000006       0.99999999421412322     
  0.69333333333333336       0.99999999785030114     
  0.69666666666666666        1.0000000008832022     
  0.70000000000000007        1.0000000020693725     
  0.70333333333333337        1.0000000016607333     
  0.70666666666666667        1.0000000006013861     
  0.71000000000000008       0.99999999973250597     
  0.71333333333333337       0.99999999940848627     
  0.71666666666666667       0.99999999953686458     
  0.72000000000000008       0.99999999982908183     
  0.72333333333333338        1.0000000000334228     
  0.72666666666666668        1.0000000000302980     
  0.73000000000000009       0.99999999978852894     
  0.73333333333333339       0.99999999923734118     
  0.73666666666666669       0.99999999808966444     
  0.74000000000000010       0.99999999557976482     
  0.74333333333333340       0.99999998997057582     
  0.74666666666666670       0.99999997752965575     
  0.75000000000000000       0.99999995040679235     
  0.75333333333333341       0.99999989235204956     
  0.75666666666666671       0.99999977029246045     
  0.76000000000000001       0.99999951811777077     
  0.76333333333333342       0.99999900609447034     
  0.76666666666666672       0.99999798431685272     
  0.77000000000000002       0.99999598026360192     
  0.77333333333333343       0.99999211701655188     
  0.77666666666666673       0.99998479742528212     
  0.78000000000000003       0.99997116702164279     
  0.78333333333333344       0.99994622052782212     
  0.78666666666666674       0.99990134855574664     
  0.79000000000000004       0.99982202799159436     
  0.79333333333333333       0.99968423871301382     
  0.79666666666666675       0.99944904188984385     
  0.80000000000000004       0.99905458990806884     
  0.80333333333333334       0.99840467570502167     
  0.80666666666666675       0.99735280788656289     
  0.81000000000000005       0.99568077698109159     
  0.81333333333333335       0.99307084113779442     
  0.81666666666666676       0.98907111148205229     
  0.82000000000000006       0.98305457393999540     
  0.82333333333333336       0.97417355023919039     
  0.82666666666666677       0.96131333430350707     
  0.83000000000000007       0.94305120571391565     
  0.83333333333333337       0.91762983453975311     
  0.83666666666666667       0.88295686654332928     
  0.84000000000000008       0.83664459941396163     
  0.84333333333333338       0.77610429905011435     
  0.84666666666666668       0.69870789777134223     
  0.85000000000000009       0.60202463840411369     
  0.85333333333333339       0.48413104683971764     
  0.85666666666666669       0.34397940854372400     
  0.86000000000000010       0.18179360011661250     
  0.86333333333333340       -5.5624345901377631E-004
  0.86666666666666670      -0.19926389826515642     
  0.87000000000000011      -0.40845449086526531     
  0.87333333333333341      -0.62027958262077443     
  0.87666666666666671      -0.82529373464867783     
  0.88000000000000000       -1.0131337130392775     
  0.88333333333333341       -1.1734742261279214     
  0.88666666666666671       -1.2971777589237665     
  0.89000000000000001       -1.3775001935011280     
  0.89333333333333342       -1.4111708614308305     
  0.89666666666666672       -1.3991484606585263     
  0.90000000000000002       -1.3468733365031247     
  0.90333333333333343       -1.2638964632565564     
  0.90666666666666673       -1.1628618282768539     
  0.91000000000000003       -1.0579377310401132     
  0.91333333333333344      -0.96291116382137176     
  0.91666666666666674      -0.88925083024203144     
  0.92000000000000004      -0.84448304957947506     
  0.92333333333333334      -0.83119406299894993     
  0.92666666666666675      -0.84687007379845858     
  0.93000000000000005      -0.88462833980222355     
  0.93333333333333335      -0.93471053150559325     
  0.93666666666666676      -0.98644487511228252     
  0.94000000000000006       -1.0302775236214088     
  0.94333333333333336       -1.0594557819503490     
  0.94666666666666677       -1.0710250712603537     
  0.95000000000000007       -1.0659616738570203     
  0.95333333333333337       -1.0484659177498286     
  0.95666666666666678       -1.0246343386125571     
  0.96000000000000008       -1.0008644240100846     
  0.96333333333333337      -0.98238716870768583     
  0.96666666666666667      -0.97226195782025837     
  0.97000000000000008      -0.97102494787449134     
  0.97333333333333338      -0.97699865723943413     
  0.97666666666666668      -0.98709944744221467     
  0.98000000000000009      -0.99786767561578349     
  0.98333333333333339       -1.0064195522723827     
  0.98666666666666669       -1.0110801581781750     
  0.99000000000000010       -1.0115780896557105     
  0.99333333333333340       -1.0088221771680428     
  0.99666666666666670       -1.0043961104104999     
