   0.0000000000000000       -1.0000000000000000     
   3.3333333333333335E-003  -1.0000000000000000     
   6.6666666666666671E-003  -1.0000000000000000     
   1.0000000000000000E-002 -0.99999999999999967     
   1.3333333333333334E-002 -0.99999999999999589     
   1.6666666666666666E-002 -0.99999999999995270     
   2.0000000000000000E-002 -0.99999999999955480     
   2.3333333333333334E-002 -0.99999999999641642     
   2.6666666666666668E-002 -0.99999999997479871     
   3.0000000000000002E-002 -0.99999999984277865     
   3.3333333333333333E-002 -0.99999999911942694     
   3.6666666666666667E-002 -0.99999999552959862     
   4.0000000000000001E-002 -0.99999997926724471     
   4.3333333333333335E-002 -0.99999991158596535     
   4.6666666666666669E-002 -0.99999965141110936     
   5.0000000000000003E-002 -0.99999872341239515     
   5.3333333333333337E-002 -0.99999564027453758     
   5.6666666666666671E-002 -0.99998606756432062     
   6.0000000000000005E-002 -0.99995821285256747     
   6.3333333333333339E-002 -0.99988206969566651     
   6.6666666666666666E-002 -0.99968613051328892     
   7.0000000000000007E-002 -0.99921066500065692     
   7.3333333333333334E-002 -0.99812112231174721     
   7.6666666666666675E-002 -0.99576066623842996     
   8.0000000000000002E-002 -0.99092166564332740     
   8.3333333333333343E-002 -0.98152901946517246     
   8.6666666666666670E-002 -0.96426126129464462     
   9.0000000000000011E-002 -0.93419271854634611     
   9.3333333333333338E-002 -0.88461532099453433     
   9.6666666666666679E-002 -0.80726799408650529     
  0.10000000000000001      -0.69322128389447568     
  0.10333333333333335      -0.53458141191105535     
  0.10666666666666667      -0.32695322334279214     
  0.11000000000000000       -7.2248669298496326E-002
  0.11333333333333334       0.21895916966639806     
  0.11666666666666667       0.52658305420458018     
  0.12000000000000001       0.82262193279205320     
  0.12333333333333334        1.0756061856711856     
  0.12666666666666668        1.2573113080067027     
  0.13000000000000000        1.3500875524251330     
  0.13333333333333333        1.3524423354021899     
  0.13666666666666669        1.2806190554907495     
  0.14000000000000001        1.1650163605738555     
  0.14333333333333334        1.0421068223745868     
  0.14666666666666667       0.94434063135484514     
  0.15000000000000002       0.89151284313947732     
  0.15333333333333335       0.88666706273042062     
  0.15666666666666668       0.91786319446014808     
  0.16000000000000000       0.96478032434624272     
  0.16333333333333333        1.0072334681122710     
  0.16666666666666669        1.0321338993843019     
  0.17000000000000001        1.0364323002969829     
  0.17333333333333334        1.0255879498653084     
  0.17666666666666667        1.0090759911299463     
  0.18000000000000002       0.99544695963671148     
  0.18333333333333335       0.98913775187205288     
  0.18666666666666668       0.98995977031477733     
  0.19000000000000000       0.99475021836680155     
  0.19333333333333336       0.99980856804215346     
  0.19666666666666668        1.0027556570621867     
  0.20000000000000001        1.0031304098438756     
  0.20333333333333334        1.0018644868648514     
  0.20666666666666669        1.0002831034568986     
  0.21000000000000002       0.99929815166829838     
  0.21333333333333335       0.99912749405309886     
  0.21666666666666667       0.99948080354008473     
  0.22000000000000000       0.99993020535400889     
  0.22333333333333336        1.0001949973515005     
  0.22666666666666668        1.0002240119646846     
  0.23000000000000001        1.0001173974777542     
  0.23333333333333334        1.0000009517371344     
  0.23666666666666669       0.99994418957348619     
  0.24000000000000002       0.99994853163609676     
  0.24333333333333335       0.99997992917595135     
  0.24666666666666667        1.0000061396225601     
  0.25000000000000000        1.0000146132431691     
  0.25333333333333335        1.0000098269350353     
  0.25666666666666671        1.0000017989846679     
  0.26000000000000001       0.99999714361258096     
  0.26333333333333336       0.99999684326492044     
  0.26666666666666666       0.99999866140435434     
  0.27000000000000002        1.0000002771601257     
  0.27333333333333337        1.0000007892503482     
  0.27666666666666667        1.0000005028996453     
  0.28000000000000003        1.0000000612991149     
  0.28333333333333333       0.99999983998787545     
  0.28666666666666668       0.99999985436746386     
  0.29000000000000004       0.99999995602733038     
  0.29333333333333333        1.0000000257278474     
  0.29666666666666669        1.0000000360050447     
  0.30000000000000004        1.0000000157371849     
  0.30333333333333334       0.99999999721095101     
  0.30666666666666670       0.99999999203280254     
  0.31000000000000000       0.99999999556583552     
  0.31333333333333335       0.99999999997054700     
  0.31666666666666671        1.0000000016268764     
  0.32000000000000001        1.0000000010904095     
  0.32333333333333336        1.0000000001220635     
  0.32666666666666666       0.99999999968565056     
  0.33000000000000002       0.99999999975543108     
  0.33333333333333337       0.99999999995684408     
  0.33666666666666667        1.0000000000588454     
  0.34000000000000002        1.0000000000512461     
  0.34333333333333338        1.0000000000109313     
  0.34666666666666668       0.99999999998909250     
  0.35000000000000003       0.99999999998982714     
  0.35333333333333333       0.99999999999768463     
  0.35666666666666669        1.0000000000020348     
  0.36000000000000004        1.0000000000019269     
  0.36333333333333334        1.0000000000004268     
  0.36666666666666670       0.99999999999961564     
  0.37000000000000005       0.99999999999965095     
  0.37333333333333335       0.99999999999993161     
  0.37666666666666671        1.0000000000000728     
  0.38000000000000000        1.0000000000000600     
  0.38333333333333336        1.0000000000000089     
  0.38666666666666671       0.99999999999998612     
  0.39000000000000001       0.99999999999999001     
  0.39333333333333337       0.99999999999999889     
  0.39666666666666667        1.0000000000000024     
  0.40000000000000002        1.0000000000000013     
  0.40333333333333338        1.0000000000000002     
  0.40666666666666668       0.99999999999999967     
  0.41000000000000003       0.99999999999999978     
  0.41333333333333339        1.0000000000000000     
  0.41666666666666669        1.0000000000000000     
  0.42000000000000004        1.0000000000000000     
  0.42333333333333334        1.0000000000000000     
  0.42666666666666669        1.0000000000000000     
  0.43000000000000005        1.0000000000000000     
  0.43333333333333335        1.0000000000000000     
  0.43666666666666670       0.99999999999999989     
  0.44000000000000000        1.0000000000000000     
  0.44333333333333336        1.0000000000000000     
  0.44666666666666671        1.0000000000000000     
  0.45000000000000001        1.0000000000000000     
  0.45333333333333337        1.0000000000000000     
  0.45666666666666672        1.0000000000000000     
  0.46000000000000002        1.0000000000000000     
  0.46333333333333337        1.0000000000000000     
  0.46666666666666667        1.0000000000000000     
  0.47000000000000003        1.0000000000000000     
  0.47333333333333338        1.0000000000000000     
  0.47666666666666668        1.0000000000000000     
  0.48000000000000004        1.0000000000000000     
  0.48333333333333334       0.99999999999999989     
  0.48666666666666669        1.0000000000000000     
  0.49000000000000005        1.0000000000000000     
  0.49333333333333335        1.0000000000000000     
  0.49666666666666670        1.0000000000000000     
  0.50000000000000000        1.0000000000000000     
  0.50333333333333341        1.0000000000000000     
  0.50666666666666671        1.0000000000000000     
  0.51000000000000001        1.0000000000000000     
  0.51333333333333342       0.99999999999999967     
  0.51666666666666672       0.99999999999999589     
  0.52000000000000002       0.99999999999995270     
  0.52333333333333332       0.99999999999955480     
  0.52666666666666673       0.99999999999641642     
  0.53000000000000003       0.99999999997479871     
  0.53333333333333333       0.99999999984277865     
  0.53666666666666674       0.99999999911942694     
  0.54000000000000004       0.99999999552959862     
  0.54333333333333333       0.99999997926724471     
  0.54666666666666675       0.99999991158596535     
  0.55000000000000004       0.99999965141110936     
  0.55333333333333334       0.99999872341239515     
  0.55666666666666675       0.99999564027453758     
  0.56000000000000005       0.99998606756432062     
  0.56333333333333335       0.99995821285256747     
  0.56666666666666665       0.99988206969566651     
  0.57000000000000006       0.99968613051328892     
  0.57333333333333336       0.99921066500065692     
  0.57666666666666666       0.99812112231174721     
  0.58000000000000007       0.99576066623842996     
  0.58333333333333337       0.99092166564332740     
  0.58666666666666667       0.98152901946517246     
  0.59000000000000008       0.96426126129464462     
  0.59333333333333338       0.93419271854634611     
  0.59666666666666668       0.88461532099453433     
  0.60000000000000009       0.80726799408650529     
  0.60333333333333339       0.69322128389447568     
  0.60666666666666669       0.53458141191105535     
  0.60999999999999999       0.32695322334279214     
  0.61333333333333340        7.2248669298496326E-002
  0.61666666666666670      -0.21895916966639806     
  0.62000000000000000      -0.52658305420458018     
  0.62333333333333341      -0.82262193279205320     
  0.62666666666666671       -1.0756061856711856     
  0.63000000000000000       -1.2573113080067027     
  0.63333333333333341       -1.3500875524251330     
  0.63666666666666671       -1.3524423354021899     
  0.64000000000000001       -1.2806190554907495     
  0.64333333333333342       -1.1650163605738555     
  0.64666666666666672       -1.0421068223745868     
  0.65000000000000002      -0.94434063135484514     
  0.65333333333333332      -0.89151284313947732     
  0.65666666666666673      -0.88666706273042062     
  0.66000000000000003      -0.91786319446014808     
  0.66333333333333333      -0.96478032434624272     
  0.66666666666666674       -1.0072334681122710     
  0.67000000000000004       -1.0321338993843019     
  0.67333333333333334       -1.0364323002969829     
  0.67666666666666675       -1.0255879498653084     
  0.68000000000000005       -1.0090759911299463     
  0.68333333333333335      -0.99544695963671148     
  0.68666666666666676      -0.98913775187205288     
  0.69000000000000006      -0.98995977031477733     
  0.69333333333333336      -0.99475021836680155     
  0.69666666666666666      -0.99980856804215346     
  0.70000000000000007       -1.0027556570621867     
  0.70333333333333337       -1.0031304098438756     
  0.70666666666666667       -1.0018644868648514     
  0.71000000000000008       -1.0002831034568986     
  0.71333333333333337      -0.99929815166829838     
  0.71666666666666667      -0.99912749405309886     
  0.72000000000000008      -0.99948080354008473     
  0.72333333333333338      -0.99993020535400889     
  0.72666666666666668       -1.0001949973515005     
  0.73000000000000009       -1.0002240119646846     
  0.73333333333333339       -1.0001173974777542     
  0.73666666666666669       -1.0000009517371344     
  0.74000000000000010      -0.99994418957348619     
  0.74333333333333340      -0.99994853163609676     
  0.74666666666666670      -0.99997992917595135     
  0.75000000000000000       -1.0000061396225601     
  0.75333333333333341       -1.0000146132431691     
  0.75666666666666671       -1.0000098269350353     
  0.76000000000000001       -1.0000017989846679     
  0.76333333333333342      -0.99999714361258096     
  0.76666666666666672      -0.99999684326492044     
  0.77000000000000002      -0.99999866140435434     
  0.77333333333333343       -1.0000002771601257     
  0.77666666666666673       -1.0000007892503482     
  0.78000000000000003       -1.0000005028996453     
  0.78333333333333344       -1.0000000612991149     
  0.78666666666666674      -0.99999983998787545     
  0.79000000000000004      -0.99999985436746386     
  0.79333333333333333      -0.99999995602733038     
  0.79666666666666675       -1.0000000257278474     
  0.80000000000000004       -1.0000000360050447     
  0.80333333333333334       -1.0000000157371849     
  0.80666666666666675      -0.99999999721095101     
  0.81000000000000005      -0.99999999203280254     
  0.81333333333333335      -0.99999999556583552     
  0.81666666666666676      -0.99999999997054700     
  0.82000000000000006       -1.0000000016268764     
  0.82333333333333336       -1.0000000010904095     
  0.82666666666666677       -1.0000000001220635     
  0.83000000000000007      -0.99999999968565056     
  0.83333333333333337      -0.99999999975543108     
  0.83666666666666667      -0.99999999995684408     
  0.84000000000000008       -1.0000000000588454     
  0.84333333333333338       -1.0000000000512461     
  0.84666666666666668       -1.0000000000109313     
  0.85000000000000009      -0.99999999998909250     
  0.85333333333333339      -0.99999999998982714     
  0.85666666666666669      -0.99999999999768463     
  0.86000000000000010       -1.0000000000020348     
  0.86333333333333340       -1.0000000000019269     
  0.86666666666666670       -1.0000000000004268     
  0.87000000000000011      -0.99999999999961564     
  0.87333333333333341      -0.99999999999965095     
  0.87666666666666671      -0.99999999999993161     
  0.88000000000000000       -1.0000000000000728     
  0.88333333333333341       -1.0000000000000600     
  0.88666666666666671       -1.0000000000000089     
  0.89000000000000001      -0.99999999999998612     
  0.89333333333333342      -0.99999999999999001     
  0.89666666666666672      -0.99999999999999889     
  0.90000000000000002       -1.0000000000000024     
  0.90333333333333343       -1.0000000000000013     
  0.90666666666666673       -1.0000000000000002     
  0.91000000000000003      -0.99999999999999967     
  0.91333333333333344      -0.99999999999999978     
  0.91666666666666674       -1.0000000000000000     
  0.92000000000000004       -1.0000000000000000     
  0.92333333333333334       -1.0000000000000000     
  0.92666666666666675       -1.0000000000000000     
  0.93000000000000005       -1.0000000000000000     
  0.93333333333333335       -1.0000000000000000     
  0.93666666666666676       -1.0000000000000000     
  0.94000000000000006      -0.99999999999999989     
  0.94333333333333336       -1.0000000000000000     
  0.94666666666666677       -1.0000000000000000     
  0.95000000000000007       -1.0000000000000000     
  0.95333333333333337       -1.0000000000000000     
  0.95666666666666678       -1.0000000000000000     
  0.96000000000000008       -1.0000000000000000     
  0.96333333333333337       -1.0000000000000000     
  0.96666666666666667       -1.0000000000000000     
  0.97000000000000008       -1.0000000000000000     
  0.97333333333333338       -1.0000000000000000     
  0.97666666666666668       -1.0000000000000000     
  0.98000000000000009       -1.0000000000000000     
  0.98333333333333339       -1.0000000000000000     
  0.98666666666666669      -0.99999999999999989     
  0.99000000000000010       -1.0000000000000000     
  0.99333333333333340       -1.0000000000000000     
  0.99666666666666670       -1.0000000000000000     
