   0.0000000000000000       0.80074716057377826     
   3.3333333333333335E-003  0.73979246900446793     
   6.6666666666666671E-003  0.66487374171617142     
   1.0000000000000000E-002  0.57441793003663066     
   1.3333333333333334E-002  0.46721506592884243     
   1.6666666666666666E-002  0.34262035498058441     
   2.0000000000000000E-002  0.20076794597816203     
   2.3333333333333334E-002   4.2775991298970695E-002
   2.6666666666666668E-002 -0.12908326239320850     
   3.0000000000000002E-002 -0.31127866042470731     
   3.3333333333333333E-002 -0.49901180660663413     
   3.6666666666666667E-002 -0.68633292112126576     
   4.0000000000000001E-002 -0.86639984234040979     
   4.3333333333333335E-002  -1.0318848800877558     
   4.6666666666666669E-002  -1.1755152048837740     
   5.0000000000000003E-002  -1.2907104612811442     
   5.3333333333333337E-002  -1.3722592164100393     
   5.6666666666666671E-002  -1.4169574377625451     
   6.0000000000000005E-002  -1.4241215289824407     
   6.3333333333333339E-002  -1.3958892628303090     
   6.6666666666666666E-002  -1.3372367447452194     
   7.0000000000000007E-002  -1.2556687910555169     
   7.3333333333333334E-002  -1.1605816524002190     
   7.6666666666666675E-002  -1.0623458837867172     
   8.0000000000000002E-002 -0.97120596585566088     
   8.3333333333333343E-002 -0.89613321373396282     
   8.6666666666666670E-002 -0.84379089469942525     
   9.0000000000000011E-002 -0.81776859727605056     
   9.3333333333333338E-002 -0.81821375254809225     
   9.6666666666666679E-002 -0.84193377712001405     
  0.10000000000000001      -0.88296989696323180     
  0.10333333333333335      -0.93356519171653196     
  0.10666666666666667      -0.98537926655832675     
  0.11000000000000000       -1.0307545288762610     
  0.11333333333333334       -1.0638253092284000     
  0.11666666666666667       -1.0812859164386606     
  0.12000000000000001       -1.0826942874932302     
  0.12333333333333334       -1.0702735230377878     
  0.12666666666666668       -1.0482676352490761     
  0.13000000000000000       -1.0219910066045337     
  0.13333333333333333      -0.99676573689244186     
  0.13666666666666669      -0.97695540347222320     
  0.14000000000000001      -0.96527471585308955     
  0.14333333333333334      -0.96248881871343761     
  0.14666666666666667      -0.96752869310730505     
  0.15000000000000002      -0.97796022850115794     
  0.15333333333333335      -0.99067418862898760     
  0.15666666666666668       -1.0026277686329248     
  0.16000000000000000       -1.0114725221046799     
  0.16333333333333333       -1.0159448694179265     
  0.16666666666666669       -1.0159619753570661     
  0.17000000000000001       -1.0124397433664492     
  0.17333333333333334       -1.0069124756115837     
  0.17666666666666667       -1.0010708988776200     
  0.18000000000000002      -0.99633985952544823     
  0.18333333333333335      -0.99359107937564051     
  0.18666666666666668      -0.99303973061880846     
  0.19000000000000000      -0.99432055308895029     
  0.19333333333333336      -0.99669438812817479     
  0.19666666666666668      -0.99931017357174601     
  0.20000000000000001       -1.0014450836577626     
  0.20333333333333334       -1.0026640887516221     
  0.20666666666666669       -1.0028717412880208     
  0.21000000000000002       -1.0022628757292755     
  0.21333333333333335       -1.0012053282898741     
  0.21666666666666667       -1.0001004480211808     
  0.22000000000000000      -0.99926469278831076     
  0.22333333333333336      -0.99886121882667744     
  0.22666666666666668      -0.99889031372149406     
  0.23000000000000001      -0.99922869361604538     
  0.23333333333333334      -0.99969545975346941     
  0.23666666666666669       -1.0001193283163561     
  0.24000000000000002       -1.0003868496905941     
  0.24333333333333335       -1.0004615382601749     
  0.24666666666666667       -1.0003749673359528     
  0.25000000000000000       -1.0001992822710462     
  0.25333333333333335       -1.0000141741556756     
  0.25666666666666671      -0.99988002040006130     
  0.26000000000000001      -0.99982413570918394     
  0.26333333333333336      -0.99984118757704721     
  0.26666666666666666      -0.99990399134318453     
  0.27000000000000002      -0.99997846356035458     
  0.27333333333333337       -1.0000367268922541     
  0.27666666666666667       -1.0000645235210137     
  0.28000000000000003       -1.0000620056259579     
  0.28333333333333333       -1.0000394558686847     
  0.28666666666666668       -1.0000108013126585     
  0.29000000000000004      -0.99998776387197164     
  0.29333333333333333      -0.99997648750712642     
  0.29666666666666669      -0.99997710503369752     
  0.30000000000000004      -0.99998554230251890     
  0.30333333333333334      -0.99999626392684959     
  0.30666666666666670       -1.0000047015538795     
  0.31000000000000000       -1.0000085868309749     
  0.31333333333333335       -1.0000080378121043     
  0.31666666666666671       -1.0000047483751568     
  0.32000000000000001       -1.0000008555486690     
  0.32333333333333336      -0.99999800460735599     
  0.32666666666666666      -0.99999689851770579     
  0.33000000000000002      -0.99999734735103873     
  0.33333333333333337      -0.99999863896016528     
  0.33666666666666667      -0.99999998600441153     
  0.34000000000000002       -1.0000008530150797     
  0.34333333333333338       -1.0000010765961884     
  0.34666666666666668       -1.0000008005092467     
  0.35000000000000003       -1.0000003128032995     
  0.35333333333333333      -0.99999988206359802     
  0.35666666666666669      -0.99999965796715995     
  0.36000000000000004      -0.99999965383735290     
  0.36333333333333334      -0.99999978997918704     
  0.36666666666666670      -0.99999995922405205     
  0.37000000000000005       -1.0000000802924955     
  0.37333333333333335       -1.0000001214263696     
  0.37666666666666671       -1.0000000950512502     
  0.38000000000000000       -1.0000000359029042     
  0.38333333333333336      -0.99999997745662161     
  0.38666666666666671      -0.99999993677276799     
  0.39000000000000001      -0.99999991041953351     
  0.39333333333333337      -0.99999987797300027     
  0.39666666666666667      -0.99999980674515920     
  0.40000000000000002      -0.99999965164917359     
  0.40333333333333338      -0.99999934584818662     
  0.40666666666666668      -0.99999877911250856     
  0.41000000000000003      -0.99999776021944187     
  0.41333333333333339      -0.99999595665045449     
  0.41666666666666669      -0.99999279920488637     
  0.42000000000000004      -0.99998733097164805     
  0.42333333333333334      -0.99997796905691372     
  0.42666666666666669      -0.99996213270686896     
  0.43000000000000005      -0.99993567168623299     
  0.43333333333333335      -0.99989200248447463     
  0.43666666666666670      -0.99982082582105347     
  0.44000000000000000      -0.99970625633992993     
  0.44333333333333336      -0.99952414480997864     
  0.44666666666666671      -0.99923831688252829     
  0.45000000000000001      -0.99879539544052975     
  0.45333333333333337      -0.99811782436196028     
  0.45666666666666672      -0.99709468328879780     
  0.46000000000000002      -0.99556989432984444     
  0.46333333333333337      -0.99332749674821474     
  0.46666666666666667      -0.99007383361545942     
  0.47000000000000003      -0.98541678658540344     
  0.47333333333333338      -0.97884264070914584     
  0.47666666666666668      -0.96969178093348696     
  0.48000000000000004      -0.95713521755445075     
  0.48333333333333334      -0.94015488166601335     
  0.48666666666666669      -0.91753165412810522     
  0.49000000000000005      -0.88784607144897310     
  0.49333333333333335      -0.84949741066797613     
  0.49666666666666670      -0.80074716057575546     
  0.50000000000000000      -0.73979246900256901     
  0.50333333333333341      -0.66487374171309399     
  0.50666666666666671      -0.57441793003444064     
  0.51000000000000001      -0.46721506592822765     
  0.51333333333333342      -0.34262035498113119     
  0.51666666666666672      -0.20076794597906145     
  0.52000000000000002       -4.2775991299606075E-002
  0.52333333333333332       0.12908326239303672     
  0.52666666666666673       0.31127866042487096     
  0.53000000000000003       0.49901180660689320     
  0.53333333333333333       0.68633292112144284     
  0.53666666666666674       0.86639984234045220     
  0.54000000000000004        1.0318848800877047     
  0.54333333333333333        1.1755152048837001     
  0.54666666666666675        1.2907104612810965     
  0.55000000000000004        1.3722592164100298     
  0.55333333333333334        1.4169574377625602     
  0.55666666666666675        1.4241215289824609     
  0.56000000000000005        1.3958892628303208     
  0.56333333333333335        1.3372367447452200     
  0.56666666666666665        1.2556687910555115     
  0.57000000000000006        1.1605816524002130     
  0.57333333333333336        1.0623458837867144     
  0.57666666666666666       0.97120596585566066     
  0.58000000000000007       0.89613321373396404     
  0.58333333333333337       0.84379089469942670     
  0.58666666666666667       0.81776859727605111     
  0.59000000000000008       0.81821375254809214     
  0.59333333333333338       0.84193377712001349     
  0.59666666666666668       0.88296989696323125     
  0.60000000000000009       0.93356519171653152     
  0.60333333333333339       0.98537926655832675     
  0.60666666666666669        1.0307545288762612     
  0.60999999999999999        1.0638253092284002     
  0.61333333333333340        1.0812859164386608     
  0.61666666666666670        1.0826942874932306     
  0.62000000000000000        1.0702735230377889     
  0.62333333333333341        1.0482676352490774     
  0.62666666666666671        1.0219910066045343     
  0.63000000000000000       0.99676573689244252     
  0.63333333333333341       0.97695540347222387     
  0.63666666666666671       0.96527471585308977     
  0.64000000000000001       0.96248881871343728     
  0.64333333333333342       0.96752869310730416     
  0.64666666666666672       0.97796022850115694     
  0.65000000000000002       0.99067418862898671     
  0.65333333333333332        1.0026277686329239     
  0.65666666666666673        1.0114725221046790     
  0.66000000000000003        1.0159448694179256     
  0.66333333333333333        1.0159619753570652     
  0.66666666666666674        1.0124397433664483     
  0.67000000000000004        1.0069124756115828     
  0.67333333333333334        1.0010708988776196     
  0.67666666666666675       0.99633985952544801     
  0.68000000000000005       0.99359107937564084     
  0.68333333333333335       0.99303973061880890     
  0.68666666666666676       0.99432055308895073     
  0.69000000000000006       0.99669438812817546     
  0.69333333333333336       0.99931017357174667     
  0.69666666666666666        1.0014450836577631     
  0.70000000000000007        1.0026640887516225     
  0.70333333333333337        1.0028717412880217     
  0.70666666666666667        1.0022628757292764     
  0.71000000000000008        1.0012053282898745     
  0.71333333333333337        1.0001004480211808     
  0.71666666666666667       0.99926469278831098     
  0.72000000000000008       0.99886121882667744     
  0.72333333333333338       0.99889031372149384     
  0.72666666666666668       0.99922869361604538     
  0.73000000000000009       0.99969545975346952     
  0.73333333333333339        1.0001193283163563     
  0.73666666666666669        1.0003868496905941     
  0.74000000000000010        1.0004615382601749     
  0.74333333333333340        1.0003749673359523     
  0.74666666666666670        1.0001992822710457     
  0.75000000000000000        1.0000141741556750     
  0.75333333333333341       0.99988002040006074     
  0.75666666666666671       0.99982413570918316     
  0.76000000000000001       0.99984118757704621     
  0.76333333333333342       0.99990399134318342     
  0.76666666666666672       0.99997846356035380     
  0.77000000000000002        1.0000367268922536     
  0.77333333333333343        1.0000645235210135     
  0.77666666666666673        1.0000620056259579     
  0.78000000000000003        1.0000394558686849     
  0.78333333333333344        1.0000108013126592     
  0.78666666666666674       0.99998776387197241     
  0.79000000000000004       0.99997648750712720     
  0.79333333333333333       0.99997710503369841     
  0.79666666666666675       0.99998554230251957     
  0.80000000000000004       0.99999626392684982     
  0.80333333333333334        1.0000047015538800     
  0.80666666666666675        1.0000085868309758     
  0.81000000000000005        1.0000080378121055     
  0.81333333333333335        1.0000047483751584     
  0.81666666666666676        1.0000008555486719     
  0.82000000000000006       0.99999800460736288     
  0.82333333333333336       0.99999689851772200     
  0.82666666666666677       0.99999734735107826     
  0.83000000000000007       0.99999863896025931     
  0.83333333333333337       0.99999998600463380     
  0.83666666666666667        1.0000008530155979     
  0.84000000000000008        1.0000010765973806     
  0.84333333333333338        1.0000008005119532     
  0.84666666666666668        1.0000003128093664     
  0.85000000000000009       0.99999988207703416     
  0.85333333333333339       0.99999965799655544     
  0.85666666666666669       0.99999965390088796     
  0.86000000000000010       0.99999979011485962     
  0.86333333333333340       0.99999995951028986     
  0.86666666666666670        1.0000000808891587     
  0.87000000000000011        1.0000001226552460     
  0.87333333333333341        1.0000000975520060     
  0.87666666666666671        1.0000000409312579     
  0.88000000000000000       0.99999998744688212     
  0.88333333333333341       0.99999995638504691     
  0.88666666666666671       0.99999994846314133     
  0.89000000000000001       0.99999995089159333     
  0.89333333333333342       0.99999994484612909     
  0.89666666666666672       0.99999991008592870     
  0.90000000000000002       0.99999982371449436     
  0.90333333333333343       0.99999965217791742     
  0.90666666666666673       0.99999933625911441     
  0.91000000000000003       0.99999876762731033     
  0.91333333333333344       0.99999775262126833     
  0.91666666666666674       0.99999595470524316     
  0.92000000000000004       0.99999280147402458     
  0.92333333333333334       0.99998733472703949     
  0.92666666666666675       0.99997797201381933     
  0.93000000000000005       0.99996213386920163     
  0.93333333333333335       0.99993567127375271     
  0.93666666666666676       0.99989200133906619     
  0.94000000000000006       0.99982082476985878     
  0.94333333333333336       0.99970625582362416     
  0.94666666666666677       0.99952414483997531     
  0.95000000000000007       0.99923831721361622     
  0.95333333333333337       0.99879539579127419     
  0.95666666666666678       0.99811782456076747     
  0.96000000000000008       0.99709468330793627     
  0.96333333333333337       0.99556989423773556     
  0.96666666666666667       0.99332749663641462     
  0.97000000000000008       0.99007383354546341     
  0.97333333333333338       0.98541678657226595     
  0.97666666666666668       0.97884264073424188     
  0.98000000000000009       0.96969178096797060     
  0.98333333333333339       0.95713521757757125     
  0.98666666666666669       0.94015488167162553     
  0.99000000000000010       0.91753165412127291     
  0.99333333333333340       0.88784607143858429     
  0.99666666666666670       0.84949741066071027     
