   0.0000000000000000       -1.0264526811800223     
   3.3333333333333335E-003  -1.0019421666069022     
   6.6666666666666671E-003 -0.98238062284746286     
   1.0000000000000000E-002 -0.97094730483910152     
   1.3333333333333334E-002 -0.96847655779845898     
   1.6666666666666666E-002 -0.97364837776312940     
   2.0000000000000000E-002 -0.98365170990253115     
   2.3333333333333334E-002 -0.99510146037913028     
   2.6666666666666668E-002  -1.0049505911175367     
   3.0000000000000002E-002  -1.0111702935697195     
   3.3333333333333333E-002  -1.0130596739965767     
   3.6666666666666667E-002  -1.0111621572063272     
   4.0000000000000001E-002  -1.0068739707912320     
   4.3333333333333335E-002  -1.0019009153105762     
   4.6666666666666669E-002 -0.99773721963767770     
   5.0000000000000003E-002 -0.99530608212706440     
   5.3333333333333337E-002 -0.99483227538821828     
   5.6666666666666671E-002 -0.99593828221749481     
   6.0000000000000005E-002 -0.99789189680856749     
   6.3333333333333339E-002 -0.99990200325391765     
   6.6666666666666666E-002  -1.0013647756429966     
   7.0000000000000007E-002  -1.0019970175756727     
   7.3333333333333334E-002  -1.0018409555007106     
   7.6666666666666675E-002  -1.0011680531466789     
   8.0000000000000002E-002  -1.0003352340158662     
   8.3333333333333343E-002 -0.99965023516862395     
   8.6666666666666670E-002 -0.99928700978756291     
   9.0000000000000011E-002 -0.99926628339709545     
   9.3333333333333338E-002 -0.99949129670537862     
   9.6666666666666679E-002 -0.99981277311034855     
  0.10000000000000001       -1.0000937073377685     
  0.10333333333333335       -1.0002520406119282     
  0.10666666666666667       -1.0002725384341031     
  0.11000000000000000       -1.0001921805660643     
  0.11333333333333334       -1.0000715445959019     
  0.11666666666666667      -0.99996626519923437     
  0.12000000000000001      -0.99990875189292183     
  0.12333333333333334      -0.99990378596614349     
  0.12666666666666668      -0.99993551230583644     
  0.13000000000000000      -0.99997984872539170     
  0.13333333333333333       -1.0000160619419616     
  0.13666666666666669       -1.0000334242534288     
  0.14000000000000001       -1.0000319586610413     
  0.14333333333333334       -1.0000188453110241     
  0.14666666666666667       -1.0000032528778080     
  0.15000000000000002      -0.99999210954897877     
  0.15333333333333335      -0.99998816495839959     
  0.15666666666666668      -0.99999035533681413     
  0.16000000000000000      -0.99999556079158791     
  0.16333333333333333       -1.0000005814345638     
  0.16666666666666669       -1.0000034582687440     
  0.17000000000000001       -1.0000038246547376     
  0.17333333333333334       -1.0000024794768427     
  0.17666666666666667       -1.0000006308078111     
  0.18000000000000002      -0.99999924190110723     
  0.18333333333333335      -0.99999871796620310     
  0.18666666666666668      -0.99999894390055455     
  0.19000000000000000      -0.99999952968854000     
  0.19333333333333336       -1.0000000821821118     
  0.19666666666666668       -1.0000003760365275     
  0.20000000000000001       -1.0000003868859388     
  0.20333333333333334       -1.0000002238522738     
  0.20666666666666669       -1.0000000291887696     
  0.21000000000000002      -0.99999990212812750     
  0.21333333333333335      -0.99999987167550886     
  0.21666666666666667      -0.99999991165869040     
  0.22000000000000000      -0.99999997476773017     
  0.22333333333333336       -1.0000000226371464     
  0.22666666666666668       -1.0000000397554438     
  0.23000000000000001       -1.0000000312277488     
  0.23333333333333334       -1.0000000118979173     
  0.23666666666666669      -0.99999999538702455     
  0.24000000000000002      -0.99999998822210479     
  0.24333333333333335      -0.99999998974312987     
  0.24666666666666667      -0.99999999545489671     
  0.25000000000000000       -1.0000000007984411     
  0.25333333333333335       -1.0000000033571101     
  0.25666666666666671       -1.0000000030858451     
  0.26000000000000001       -1.0000000012770678     
  0.26333333333333336      -0.99999999928317174     
  0.26666666666666666      -0.99999999768302805     
  0.27000000000000002      -0.99999999602415435     
  0.27333333333333337      -0.99999999283847207     
  0.27666666666666667      -0.99999998543881874     
  0.28000000000000003      -0.99999996896599652     
  0.28333333333333333      -0.99999993407352483     
  0.28666666666666668      -0.99999986229566662     
  0.29000000000000004      -0.99999971734344772     
  0.29333333333333333      -0.99999942908302286     
  0.29666666666666669      -0.99999886442109942     
  0.30000000000000004      -0.99999777517846844     
  0.30333333333333334      -0.99999570637315649     
  0.30666666666666670      -0.99999183783586232     
  0.31000000000000000      -0.99998471591539606     
  0.31333333333333335      -0.99997180782033956     
  0.31666666666666671      -0.99994877597913701     
  0.32000000000000001      -0.99990832044087674     
  0.32333333333333336      -0.99983837066454051     
  0.32666666666666666      -0.99971932193659863     
  0.33000000000000002      -0.99951990642321897     
  0.33333333333333337      -0.99919116931658047     
  0.33666666666666667      -0.99865789871543054     
  0.34000000000000002      -0.99780675622004023     
  0.34333333333333338      -0.99647030963615968     
  0.34666666666666668      -0.99440623116866489     
  0.35000000000000003      -0.99127116084716893     
  0.35333333333333333      -0.98658922334018695     
  0.35666666666666669      -0.97971600479761922     
  0.36000000000000004      -0.96980000501349439     
  0.36333333333333334      -0.95574519468373986     
  0.36666666666666670      -0.93618026575943913     
  0.37000000000000005      -0.90944228941673233     
  0.37333333333333335      -0.87358447245560344     
  0.37666666666666671      -0.82641905544627314     
  0.38000000000000000      -0.76560651618620656     
  0.38333333333333336      -0.68880045267547685     
  0.38666666666666671      -0.59385319567156936     
  0.39000000000000001      -0.47907994325822961     
  0.39333333333333337      -0.34356905645507657     
  0.39666666666666667      -0.18751378742001248     
  0.40000000000000002       -1.2527604207443949E-002
  0.40333333333333338       0.17810628609610163     
  0.40666666666666668       0.37930771003961328     
  0.41000000000000003       0.58425057992707929     
  0.41333333333333339       0.78463738097881841     
  0.41666666666666669       0.97121963033782610     
  0.42000000000000004        1.1345530155161838     
  0.42333333333333334        1.2659341200221115     
  0.42666666666666669        1.3584219250202696     
  0.43000000000000005        1.4078099924220664     
  0.43333333333333335        1.4133937785785111     
  0.43666666666666670        1.3783803936111629     
  0.44000000000000000        1.3098206135131893     
  0.44333333333333336        1.2180050435785390     
  0.44666666666666671        1.1153513057043587     
  0.45000000000000001        1.0149035840597855     
  0.45333333333333337       0.92865148446431889     
  0.45666666666666672       0.86593211089003752     
  0.46000000000000002       0.83219078102454791     
  0.46333333333333337       0.82833292656762236     
  0.46666666666666667       0.85080485756423663     
  0.47000000000000003       0.89240920764576681     
  0.47333333333333338       0.94371768450237570     
  0.47666666666666668       0.99482050573163927     
  0.48000000000000004        1.0370782139431580     
  0.48333333333333334        1.0645376025677871     
  0.48666666666666669        1.0747438402432357     
  0.49000000000000005        1.0688120537858614     
  0.49333333333333335        1.0507842180190754     
  0.49666666666666670        1.0264526811800230     
  0.50000000000000000        1.0019421666069026     
  0.50333333333333341       0.98238062284746330     
  0.50666666666666671       0.97094730483910141     
  0.51000000000000001       0.96847655779845865     
  0.51333333333333342       0.97364837776312918     
  0.51666666666666672       0.98365170990253081     
  0.52000000000000002       0.99510146037913005     
  0.52333333333333332        1.0049505911175365     
  0.52666666666666673        1.0111702935697193     
  0.53000000000000003        1.0130596739965763     
  0.53333333333333333        1.0111621572063267     
  0.53666666666666674        1.0068739707912318     
  0.54000000000000004        1.0019009153105762     
  0.54333333333333333       0.99773721963767747     
  0.54666666666666675       0.99530608212706440     
  0.55000000000000004       0.99483227538821783     
  0.55333333333333334       0.99593828221749470     
  0.55666666666666675       0.99789189680856749     
  0.56000000000000005       0.99990200325391798     
  0.56333333333333335        1.0013647756429969     
  0.56666666666666665        1.0019970175756729     
  0.57000000000000006        1.0018409555007102     
  0.57333333333333336        1.0011680531466789     
  0.57666666666666666        1.0003352340158658     
  0.58000000000000007       0.99965023516862372     
  0.58333333333333337       0.99928700978756246     
  0.58666666666666667       0.99926628339709500     
  0.59000000000000008       0.99949129670537828     
  0.59333333333333338       0.99981277311034822     
  0.59666666666666668        1.0000937073377683     
  0.60000000000000009        1.0002520406119282     
  0.60333333333333339        1.0002725384341031     
  0.60666666666666669        1.0001921805660647     
  0.60999999999999999        1.0000715445959023     
  0.61333333333333340       0.99996626519923448     
  0.61666666666666670       0.99990875189292172     
  0.62000000000000000       0.99990378596614327     
  0.62333333333333341       0.99993551230583611     
  0.62666666666666671       0.99997984872539125     
  0.63000000000000000        1.0000160619419614     
  0.63333333333333341        1.0000334242534283     
  0.63666666666666671        1.0000319586610411     
  0.64000000000000001        1.0000188453110241     
  0.64333333333333342        1.0000032528778080     
  0.64666666666666672       0.99999210954897855     
  0.65000000000000002       0.99998816495839948     
  0.65333333333333332       0.99999035533681413     
  0.65666666666666673       0.99999556079158802     
  0.66000000000000003        1.0000005814345643     
  0.66333333333333333        1.0000034582687447     
  0.66666666666666674        1.0000038246547382     
  0.67000000000000004        1.0000024794768436     
  0.67333333333333334        1.0000006308078118     
  0.67666666666666675       0.99999924190110745     
  0.68000000000000005       0.99999871796620321     
  0.68333333333333335       0.99999894390055466     
  0.68666666666666676       0.99999952968854000     
  0.69000000000000006        1.0000000821821118     
  0.69333333333333336        1.0000003760365275     
  0.69666666666666666        1.0000003868859386     
  0.70000000000000007        1.0000002238522738     
  0.70333333333333337        1.0000000291887694     
  0.70666666666666667       0.99999990212812773     
  0.71000000000000008       0.99999987167550930     
  0.71333333333333337       0.99999991165869118     
  0.71666666666666667       0.99999997476773250     
  0.72000000000000008        1.0000000226371537     
  0.72333333333333338        1.0000000397554634     
  0.72666666666666668        1.0000000312278030     
  0.73000000000000009        1.0000000118980623     
  0.73333333333333339       0.99999999538740758     
  0.73666666666666669       0.99999998822309466     
  0.74000000000000010       0.99999998974564552     
  0.74333333333333340       0.99999999546118490     
  0.74666666666666670        1.0000000008139032     
  0.75000000000000000        1.0000000033945122     
  0.75333333333333341        1.0000000031748650     
  0.75666666666666671        1.0000000014855495     
  0.76000000000000001       0.99999999976365761     
  0.76333333333333342       0.99999999877286283     
  0.76666666666666672       0.99999999845714305     
  0.77000000000000002       0.99999999818470986     
  0.77333333333333343       0.99999999700291664     
  0.77666666666666673       0.99999999358974834     
  0.78000000000000003       0.99999998569096393     
  0.78333333333333344       0.99999996882183495     
  0.78666666666666674       0.99999993378897578     
  0.79000000000000004       0.99999986208029557     
  0.79333333333333333       0.99999971727482440     
  0.79666666666666675       0.99999942912759177     
  0.80000000000000004       0.99999886450269382     
  0.80333333333333334       0.99999777523741751     
  0.80666666666666675       0.99999570638958568     
  0.81000000000000005       0.99999183782145173     
  0.81333333333333335       0.99998471589244464     
  0.81666666666666676       0.99997180780502670     
  0.82000000000000006       0.99994877597587295     
  0.82333333333333336       0.99990832044556177     
  0.82666666666666677       0.99983837067081449     
  0.83000000000000007       0.99971932194032831     
  0.83333333333333337       0.99951990642364608     
  0.83666666666666667       0.99919116931509833     
  0.84000000000000008       0.99865789871378452     
  0.84333333333333338       0.99780675621920711     
  0.84666666666666668       0.99647030963619032     
  0.85000000000000009       0.99440623116911142     
  0.85333333333333339       0.99127116084757738     
  0.85666666666666669       0.98658922334035093     
  0.86000000000000010       0.97971600479757093     
  0.86333333333333340       0.96980000501336860     
  0.86666666666666670       0.95574519468364616     
  0.87000000000000011       0.93618026575941404     
  0.87333333333333341       0.90944228941675509     
  0.87666666666666671       0.87358447245563686     
  0.88000000000000000       0.82641905544629291     
  0.88333333333333341       0.76560651618620845     
  0.88666666666666671       0.68880045267546919     
  0.89000000000000001       0.59385319567156147     
  0.89333333333333342       0.47907994325822612     
  0.89666666666666672       0.34356905645507713     
  0.90000000000000002       0.18751378742001454     
  0.90333333333333343        1.2527604207445461E-002
  0.90666666666666673      -0.17810628609610132     
  0.91000000000000003      -0.37930771003961378     
  0.91333333333333344      -0.58425057992707996     
  0.91666666666666674      -0.78463738097881863     
  0.92000000000000004      -0.97121963033782621     
  0.92333333333333334       -1.1345530155161838     
  0.92666666666666675       -1.2659341200221119     
  0.93000000000000005       -1.3584219250202700     
  0.93333333333333335       -1.4078099924220671     
  0.93666666666666676       -1.4133937785785116     
  0.94000000000000006       -1.3783803936111632     
  0.94333333333333336       -1.3098206135131893     
  0.94666666666666677       -1.2180050435785388     
  0.95000000000000007       -1.1153513057043587     
  0.95333333333333337       -1.0149035840597851     
  0.95666666666666678      -0.92865148446431856     
  0.96000000000000008      -0.86593211089003730     
  0.96333333333333337      -0.83219078102454791     
  0.96666666666666667      -0.82833292656762247     
  0.97000000000000008      -0.85080485756423707     
  0.97333333333333338      -0.89240920764576703     
  0.97666666666666668      -0.94371768450237559     
  0.98000000000000009      -0.99482050573163927     
  0.98333333333333339       -1.0370782139431578     
  0.98666666666666669       -1.0645376025677866     
  0.99000000000000010       -1.0747438402432352     
  0.99333333333333340       -1.0688120537858605     
  0.99666666666666670       -1.0507842180190745     
