   0.0000000000000000       0.99999650414598795     
   3.3333333333333335E-003  0.99999940239149243     
   6.6666666666666671E-003   1.0000015713097450     
   1.0000000000000000E-002   1.0000024993306644     
   1.3333333333333334E-002   1.0000022617685802     
   1.6666666666666666E-002   1.0000013135293850     
   2.0000000000000000E-002   1.0000002119305973     
   2.3333333333333334E-002  0.99999938781533759     
   2.6666666666666668E-002  0.99999903102827159     
   3.0000000000000002E-002  0.99999909566000833     
   3.3333333333333333E-002  0.99999938547273393     
   3.6666666666666667E-002  0.99999966225906678     
   4.0000000000000001E-002  0.99999972787621516     
   4.3333333333333335E-002  0.99999945364800680     
   4.6666666666666669E-002  0.99999875550926154     
   5.0000000000000003E-002  0.99999752950931220     
   5.3333333333333337E-002  0.99999556583710425     
   5.6666666666666671E-002  0.99999245182975871     
   6.0000000000000005E-002  0.99998746030537744     
   6.3333333333333339E-002  0.99997940425296683     
   6.6666666666666666E-002  0.99996642578149741     
   7.0000000000000007E-002  0.99994567686900082     
   7.3333333333333334E-002  0.99991284012415316     
   7.6666666666666675E-002  0.99986142665596156     
   8.0000000000000002E-002  0.99978177270535806     
   8.3333333333333343E-002  0.99965963565211124     
   8.6666666666666670E-002  0.99947426376366966     
   9.0000000000000011E-002  0.99919578460374892     
   9.3333333333333338E-002  0.99878172775538332     
   9.6666666666666679E-002  0.99817247307422774     
  0.10000000000000001       0.99728540205958305     
  0.10333333333333335       0.99600753472912240     
  0.10666666666666667       0.99418646712724534     
  0.11000000000000000       0.99161949670497473     
  0.11333333333333334       0.98804094705999446     
  0.11666666666666667       0.98310789277660016     
  0.12000000000000001       0.97638475015719128     
  0.12333333333333334       0.96732754622883677     
  0.12666666666666668       0.95526910346471117     
  0.13000000000000000       0.93940686506042104     
  0.13333333333333333       0.91879560196331589     
  0.13666666666666669       0.89234773403781953     
  0.14000000000000001       0.85884438713938949     
  0.14333333333333334       0.81696049753215749     
  0.14666666666666667       0.76530715114877235     
  0.15000000000000002       0.70249378849107291     
  0.15333333333333335       0.62721180857420133     
  0.15666666666666668       0.53833939265952369     
  0.16000000000000000       0.43506502565833605     
  0.16333333333333333       0.31702429206947264     
  0.16666666666666669       0.18444124712137783     
  0.17000000000000001        3.8262320942667377E-002
  0.17333333333333334      -0.11973226315665225     
  0.17666666666666667      -0.28685665224828627     
  0.18000000000000002      -0.45950479789579812     
  0.18333333333333335      -0.63320939958591060     
  0.18666666666666668      -0.80278667176634089     
  0.19000000000000000      -0.96257265740350384     
  0.19333333333333336       -1.1067477090571700     
  0.19666666666666668       -1.2297347342743623     
  0.20000000000000001       -1.3266449089358596     
  0.20333333333333334       -1.3937332788746901     
  0.20666666666666669       -1.4288177735824947     
  0.21000000000000002       -1.4316105035053401     
  0.21333333333333335       -1.4039114491555469     
  0.21666666666666667       -1.3496228749347627     
  0.22000000000000000       -1.2745582453122695     
  0.22333333333333336       -1.1860412083143925     
  0.22666666666666668       -1.0923162561346140     
  0.23000000000000001       -1.0018197846165853     
  0.23333333333333334      -0.92238448609307422     
  0.23666666666666669      -0.86046712582064422     
  0.24000000000000002      -0.82049604075459359     
  0.24333333333333335      -0.80442764535901179     
  0.24666666666666667      -0.81158018911001739     
  0.25000000000000000      -0.83877962999866507     
  0.25333333333333335      -0.88081075179340862     
  0.25666666666666671      -0.93112248933705610     
  0.26000000000000001      -0.98269687998853505     
  0.26333333333333336       -1.0289631230470104     
  0.26666666666666666       -1.0646275294756897     
  0.27000000000000002       -1.0862997321128165     
  0.27333333333333337       -1.0928250350680799     
  0.27666666666666667       -1.0852781769855906     
  0.28000000000000003       -1.0666278323789451     
  0.28333333333333333       -1.0411346041980754     
  0.28666666666666668       -1.0135884341058454     
  0.29000000000000004      -0.98851616508792206     
  0.29333333333333333      -0.96949155396857356     
  0.29666666666666669      -0.95865783467376353     
  0.30000000000000004      -0.95653110573293165     
  0.30333333333333334      -0.96209943302732481     
  0.30666666666666670      -0.97317806951349550     
  0.31000000000000000      -0.98693627674849804     
  0.31333333333333335       -1.0004845464241843     
  0.31666666666666671       -1.0114073458739543     
  0.32000000000000001       -1.0181457351842340     
  0.32333333333333336       -1.0201713815825419     
  0.32666666666666666       -1.0179400140793893     
  0.33000000000000002       -1.0126579180805575     
  0.33333333333333337       -1.0059300310396897     
  0.33666666666666667      -0.99937574891564784     
  0.34000000000000002      -0.99429613078998980     
  0.34333333333333338      -0.99145588907002746     
  0.34666666666666668      -0.99101139345101663     
  0.35000000000000003      -0.99258020319636875     
  0.35333333333333333      -0.99541685410675607     
  0.35666666666666669      -0.99864037813862694     
  0.36000000000000004       -1.0014546149959860     
  0.36333333333333334       -1.0033122140470785     
  0.36666666666666670       -1.0039933555875598     
  0.37000000000000005       -1.0035945733945462     
  0.37333333333333335       -1.0024451848077616     
  0.37666666666666671       -1.0009835687637871     
  0.38000000000000000      -0.99963018740024778     
  0.38333333333333336      -0.99868902842317842     
  0.38666666666666671      -0.99829676804128675     
  0.39000000000000001      -0.99842362995502665     
  0.39333333333333337      -0.99891605293510388     
  0.39666666666666667      -0.99956227921035568     
  0.40000000000000002       -1.0001594492897288     
  0.40333333333333338       -1.0005643644402484     
  0.40666666666666668       -1.0007177843581267     
  0.41000000000000003       -1.0006411720379351     
  0.41333333333333339       -1.0004124692681176     
  0.41666666666666669       -1.0001319050975657     
  0.42000000000000004      -0.99988935992730754     
  0.42333333333333334      -0.99974200149202497     
  0.42666666666666669      -0.99970619833165009     
  0.43000000000000005      -0.99976281599684957     
  0.43333333333333335      -0.99987136452073111     
  0.43666666666666670      -0.99998690181039618     
  0.44000000000000000       -1.0000741476429715     
  0.44333333333333336       -1.0001153298649346     
  0.44666666666666671       -1.0001109341641139     
  0.45000000000000001       -1.0000748398596939     
  0.45333333333333337       -1.0000266679135719     
  0.45666666666666672      -0.99998434404779113     
  0.46000000000000002      -0.99995909369750491     
  0.46333333333333337      -0.99995379724573674     
  0.46666666666666667      -0.99996436129326627     
  0.47000000000000003      -0.99998290236991261     
  0.47333333333333338       -1.0000012697430780     
  0.47666666666666668       -1.0000137003589746     
  0.48000000000000004       -1.0000179868921428     
  0.48333333333333334       -1.0000151803799797     
  0.48666666666666669       -1.0000083196748515     
  0.49000000000000005       -1.0000008682330563     
  0.49333333333333335      -0.99999545326379480     
  0.49666666666666670      -0.99999324119069355     
  0.50000000000000000      -0.99999397961080094     
  0.50333333333333341      -0.99999650329784073     
  0.50666666666666671      -0.99999940077878235     
  0.51000000000000001       -1.0000015682718446     
  0.51333333333333342       -1.0000024936614820     
  0.51666666666666672       -1.0000022512877995     
  0.52000000000000002       -1.0000012943343504     
  0.52333333333333332       -1.0000001771048057     
  0.52666666666666673      -0.99999932522262946     
  0.53000000000000003      -0.99999891958599840     
  0.53333333333333333      -0.99999889911073991     
  0.53666666666666674      -0.99999904208968804     
  0.54000000000000004      -0.99999906801920857     
  0.54333333333333333      -0.99999870926464562     
  0.54666666666666675      -0.99999772420414568     
  0.55000000000000004      -0.99999584719581547     
  0.55333333333333334      -0.99999268558555598     
  0.55666666666666675      -0.99998757563521035     
  0.56000000000000005      -0.99997939901823651     
  0.56333333333333335      -0.99996634408849694     
  0.56666666666666665      -0.99994557658587424     
  0.57000000000000006      -0.99991276608724478     
  0.57333333333333336      -0.99986139795617990     
  0.57666666666666666      -0.99978178423929942     
  0.58000000000000007      -0.99965966852316912     
  0.58333333333333337      -0.99947429747335925     
  0.58666666666666667      -0.99919580564382648     
  0.59000000000000008      -0.99878173245222446     
  0.59333333333333338      -0.99817246554456840     
  0.59666666666666668      -0.99728538978885317     
  0.60000000000000009      -0.99600752437038564     
  0.60333333333333339      -0.99418646213084483     
  0.60666666666666669      -0.99161949708915931     
  0.60999999999999999      -0.98804095065544062     
  0.61333333333333340      -0.98310789691169509     
  0.61666666666666670      -0.97638475293607951     
  0.62000000000000000      -0.96732754702353829     
  0.62333333333333341      -0.95526910270293197     
  0.62666666666666671      -0.93940686365372683     
  0.63000000000000000      -0.91879560074571909     
  0.63333333333333341      -0.89234773344599483     
  0.63666666666666671      -0.85884438717963496     
  0.64000000000000001      -0.81696049794149750     
  0.64333333333333342      -0.76530715160937757     
  0.64666666666666672      -0.70249378878665558     
  0.65000000000000002      -0.62721180864335446     
  0.65333333333333332      -0.53833939256211494     
  0.65666666666666673      -0.43506502550252940     
  0.66000000000000003      -0.31702429194603060     
  0.66333333333333333      -0.18444124707102566     
  0.66666666666666674       -3.8262320958019472E-002
  0.67000000000000004       0.11973226310883053     
  0.67333333333333334       0.28685665220219086     
  0.67666666666666675       0.45950479787109566     
  0.68000000000000005       0.63320939958483136     
  0.68333333333333335       0.80278667177969154     
  0.68666666666666676       0.96257265741938536     
  0.69000000000000006        1.1067477090674114     
  0.69333333333333336        1.2297347342766856     
  0.69666666666666666        1.3266449089325041     
  0.70000000000000007        1.3937332788695471     
  0.70333333333333337        1.4288177735786545     
  0.70666666666666667        1.4316105035040119     
  0.71000000000000008        1.4039114491562814     
  0.71333333333333337        1.3496228749363499     
  0.71666666666666667        1.2745582453136139     
  0.72000000000000008        1.1860412083149743     
  0.72333333333333338        1.0923162561344877     
  0.72666666666666668        1.0018197846161134     
  0.73000000000000009       0.92238448609262658     
  0.73333333333333339       0.86046712582042084     
  0.73666666666666669       0.82049604075460292     
  0.74000000000000010       0.80442764535914846     
  0.74333333333333340       0.81158018911016105     
  0.74666666666666670       0.83877962999874400     
  0.75000000000000000       0.88081075179341350     
  0.75333333333333341       0.93112248933701691     
  0.75666666666666671       0.98269687998849020     
  0.76000000000000001        1.0289631230469836     
  0.76333333333333342        1.0646275294756862     
  0.76666666666666672        1.0862997321128276     
  0.77000000000000002        1.0928250350680935     
  0.77333333333333343        1.0852781769855995     
  0.77666666666666673        1.0666278323789466     
  0.78000000000000003        1.0411346041980727     
  0.78333333333333344        1.0135884341058421     
  0.78666666666666674       0.98851616508791973     
  0.79000000000000004       0.96949155396857312     
  0.79333333333333333       0.95865783467376398     
  0.79666666666666675       0.95653110573293210     
  0.80000000000000004       0.96209943302732470     
  0.80333333333333334       0.97317806951349428     
  0.80666666666666675       0.98693627674849627     
  0.81000000000000005        1.0004845464241821     
  0.81333333333333335        1.0114073458739523     
  0.81666666666666676        1.0181457351842322     
  0.82000000000000006        1.0201713815825408     
  0.82333333333333336        1.0179400140793884     
  0.82666666666666677        1.0126579180805573     
  0.83000000000000007        1.0059300310396899     
  0.83333333333333337       0.99937574891564795     
  0.83666666666666667       0.99429613078999024     
  0.84000000000000008       0.99145588907002780     
  0.84333333333333338       0.99101139345101719     
  0.84666666666666668       0.99258020319636953     
  0.85000000000000009       0.99541685410675695     
  0.85333333333333339       0.99864037813862749     
  0.85666666666666669        1.0014546149959860     
  0.86000000000000010        1.0033122140470783     
  0.86333333333333340        1.0039933555875598     
  0.86666666666666670        1.0035945733945462     
  0.87000000000000011        1.0024451848077618     
  0.87333333333333341        1.0009835687637871     
  0.87666666666666671       0.99963018740024767     
  0.88000000000000000       0.99868902842317797     
  0.88333333333333341       0.99829676804128631     
  0.88666666666666671       0.99842362995502609     
  0.89000000000000001       0.99891605293510310     
  0.89333333333333342       0.99956227921035479     
  0.89666666666666672        1.0001594492897279     
  0.90000000000000002        1.0005643644402478     
  0.90333333333333343        1.0007177843581259     
  0.90666666666666673        1.0006411720379351     
  0.91000000000000003        1.0004124692681176     
  0.91333333333333344        1.0001319050975659     
  0.91666666666666674       0.99988935992730765     
  0.92000000000000004       0.99974200149202508     
  0.92333333333333334       0.99970619833164998     
  0.92666666666666675       0.99976281599684957     
  0.93000000000000005       0.99987136452073100     
  0.93333333333333335       0.99998690181039684     
  0.93666666666666676        1.0000741476429724     
  0.94000000000000006        1.0001153298649368     
  0.94333333333333336        1.0001109341641188     
  0.94666666666666677        1.0000748398597035     
  0.95000000000000007        1.0000266679135912     
  0.95333333333333337       0.99998434404783210     
  0.95666666666666678       0.99995909369759117     
  0.96000000000000008       0.99995379724592048     
  0.96333333333333337       0.99996436129365585     
  0.96666666666666667       0.99998290237073295     
  0.97000000000000008        1.0000012697447909     
  0.97333333333333338        1.0000137003625176     
  0.97666666666666668        1.0000179868994039     
  0.98000000000000009        1.0000151803947221     
  0.98333333333333339        1.0000083197045033     
  0.98666666666666669        1.0000008682921404     
  0.99000000000000010       0.99999545338042739     
  0.99333333333333340       0.99999324141878188     
  0.99666666666666670       0.99999398005269680     
