   0.0000000000000000      -0.99999999320501143     
   3.3333333333333335E-003 -0.99999999922428295     
   6.6666666666666671E-003  -1.0000000025431186     
   1.0000000000000000E-002  -1.0000000026624036     
   1.3333333333333334E-002  -1.0000000011836341     
   1.6666666666666666E-002 -0.99999999980278942     
   2.0000000000000000E-002 -0.99999999927327665     
   2.3333333333333334E-002 -0.99999999945393603     
   2.6666666666666668E-002 -0.99999999985949362     
   3.0000000000000002E-002  -1.0000000001289040     
   3.3333333333333333E-002  -1.0000000001748848     
   3.6666666666666667E-002  -1.0000000000908440     
   4.0000000000000001E-002 -0.99999999999816958     
   4.3333333333333335E-002 -0.99999999995772260     
   4.6666666666666669E-002 -0.99999999996544475     
   5.0000000000000003E-002 -0.99999999999002820     
   5.3333333333333337E-002  -1.0000000000070053     
   5.6666666666666671E-002  -1.0000000000101179     
   6.0000000000000005E-002  -1.0000000000051879     
   6.3333333333333339E-002 -0.99999999999981004     
   6.6666666666666666E-002 -0.99999999999760936     
   7.0000000000000007E-002 -0.99999999999817168     
   7.3333333333333334E-002 -0.99999999999956923     
   7.6666666666666675E-002  -1.0000000000004361     
   8.0000000000000002E-002  -1.0000000000005234     
   8.3333333333333343E-002  -1.0000000000002238     
   8.6666666666666670E-002 -0.99999999999995315     
   9.0000000000000011E-002 -0.99999999999986566     
   9.3333333333333338E-002 -0.99999999999989475     
   9.6666666666666679E-002 -0.99999999999989064     
  0.10000000000000001      -0.99999999999964539     
  0.10333333333333335      -0.99999999999864675     
  0.10666666666666667      -0.99999999999520961     
  0.11000000000000000      -0.99999999998383260     
  0.11333333333333334      -0.99999999994730460     
  0.11666666666666667      -0.99999999983369936     
  0.12000000000000001      -0.99999999949149010     
  0.12333333333333334      -0.99999999849257948     
  0.12666666666666668      -0.99999999566541675     
  0.13000000000000000      -0.99999998790309430     
  0.13333333333333333      -0.99999996721803563     
  0.13666666666666669      -0.99999991369556918     
  0.14000000000000001      -0.99999977917046612     
  0.14333333333333334      -0.99999945060931472     
  0.14666666666666667      -0.99999867056866887     
  0.15000000000000002      -0.99999686989960201     
  0.15333333333333335      -0.99999282713009052     
  0.15666666666666668      -0.99998399733581844     
  0.16000000000000000      -0.99996523304422347     
  0.16333333333333333      -0.99992642762370632     
  0.16666666666666669      -0.99984832155462855     
  0.17000000000000001      -0.99969530187457700     
  0.17333333333333334      -0.99940349088467406     
  0.17666666666666667      -0.99886179882382298     
  0.18000000000000002      -0.99788301637202570     
  0.18333333333333335      -0.99616166508827542     
  0.18666666666666668      -0.99321556319906934     
  0.19000000000000000      -0.98830939428840825     
  0.19333333333333336      -0.98036156253765716     
  0.19666666666666668      -0.96784079360894426     
  0.20000000000000001      -0.94866649894553656     
  0.20333333333333334      -0.92013641945394142     
  0.20666666666666669      -0.87891505057221320     
  0.21000000000000002      -0.82112411787874107     
  0.21333333333333335      -0.74257801819135238     
  0.21666666666666667      -0.63919813832494443     
  0.22000000000000000      -0.50761637224282619     
  0.22333333333333336      -0.34593841517023699     
  0.22666666666666668      -0.15458434846784624     
  0.23000000000000001        6.2933591208049214E-002
  0.23333333333333334       0.29948345580389557     
  0.23666666666666669       0.54424164007714715     
  0.24000000000000002       0.78325225121276809     
  0.24333333333333335        1.0007049783360265     
  0.24666666666666667        1.1808745240693015     
  0.25000000000000000        1.3104873755812603     
  0.25333333333333335        1.3811125968603541     
  0.25666666666666671        1.3910652357794888     
  0.26000000000000001        1.3463137332345978     
  0.26333333333333336        1.2600250934464694     
  0.26666666666666666        1.1506548485454555     
  0.27000000000000002        1.0388398203696756     
  0.27333333333333337       0.94368995571556369     
  0.27666666666666667       0.87929644865059942     
  0.28000000000000003       0.85229157391994415     
  0.28333333333333333       0.86107839596110147     
  0.28666666666666668       0.89693591243977078     
  0.29000000000000004       0.94670682680823603     
  0.29333333333333333       0.99634030536164653     
  0.29666666666666669        1.0343312412370509     
  0.30000000000000004        1.0541516929312094     
  0.30333333333333334        1.0550975540268563     
  0.30666666666666670        1.0414688596551884     
  0.31000000000000000        1.0205011122785821     
  0.31333333333333335       0.99980269009377287     
  0.31666666666666671       0.98512454604347099     
  0.32000000000000001       0.97908550545866313     
  0.32333333333333336       0.98108990215474112     
  0.32666666666666666       0.98825445877370222     
  0.33000000000000002       0.99685863550488840     
  0.33333333333333337        1.0037404924930440     
  0.33666666666666667        1.0071838238962156     
  0.34000000000000002        1.0071059001431710     
  0.34333333333333338        1.0046398157866263     
  0.34666666666666668        1.0014016153523486     
  0.35000000000000003       0.99878190786666876     
  0.35333333333333333       0.99751351598967053     
  0.35666666666666669       0.99760253760430073     
  0.36000000000000004       0.99855030457613547     
  0.36333333333333334       0.99970051928125547     
  0.36666666666666670        1.0005413649996071     
  0.37000000000000005        1.0008572007800227     
  0.37333333333333335        1.0007147374749614     
  0.37666666666666671        1.0003402973101285     
  0.38000000000000000       0.99997269414745416     
  0.38333333333333336       0.99976055273746034     
  0.38666666666666671       0.99973256719585768     
  0.39000000000000001       0.99982891282417286     
  0.39333333333333337       0.99995944248413204     
  0.39666666666666667        1.0000540434250453     
  0.40000000000000002        1.0000857577564628     
  0.40333333333333338        1.0000661533543347     
  0.40666666666666668        1.0000251494281536     
  0.41000000000000003       0.99999022987721431     
  0.41333333333333339       0.99997482862924780     
  0.41666666666666669       0.99997778427807171     
  0.42000000000000004       0.99998984264439050     
  0.42333333333333334        1.0000013680740618     
  0.42666666666666669        1.0000070969892241     
  0.43000000000000005        1.0000068271217686     
  0.43333333333333335        1.0000033584404342     
  0.43666666666666670       0.99999982769346873     
  0.44000000000000000       0.99999801020277446     
  0.44333333333333336       0.99999803144985022     
  0.44666666666666671       0.99999903481872721     
  0.45000000000000001        1.0000000554241235     
  0.45333333333333337        1.0000005627195550     
  0.45666666666666672        1.0000005366090396     
  0.46000000000000002        1.0000002437230466     
  0.46333333333333337       0.99999996508139577     
  0.46666666666666667       0.99999984101062012     
  0.47000000000000003       0.99999986262081320     
  0.47333333333333338       0.99999994723484753     
  0.47666666666666668        1.0000000182142537     
  0.48000000000000004        1.0000000437077083     
  0.48333333333333334        1.0000000323978973     
  0.48666666666666669        1.0000000089545993     
  0.49000000000000005       0.99999999250296145     
  0.49333333333333335       0.99999998868676254     
  0.49666666666666670       0.99999999320501143     
  0.50000000000000000       0.99999999922428295     
  0.50333333333333341        1.0000000025431186     
  0.50666666666666671        1.0000000026624036     
  0.51000000000000001        1.0000000011836341     
  0.51333333333333342       0.99999999980278942     
  0.51666666666666672       0.99999999927327665     
  0.52000000000000002       0.99999999945393603     
  0.52333333333333332       0.99999999985949362     
  0.52666666666666673        1.0000000001289040     
  0.53000000000000003        1.0000000001748848     
  0.53333333333333333        1.0000000000908440     
  0.53666666666666674       0.99999999999816958     
  0.54000000000000004       0.99999999995772260     
  0.54333333333333333       0.99999999996544475     
  0.54666666666666675       0.99999999999002820     
  0.55000000000000004        1.0000000000070053     
  0.55333333333333334        1.0000000000101179     
  0.55666666666666675        1.0000000000051879     
  0.56000000000000005       0.99999999999981004     
  0.56333333333333335       0.99999999999760936     
  0.56666666666666665       0.99999999999817168     
  0.57000000000000006       0.99999999999956923     
  0.57333333333333336        1.0000000000004361     
  0.57666666666666666        1.0000000000005236     
  0.58000000000000007        1.0000000000002243     
  0.58333333333333337       0.99999999999995492     
  0.58666666666666667       0.99999999999987166     
  0.59000000000000008       0.99999999999991951     
  0.59333333333333338       0.99999999999998601     
  0.59666666666666668        1.0000000000000004     
  0.60000000000000009       0.99999999999992095     
  0.60333333333333339       0.99999999999962486     
  0.60666666666666669       0.99999999999861910     
  0.60999999999999999       0.99999999999519729     
  0.61333333333333340       0.99999999998383471     
  0.61666666666666670       0.99999999994731092     
  0.62000000000000000       0.99999999983370302     
  0.62333333333333341       0.99999999949149032     
  0.62666666666666671       0.99999999849257826     
  0.63000000000000000       0.99999999566541553     
  0.63333333333333341       0.99999998790309397     
  0.63666666666666671       0.99999996721803563     
  0.64000000000000001       0.99999991369556940     
  0.64333333333333342       0.99999977917046634     
  0.64666666666666672       0.99999945060931494     
  0.65000000000000002       0.99999867056866898     
  0.65333333333333332       0.99999686989960213     
  0.65666666666666673       0.99999282713009041     
  0.66000000000000003       0.99998399733581878     
  0.66333333333333333       0.99996523304422380     
  0.66666666666666674       0.99992642762370654     
  0.67000000000000004       0.99984832155462855     
  0.67333333333333334       0.99969530187457700     
  0.67666666666666675       0.99940349088467406     
  0.68000000000000005       0.99886179882382298     
  0.68333333333333335       0.99788301637202581     
  0.68666666666666676       0.99616166508827553     
  0.69000000000000006       0.99321556319906945     
  0.69333333333333336       0.98830939428840847     
  0.69666666666666666       0.98036156253765738     
  0.70000000000000007       0.96784079360894448     
  0.70333333333333337       0.94866649894553678     
  0.70666666666666667       0.92013641945394142     
  0.71000000000000008       0.87891505057221320     
  0.71333333333333337       0.82112411787874107     
  0.71666666666666667       0.74257801819135238     
  0.72000000000000008       0.63919813832494454     
  0.72333333333333338       0.50761637224282630     
  0.72666666666666668       0.34593841517023710     
  0.73000000000000009       0.15458434846784622     
  0.73333333333333339       -6.2933591208049214E-002
  0.73666666666666669      -0.29948345580389546     
  0.74000000000000010      -0.54424164007714704     
  0.74333333333333340      -0.78325225121276809     
  0.74666666666666670       -1.0007049783360265     
  0.75000000000000000       -1.1808745240693015     
  0.75333333333333341       -1.3104873755812603     
  0.75666666666666671       -1.3811125968603541     
  0.76000000000000001       -1.3910652357794888     
  0.76333333333333342       -1.3463137332345982     
  0.76666666666666672       -1.2600250934464696     
  0.77000000000000002       -1.1506548485454555     
  0.77333333333333343       -1.0388398203696756     
  0.77666666666666673      -0.94368995571556358     
  0.78000000000000003      -0.87929644865059930     
  0.78333333333333344      -0.85229157391994426     
  0.78666666666666674      -0.86107839596110147     
  0.79000000000000004      -0.89693591243977078     
  0.79333333333333333      -0.94670682680823603     
  0.79666666666666675      -0.99634030536164653     
  0.80000000000000004       -1.0343312412370509     
  0.80333333333333334       -1.0541516929312094     
  0.80666666666666675       -1.0550975540268563     
  0.81000000000000005       -1.0414688596551884     
  0.81333333333333335       -1.0205011122785821     
  0.81666666666666676      -0.99980269009377287     
  0.82000000000000006      -0.98512454604347099     
  0.82333333333333336      -0.97908550545866313     
  0.82666666666666677      -0.98108990215474112     
  0.83000000000000007      -0.98825445877370222     
  0.83333333333333337      -0.99685863550488840     
  0.83666666666666667       -1.0037404924930440     
  0.84000000000000008       -1.0071838238962156     
  0.84333333333333338       -1.0071059001431710     
  0.84666666666666668       -1.0046398157866263     
  0.85000000000000009       -1.0014016153523486     
  0.85333333333333339      -0.99878190786666876     
  0.85666666666666669      -0.99751351598967053     
  0.86000000000000010      -0.99760253760430073     
  0.86333333333333340      -0.99855030457613547     
  0.86666666666666670      -0.99970051928125547     
  0.87000000000000011       -1.0005413649996071     
  0.87333333333333341       -1.0008572007800227     
  0.87666666666666671       -1.0007147374749614     
  0.88000000000000000       -1.0003402973101285     
  0.88333333333333341      -0.99997269414745416     
  0.88666666666666671      -0.99976055273746034     
  0.89000000000000001      -0.99973256719585768     
  0.89333333333333342      -0.99982891282417286     
  0.89666666666666672      -0.99995944248413204     
  0.90000000000000002       -1.0000540434250453     
  0.90333333333333343       -1.0000857577564628     
  0.90666666666666673       -1.0000661533543347     
  0.91000000000000003       -1.0000251494281536     
  0.91333333333333344      -0.99999022987721431     
  0.91666666666666674      -0.99997482862924780     
  0.92000000000000004      -0.99997778427807171     
  0.92333333333333334      -0.99998984264439050     
  0.92666666666666675       -1.0000013680740618     
  0.93000000000000005       -1.0000070969892241     
  0.93333333333333335       -1.0000068271217686     
  0.93666666666666676       -1.0000033584404342     
  0.94000000000000006      -0.99999982769346873     
  0.94333333333333336      -0.99999801020277446     
  0.94666666666666677      -0.99999803144985022     
  0.95000000000000007      -0.99999903481872721     
  0.95333333333333337       -1.0000000554241235     
  0.95666666666666678       -1.0000005627195550     
  0.96000000000000008       -1.0000005366090396     
  0.96333333333333337       -1.0000002437230466     
  0.96666666666666667      -0.99999996508139577     
  0.97000000000000008      -0.99999984101062012     
  0.97333333333333338      -0.99999986262081320     
  0.97666666666666668      -0.99999994723484753     
  0.98000000000000009       -1.0000000182142537     
  0.98333333333333339       -1.0000000437077083     
  0.98666666666666669       -1.0000000323978973     
  0.99000000000000010       -1.0000000089545993     
  0.99333333333333340      -0.99999999250296145     
  0.99666666666666670      -0.99999998868676254     
