   0.0000000000000000      -0.99999999999985412     
   3.3333333333333335E-003  -1.0000000000000520     
   6.6666666666666671E-003  -1.0000000000000910     
   1.0000000000000000E-002  -1.0000000000000422     
   1.3333333333333334E-002 -0.99999999999999445     
   1.6666666666666666E-002 -0.99999999999998046     
   2.0000000000000000E-002 -0.99999999999998879     
   2.3333333333333334E-002 -0.99999999999999978     
   2.6666666666666668E-002  -1.0000000000000038     
   3.0000000000000002E-002  -1.0000000000000024     
   3.3333333333333333E-002  -1.0000000000000002     
   3.6666666666666667E-002 -0.99999999999999922     
   4.0000000000000001E-002 -0.99999999999999933     
   4.3333333333333335E-002 -0.99999999999999978     
   4.6666666666666669E-002  -1.0000000000000000     
   5.0000000000000003E-002 -0.99999999999999944     
   5.3333333333333337E-002 -0.99999999999999700     
   5.6666666666666671E-002 -0.99999999999998412     
   6.0000000000000005E-002 -0.99999999999992106     
   6.3333333333333339E-002 -0.99999999999963007     
   6.6666666666666666E-002 -0.99999999999835998     
   7.0000000000000007E-002 -0.99999999999309297     
   7.3333333333333334E-002 -0.99999999997231592     
   7.6666666666666675E-002 -0.99999999989420230     
   8.0000000000000002E-002 -0.99999999961385011     
   8.3333333333333343E-002 -0.99999999865185751     
   8.6666666666666670E-002 -0.99999999549160923     
   9.0000000000000011E-002 -0.99999998554010938     
   9.3333333333333338E-002 -0.99999995546832221     
   9.6666666666666679E-002 -0.99999986817663478     
  0.10000000000000001      -0.99999962454878244     
  0.10333333333333335      -0.99999897024447482     
  0.10666666666666667      -0.99999727803795824     
  0.11000000000000000      -0.99999306073027949     
  0.11333333333333334      -0.99998292674047762     
  0.11666666666666667      -0.99995943515279362     
  0.12000000000000001      -0.99990687895945096     
  0.12333333333333334      -0.99979335753626186     
  0.12666666666666668      -0.99955654382977976     
  0.13000000000000000      -0.99907932986360060     
  0.13333333333333333      -0.99815021880267341     
  0.13666666666666669      -0.99640235180953007     
  0.14000000000000001      -0.99322519531333342     
  0.14333333333333334      -0.98764532988995424     
  0.14666666666666667      -0.97817887384928726     
  0.15000000000000002      -0.96266906626674831     
  0.15333333333333335      -0.93813873483157162     
  0.15666666666666668      -0.90070718394639737     
  0.16000000000000000      -0.84563998432901577     
  0.16333333333333333      -0.76761047076896582     
  0.16666666666666669      -0.66124324925370770     
  0.17000000000000001      -0.52197264891615580     
  0.17333333333333334      -0.34717747085493289     
  0.17666666666666667      -0.13745234897376762     
  0.18000000000000002       0.10223519251353370     
  0.18333333333333335       0.36184009931531697     
  0.18666666666666668       0.62634569616664670     
  0.19000000000000000       0.87695241241553912     
  0.19333333333333336        1.0934138999209300     
  0.19666666666666668        1.2572794406635885     
  0.20000000000000001        1.3554686707767480     
  0.20333333333333334        1.3833518784370793     
  0.20666666666666669        1.3464497546733252     
  0.21000000000000002        1.2600756236310187     
  0.21333333333333335        1.1467155194615937     
  0.21666666666666667        1.0315707669801106     
  0.22000000000000000       0.93728420353597941     
  0.22333333333333336       0.87921933879942349     
  0.22666666666666668       0.86260231451738723     
  0.23000000000000001       0.88234095079270802     
  0.23333333333333334       0.92553733737480737     
  0.23666666666666669       0.97587358981300210     
  0.24000000000000002        1.0184741000025266     
  0.24333333333333335        1.0437487785996944     
  0.24666666666666667        1.0491406636068146     
  0.25000000000000000        1.0384772193253360     
  0.25333333333333335        1.0194576412691645     
  0.25666666666666671        1.0003827783634645     
  0.26000000000000001       0.98735006989795060     
  0.26333333333333336       0.98278896169404750     
  0.26666666666666666       0.98558561209927520     
  0.27000000000000002       0.99241896611178604     
  0.27333333333333337       0.99955204696362232     
  0.27666666666666667        1.0043064114253302     
  0.28000000000000003        1.0057398535727722     
  0.28333333333333333        1.0044714476034053     
  0.28666666666666668        1.0019515538145716     
  0.29000000000000004       0.99962312628277705     
  0.29333333333333333       0.99834638998814851     
  0.29666666666666669       0.99824582874252110     
  0.30000000000000004       0.99891369688642162     
  0.30333333333333334       0.99977040973103759     
  0.30666666666666670        1.0003748807202786     
  0.31000000000000000        1.0005653170702982     
  0.31333333333333335        1.0004257846527633     
  0.31666666666666671        1.0001545962264131     
  0.32000000000000001       0.99992982647366557     
  0.32333333333333336       0.99983532023267851     
  0.32666666666666666       0.99985939702422388     
  0.33000000000000002       0.99993929222930578     
  0.33333333333333337        1.0000123036824013     
  0.33666666666666667        1.0000461276065233     
  0.34000000000000002        1.0000417683153071     
  0.34333333333333338        1.0000187012136978     
  0.34666666666666668       0.99999706110176212     
  0.35000000000000003       0.99998715206458566     
  0.35333333333333333       0.99998856251168144     
  0.35666666666666669       0.99999521788213475     
  0.36000000000000004        1.0000011400922515     
  0.36333333333333334        1.0000035564933398     
  0.36666666666666670        1.0000028813274435     
  0.37000000000000005        1.0000009914767958     
  0.37333333333333335       0.99999951242686536     
  0.37666666666666671       0.99999904946728368     
  0.38000000000000000       0.99999934821262015     
  0.38333333333333336       0.99999985682885562     
  0.38666666666666671        1.0000001826200817     
  0.39000000000000001        1.0000002350394879     
  0.39333333333333337        1.0000001256633682     
  0.39666666666666667        1.0000000017578905     
  0.40000000000000002       0.99999994276923954     
  0.40333333333333338       0.99999994882511445     
  0.40666666666666668       0.99999998174402072     
  0.41000000000000003        1.0000000076306828     
  0.41333333333333339        1.0000000148324912     
  0.41666666666666669        1.0000000091625290     
  0.42000000000000004        1.0000000010784227     
  0.42333333333333334       0.99999999682815599     
  0.42666666666666669       0.99999999689750874     
  0.43000000000000005       0.99999999884258828     
  0.43333333333333335        1.0000000004077210     
  0.43666666666666670        1.0000000008292640     
  0.44000000000000000        1.0000000004888792     
  0.44333333333333336        1.0000000000346914     
  0.44666666666666671       0.99999999982039567     
  0.45000000000000001       0.99999999984519683     
  0.45333333333333337       0.99999999995512923     
  0.45666666666666672        1.0000000000297433     
  0.46000000000000002        1.0000000000411378     
  0.46333333333333337        1.0000000000189040     
  0.46666666666666667       0.99999999999744060     
  0.47000000000000003       0.99999999999046307     
  0.47333333333333338       0.99999999999399602     
  0.47666666666666668       0.99999999999941080     
  0.48000000000000004        1.0000000000019502     
  0.48333333333333334        1.0000000000016351     
  0.48666666666666669        1.0000000000004046     
  0.49000000000000005       0.99999999999965117     
  0.49333333333333335       0.99999999999959854     
  0.49666666666666670       0.99999999999985412     
  0.50000000000000000        1.0000000000000520     
  0.50333333333333341        1.0000000000000910     
  0.50666666666666671        1.0000000000000422     
  0.51000000000000001       0.99999999999999445     
  0.51333333333333342       0.99999999999998046     
  0.51666666666666672       0.99999999999998879     
  0.52000000000000002       0.99999999999999978     
  0.52333333333333332        1.0000000000000038     
  0.52666666666666673        1.0000000000000024     
  0.53000000000000003        1.0000000000000002     
  0.53333333333333333       0.99999999999999922     
  0.53666666666666674       0.99999999999999933     
  0.54000000000000004       0.99999999999999978     
  0.54333333333333333        1.0000000000000000     
  0.54666666666666675        1.0000000000000000     
  0.55000000000000004        1.0000000000000000     
  0.55333333333333334       0.99999999999999944     
  0.55666666666666675       0.99999999999999689     
  0.56000000000000005       0.99999999999998401     
  0.56333333333333335       0.99999999999992073     
  0.56666666666666665       0.99999999999963007     
  0.57000000000000006       0.99999999999835987     
  0.57333333333333336       0.99999999999309286     
  0.57666666666666666       0.99999999997231570     
  0.58000000000000007       0.99999999989420219     
  0.58333333333333337       0.99999999961385011     
  0.58666666666666667       0.99999999865185740     
  0.59000000000000008       0.99999999549160912     
  0.59333333333333338       0.99999998554010927     
  0.59666666666666668       0.99999995546832221     
  0.60000000000000009       0.99999986817663489     
  0.60333333333333339       0.99999962454878255     
  0.60666666666666669       0.99999897024447482     
  0.60999999999999999       0.99999727803795824     
  0.61333333333333340       0.99999306073027983     
  0.61666666666666670       0.99998292674047784     
  0.62000000000000000       0.99995943515279384     
  0.62333333333333341       0.99990687895945107     
  0.62666666666666671       0.99979335753626208     
  0.63000000000000000       0.99955654382977988     
  0.63333333333333341       0.99907932986360071     
  0.63666666666666671       0.99815021880267352     
  0.64000000000000001       0.99640235180953007     
  0.64333333333333342       0.99322519531333342     
  0.64666666666666672       0.98764532988995424     
  0.65000000000000002       0.97817887384928737     
  0.65333333333333332       0.96266906626674853     
  0.65666666666666673       0.93813873483157173     
  0.66000000000000003       0.90070718394639748     
  0.66333333333333333       0.84563998432901599     
  0.66666666666666674       0.76761047076896582     
  0.67000000000000004       0.66124324925370770     
  0.67333333333333334       0.52197264891615580     
  0.67666666666666675       0.34717747085493289     
  0.68000000000000005       0.13745234897376762     
  0.68333333333333335      -0.10223519251353370     
  0.68666666666666676      -0.36184009931531697     
  0.69000000000000006      -0.62634569616664670     
  0.69333333333333336      -0.87695241241553912     
  0.69666666666666666       -1.0934138999209300     
  0.70000000000000007       -1.2572794406635885     
  0.70333333333333337       -1.3554686707767480     
  0.70666666666666667       -1.3833518784370793     
  0.71000000000000008       -1.3464497546733252     
  0.71333333333333337       -1.2600756236310187     
  0.71666666666666667       -1.1467155194615937     
  0.72000000000000008       -1.0315707669801106     
  0.72333333333333338      -0.93728420353597941     
  0.72666666666666668      -0.87921933879942349     
  0.73000000000000009      -0.86260231451738723     
  0.73333333333333339      -0.88234095079270802     
  0.73666666666666669      -0.92553733737480737     
  0.74000000000000010      -0.97587358981300210     
  0.74333333333333340       -1.0184741000025266     
  0.74666666666666670       -1.0437487785996944     
  0.75000000000000000       -1.0491406636068146     
  0.75333333333333341       -1.0384772193253360     
  0.75666666666666671       -1.0194576412691645     
  0.76000000000000001       -1.0003827783634645     
  0.76333333333333342      -0.98735006989795060     
  0.76666666666666672      -0.98278896169404750     
  0.77000000000000002      -0.98558561209927520     
  0.77333333333333343      -0.99241896611178604     
  0.77666666666666673      -0.99955204696362232     
  0.78000000000000003       -1.0043064114253302     
  0.78333333333333344       -1.0057398535727722     
  0.78666666666666674       -1.0044714476034053     
  0.79000000000000004       -1.0019515538145716     
  0.79333333333333333      -0.99962312628277705     
  0.79666666666666675      -0.99834638998814851     
  0.80000000000000004      -0.99824582874252110     
  0.80333333333333334      -0.99891369688642162     
  0.80666666666666675      -0.99977040973103759     
  0.81000000000000005       -1.0003748807202786     
  0.81333333333333335       -1.0005653170702982     
  0.81666666666666676       -1.0004257846527633     
  0.82000000000000006       -1.0001545962264131     
  0.82333333333333336      -0.99992982647366557     
  0.82666666666666677      -0.99983532023267851     
  0.83000000000000007      -0.99985939702422388     
  0.83333333333333337      -0.99993929222930578     
  0.83666666666666667       -1.0000123036824013     
  0.84000000000000008       -1.0000461276065233     
  0.84333333333333338       -1.0000417683153071     
  0.84666666666666668       -1.0000187012136978     
  0.85000000000000009      -0.99999706110176212     
  0.85333333333333339      -0.99998715206458566     
  0.85666666666666669      -0.99998856251168144     
  0.86000000000000010      -0.99999521788213475     
  0.86333333333333340       -1.0000011400922515     
  0.86666666666666670       -1.0000035564933398     
  0.87000000000000011       -1.0000028813274435     
  0.87333333333333341       -1.0000009914767958     
  0.87666666666666671      -0.99999951242686536     
  0.88000000000000000      -0.99999904946728368     
  0.88333333333333341      -0.99999934821262015     
  0.88666666666666671      -0.99999985682885562     
  0.89000000000000001       -1.0000001826200817     
  0.89333333333333342       -1.0000002350394879     
  0.89666666666666672       -1.0000001256633682     
  0.90000000000000002       -1.0000000017578905     
  0.90333333333333343      -0.99999994276923954     
  0.90666666666666673      -0.99999994882511445     
  0.91000000000000003      -0.99999998174402072     
  0.91333333333333344       -1.0000000076306828     
  0.91666666666666674       -1.0000000148324912     
  0.92000000000000004       -1.0000000091625290     
  0.92333333333333334       -1.0000000010784227     
  0.92666666666666675      -0.99999999682815599     
  0.93000000000000005      -0.99999999689750874     
  0.93333333333333335      -0.99999999884258828     
  0.93666666666666676       -1.0000000004077210     
  0.94000000000000006       -1.0000000008292640     
  0.94333333333333336       -1.0000000004888792     
  0.94666666666666677       -1.0000000000346914     
  0.95000000000000007      -0.99999999982039567     
  0.95333333333333337      -0.99999999984519683     
  0.95666666666666678      -0.99999999995512923     
  0.96000000000000008       -1.0000000000297433     
  0.96333333333333337       -1.0000000000411378     
  0.96666666666666667       -1.0000000000189040     
  0.97000000000000008      -0.99999999999744060     
  0.97333333333333338      -0.99999999999046307     
  0.97666666666666668      -0.99999999999399602     
  0.98000000000000009      -0.99999999999941080     
  0.98333333333333339       -1.0000000000019502     
  0.98666666666666669       -1.0000000000016351     
  0.99000000000000010       -1.0000000000004046     
  0.99333333333333340      -0.99999999999965117     
  0.99666666666666670      -0.99999999999959854     
