   0.0000000000000000      -0.44205271708375393     
   3.3333333333333335E-003 -0.63402998933952170     
   6.6666666666666671E-003 -0.82041977372081742     
   1.0000000000000000E-002 -0.99351310646609969     
   1.3333333333333334E-002  -1.1455134768241042     
   1.6666666666666666E-002  -1.2692239187516026     
   2.0000000000000000E-002  -1.3587927774663535     
   2.3333333333333334E-002  -1.4104330166895451     
   2.6666666666666668E-002  -1.4230156063164294     
   3.0000000000000002E-002  -1.3984363618518458     
   3.3333333333333333E-002  -1.3416709082968976     
   3.6666666666666667E-002  -1.2604650949002798     
   4.0000000000000001E-002  -1.1646558506837705     
   4.3333333333333335E-002  -1.0651743044868862     
   4.6666666666666669E-002 -0.97284011611795940     
   5.0000000000000003E-002 -0.89710270730797093     
   5.3333333333333337E-002 -0.84491092402937062     
   5.6666666666666671E-002 -0.81988954930607794     
   6.0000000000000005E-002 -0.82196562473631218     
   6.3333333333333339E-002 -0.84752252873779343     
   6.6666666666666666E-002 -0.89007454517013529     
   7.0000000000000007E-002 -0.94136400546209265     
   7.3333333333333334E-002 -0.99270461679493593     
   7.6666666666666675E-002  -1.0363451442754703     
   8.0000000000000002E-002  -1.0666193588935218     
   8.3333333333333343E-002  -1.0806853085994534     
   8.6666666666666670E-002  -1.0787340716465059     
   9.0000000000000011E-002  -1.0636505721486862     
   9.3333333333333338E-002  -1.0402157088756376     
   9.6666666666666679E-002  -1.0140270407709466     
  0.10000000000000001      -0.99036515884004994     
  0.10333333333333335      -0.97323354607329260     
  0.10666666666666667      -0.96475137277111567     
  0.11000000000000000      -0.96499301384198644     
  0.11333333333333334      -0.97226565214399441     
  0.11666666666666667      -0.98372146554492435     
  0.12000000000000001      -0.99613555983093638     
  0.12333333333333334       -1.0066590875508008     
  0.12666666666666668       -1.0133816166386367     
  0.13000000000000000       -1.0155987633499386     
  0.13333333333333333       -1.0137623767989725     
  0.13666666666666669       -1.0091692970292394     
  0.14000000000000001       -1.0035012024814209     
  0.14333333333333334      -0.99834993985797604     
  0.14666666666666667      -0.99484781683007018     
  0.15000000000000002      -0.99347851573499346     
  0.15333333333333335      -0.99408649931144366     
  0.15666666666666668      -0.99604824379157286     
  0.16000000000000000      -0.99853176464780014     
  0.16333333333333333       -1.0007594829602762     
  0.16666666666666669       -1.0022031469476731     
  0.17000000000000001       -1.0026707862398920     
  0.17333333333333334       -1.0022829837054377     
  0.17666666666666667       -1.0013674209145715     
  0.18000000000000002       -1.0003183908159226     
  0.18333333333333335      -0.99946889561173513     
  0.18666666666666668      -0.99900969242014770     
  0.19000000000000000      -0.99896872114859703     
  0.19333333333333336      -0.99924350427944963     
  0.19666666666666668      -0.99966472032484821     
  0.20000000000000001       -1.0000644278362099     
  0.20333333333333334       -1.0003269172791167     
  0.20666666666666669       -1.0004106001526891     
  0.21000000000000002       -1.0003411504948079     
  0.21333333333333335       -1.0001852017129098     
  0.21666666666666667       -1.0000179081527958     
  0.22000000000000000      -0.99989641668591156     
  0.22333333333333336      -0.99984636684563111     
  0.22666666666666668      -0.99986243639371664     
  0.23000000000000001      -0.99991900357473651     
  0.23333333333333334      -0.99998461282427764     
  0.23666666666666669       -1.0000343033446426     
  0.24000000000000002       -1.0000561807398645     
  0.24333333333333335       -1.0000515832924819     
  0.24666666666666667       -1.0000306062466502     
  0.25000000000000000       -1.0000058895657222     
  0.25333333333333335      -0.99998737217116662     
  0.25666666666666671      -0.99997959944691694     
  0.26000000000000001      -0.99998179256982678     
  0.26333333333333336      -0.99998982377583556     
  0.26666666666666666      -0.99999879630683519     
  0.27000000000000002       -1.0000050930299502     
  0.27333333333333337       -1.0000072981300110     
  0.27666666666666667       -1.0000060002125590     
  0.28000000000000003       -1.0000029048828198     
  0.28333333333333333      -0.99999981422346329     
  0.28666666666666668      -0.99999790633403607     
  0.29000000000000004      -0.99999749482576927     
  0.29333333333333333      -0.99999820404614626     
  0.29666666666666669      -0.99999935394815254     
  0.30000000000000004       -1.0000003332208307     
  0.30333333333333334       -1.0000008168748522     
  0.30666666666666670       -1.0000007943559726     
  0.31000000000000000       -1.0000004617645162     
  0.31333333333333335       -1.0000000686083061     
  0.31666666666666671      -0.99999979720163190     
  0.32000000000000001      -0.99999971260992770     
  0.32333333333333336      -0.99999977883614299     
  0.32666666666666666      -0.99999991097670704     
  0.33000000000000002       -1.0000000287170743     
  0.33333333333333337       -1.0000000882491049     
  0.33666666666666667       -1.0000000869852110     
  0.34000000000000002       -1.0000000490150764     
  0.34333333333333338       -1.0000000045855799     
  0.34666666666666668      -0.99999997458248380     
  0.35000000000000003      -0.99999996475289932     
  0.35333333333333333      -0.99999996833905658     
  0.35666666666666669      -0.99999997246032246     
  0.36000000000000004      -0.99999996340010899     
  0.36333333333333334      -0.99999992775651136     
  0.36666666666666670      -0.99999984850234303     
  0.37000000000000005      -0.99999969605511541     
  0.37333333333333335      -0.99999941393487168     
  0.37666666666666671      -0.99999889657969787     
  0.38000000000000000      -0.99999795370232369     
  0.38333333333333336      -0.99999625129916736     
  0.38666666666666671      -0.99999321369113126     
  0.39000000000000001      -0.99998786290379915     
  0.39333333333333337      -0.99997856000533258     
  0.39666666666666667      -0.99996259619155192     
  0.40000000000000002      -0.99993555782054588     
  0.40333333333333338      -0.99989035768836987     
  0.40666666666666668      -0.99981578331675469     
  0.41000000000000003      -0.99969436128094247     
  0.41333333333333339      -0.99949927534795091     
  0.41666666666666669      -0.99919000838643224     
  0.42000000000000004      -0.99870631007502420     
  0.42333333333333334      -0.99796003563688507     
  0.42666666666666669      -0.99682437258442380     
  0.43000000000000005      -0.99511999728913703     
  0.43333333333333335      -0.99259781276892822     
  0.43666666666666670      -0.98891815076695266     
  0.44000000000000000      -0.98362671431460691     
  0.44333333333333336      -0.97612812620920009     
  0.44666666666666671      -0.96565875427813841     
  0.45000000000000001      -0.95126149830976736     
  0.45333333333333337      -0.93176639548985618     
  0.45666666666666672      -0.90578212232686028     
  0.46000000000000002      -0.87170456297431931     
  0.46333333333333337      -0.82774932555078018     
  0.46666666666666667      -0.77201510701846876     
  0.47000000000000003      -0.70258378993608139     
  0.47333333333333338      -0.61766077981784295     
  0.47666666666666668      -0.51575513692178987     
  0.48000000000000004      -0.39589348840593858     
  0.48333333333333334      -0.25785477897151377     
  0.48666666666666669      -0.10240524695142653     
  0.49000000000000005        6.8494387496148654E-002
  0.49333333333333335       0.25154329068632930     
  0.49666666666666670       0.44205271708375099     
  0.50000000000000000       0.63402998933948029     
  0.50333333333333341       0.82041977372077801     
  0.50666666666666671       0.99351310646608204     
  0.51000000000000001        1.1455134768241071     
  0.51333333333333342        1.2692239187516141     
  0.51666666666666672        1.3587927774663628     
  0.52000000000000002        1.4104330166895480     
  0.52333333333333332        1.4230156063164268     
  0.52666666666666673        1.3984363618518414     
  0.53000000000000003        1.3416709082968947     
  0.53333333333333333        1.2604650949002789     
  0.53666666666666674        1.1646558506837712     
  0.54000000000000004        1.0651743044868871     
  0.54333333333333333       0.97284011611795984     
  0.54666666666666675       0.89710270730797093     
  0.55000000000000004       0.84491092402937040     
  0.55333333333333334       0.81988954930607760     
  0.55666666666666675       0.82196562473631185     
  0.56000000000000005       0.84752252873779343     
  0.56333333333333335       0.89007454517013529     
  0.56666666666666665       0.94136400546209265     
  0.57000000000000006       0.99270461679493593     
  0.57333333333333336        1.0363451442754703     
  0.57666666666666666        1.0666193588935222     
  0.58000000000000007        1.0806853085994541     
  0.58333333333333337        1.0787340716465066     
  0.58666666666666667        1.0636505721486873     
  0.59000000000000008        1.0402157088756390     
  0.59333333333333338        1.0140270407709473     
  0.59666666666666668       0.99036515884005039     
  0.60000000000000009       0.97323354607329293     
  0.60333333333333339       0.96475137277111545     
  0.60666666666666669       0.96499301384198610     
  0.60999999999999999       0.97226565214399396     
  0.61333333333333340       0.98372146554492368     
  0.61666666666666670       0.99613555983093571     
  0.62000000000000000        1.0066590875508001     
  0.62333333333333341        1.0133816166386358     
  0.62666666666666671        1.0155987633499377     
  0.63000000000000000        1.0137623767989714     
  0.63333333333333341        1.0091692970292385     
  0.63666666666666671        1.0035012024814205     
  0.64000000000000001       0.99834993985797571     
  0.64333333333333342       0.99484781683007018     
  0.64666666666666672       0.99347851573499346     
  0.65000000000000002       0.99408649931144388     
  0.65333333333333332       0.99604824379157320     
  0.65666666666666673       0.99853176464780047     
  0.66000000000000003        1.0007594829602768     
  0.66333333333333333        1.0022031469476738     
  0.66666666666666674        1.0026707862398927     
  0.67000000000000004        1.0022829837054386     
  0.67333333333333334        1.0013674209145724     
  0.67666666666666675        1.0003183908159228     
  0.68000000000000005       0.99946889561173513     
  0.68333333333333335       0.99900969242014759     
  0.68666666666666676       0.99896872114859692     
  0.69000000000000006       0.99924350427944952     
  0.69333333333333336       0.99966472032484810     
  0.69666666666666666        1.0000644278362101     
  0.70000000000000007        1.0003269172791167     
  0.70333333333333337        1.0004106001526891     
  0.70666666666666667        1.0003411504948079     
  0.71000000000000008        1.0001852017129098     
  0.71333333333333337        1.0000179081527958     
  0.71666666666666667       0.99989641668591112     
  0.72000000000000008       0.99984636684563033     
  0.72333333333333338       0.99986243639371564     
  0.72666666666666668       0.99991900357473562     
  0.73000000000000009       0.99998461282427675     
  0.73333333333333339        1.0000343033446419     
  0.73666666666666669        1.0000561807398636     
  0.74000000000000010        1.0000515832924817     
  0.74333333333333340        1.0000306062466504     
  0.74666666666666670        1.0000058895657225     
  0.75000000000000000       0.99998737217116718     
  0.75333333333333341       0.99997959944691772     
  0.75666666666666671       0.99998179256982744     
  0.76000000000000001       0.99998982377583645     
  0.76333333333333342       0.99999879630683619     
  0.76666666666666672        1.0000050930299511     
  0.77000000000000002        1.0000072981300117     
  0.77333333333333343        1.0000060002125593     
  0.77666666666666673        1.0000029048828205     
  0.78000000000000003       0.99999981422346407     
  0.78333333333333344       0.99999790633403696     
  0.78666666666666674       0.99999749482577049     
  0.79000000000000004       0.99999820404614892     
  0.79333333333333333       0.99999935394815942     
  0.79666666666666675        1.0000003332208487     
  0.80000000000000004        1.0000008168748982     
  0.80333333333333334        1.0000007943560862     
  0.80666666666666675        1.0000004617647922     
  0.81000000000000005        1.0000000686089641     
  0.81333333333333335       0.99999979720317578     
  0.81666666666666676       0.99999971261350518     
  0.82000000000000006       0.99999977884432434     
  0.82333333333333336       0.99999991099517493     
  0.82666666666666677        1.0000000287582227     
  0.83000000000000007        1.0000000883396056     
  0.83333333333333337        1.0000000871816959     
  0.83666666666666667        1.0000000494361938     
  0.84000000000000008        1.0000000054765992     
  0.84333333333333338       0.99999997644369087     
  0.84666666666666668       0.99999996859118434     
  0.85000000000000009       0.99999997615396929     
  0.85333333333333339       0.99999998816985225     
  0.85666666666666669       0.99999999457898103     
  0.86000000000000010       0.99999998885351882     
  0.86333333333333340       0.99999996670959546     
  0.86666666666666670       0.99999992186000930     
  0.87000000000000011       0.99999983981369356     
  0.87333333333333341       0.99999968962605545     
  0.87666666666666671       0.99999941172801743     
  0.88000000000000000       0.99999889783548690     
  0.88333333333333341       0.99999795639809930     
  0.88666666666666671       0.99999625359434252     
  0.89000000000000001       0.99999321469882074     
  0.89333333333333342       0.99998786270492079     
  0.89666666666666672       0.99997855920722389     
  0.90000000000000002       0.99996259542375665     
  0.90333333333333343       0.99993555743020435     
  0.90666666666666673       0.99989035769619594     
  0.91000000000000003       0.99981578354606548     
  0.91333333333333344       0.99969436152602409     
  0.91666666666666674       0.99949927548478801     
  0.92000000000000004       0.99919000839698158     
  0.92333333333333334       0.99870631001000665     
  0.92666666666666675       0.99796003556131418     
  0.93000000000000005       0.99682437253975242     
  0.93333333333333335       0.99511999728335920     
  0.93666666666666676       0.99259781278740844     
  0.94000000000000006       0.98891815078964962     
  0.94333333333333336       0.98362671432838622     
  0.94666666666666677       0.97612812621127176     
  0.95000000000000007       0.96565875427281123     
  0.95333333333333337       0.95126149830309725     
  0.95666666666666678       0.93176639548581364     
  0.96000000000000008       0.90578212232627331     
  0.96333333333333337       0.87170456297588483     
  0.96666666666666667       0.82774932555270153     
  0.97000000000000008       0.77201510701959908     
  0.97333333333333338       0.70258378993621196     
  0.97666666666666668       0.61766077981737622     
  0.98000000000000009       0.51575513692124864     
  0.98333333333333339       0.39589348840563854     
  0.98666666666666669       0.25785477897149645     
  0.99000000000000010       0.10240524695156622     
  0.99333333333333340       -6.8494387496000286E-002
  0.99666666666666670      -0.25154329068625447     
