   0.0000000000000000        1.3766003575355259     
   3.3333333333333335E-003   1.3132246408122352     
   6.6666666666666671E-003   1.2360835515535373     
   1.0000000000000000E-002   1.1509143086656473     
   1.3333333333333334E-002   1.0638955377885759     
   1.6666666666666666E-002  0.98120247361091351     
   2.0000000000000000E-002  0.90853463946463675     
   2.3333333333333334E-002  0.85065919315557392     
   2.6666666666666668E-002  0.81101585291785672     
   3.0000000000000002E-002  0.79142700605021565     
   3.3333333333333333E-002  0.79194889886844488     
   3.6666666666666667E-002  0.81088703440433596     
   4.0000000000000001E-002  0.84498212322931754     
   4.3333333333333335E-002  0.88975388788568599     
   4.6666666666666669E-002  0.93997098054126471     
   5.0000000000000003E-002  0.99019876005513263     
   5.3333333333333337E-002   1.0353651234766372     
   5.6666666666666671E-002   1.0712799688561054     
   6.0000000000000005E-002   1.0950473387896302     
   6.3333333333333339E-002   1.1053209410335163     
   6.6666666666666666E-002   1.1023724557013026     
   7.0000000000000007E-002   1.0879655805958284     
   7.3333333333333334E-002   1.0650540233319761     
   7.6666666666666675E-002   1.0373450516986980     
   8.0000000000000002E-002   1.0087882708507914     
   8.3333333333333343E-002  0.98305915897458829     
   8.6666666666666670E-002  0.96310685691568054     
   9.0000000000000011E-002  0.95082555257731838     
   9.3333333333333338E-002  0.94688990553099628     
   9.6666666666666679E-002  0.95077013939039057     
  0.10000000000000001       0.96091553233351934     
  0.10333333333333335       0.97507031314631643     
  0.10666666666666667       0.99066737085796075     
  0.11000000000000000        1.0052356687546711     
  0.11333333333333334        1.0167582530141996     
  0.11666666666666667        1.0239289018106783     
  0.12000000000000001        1.0262746659941087     
  0.12333333333333334        1.0241353261079120     
  0.12666666666666668        1.0185149072303852     
  0.13000000000000000        1.0108406579395732     
  0.13333333333333333        1.0026779187473085     
  0.13666666666666669       0.99545310256094832     
  0.14000000000000001       0.99023136729274541     
  0.14333333333333334       0.98758201547221092     
  0.14666666666666667       0.98754615327739748     
  0.15000000000000002       0.98970142052822951     
  0.15333333333333335       0.99330143829870887     
  0.15666666666666668       0.99745608012112208     
  0.16000000000000000        1.0013145443906784     
  0.16333333333333333        1.0042167063779841     
  0.16666666666666669        1.0057880476312671     
  0.17000000000000001        1.0059671184116001     
  0.17333333333333334        1.0049689192397020     
  0.17666666666666667        1.0031998135411382     
  0.18000000000000002        1.0011473321366828     
  0.18333333333333335       0.99927035963040556     
  0.18666666666666668       0.99791184384713538     
  0.19000000000000000       0.99724863023706090     
  0.19333333333333336       0.99728334996237289     
  0.19666666666666668       0.99787378983658481     
  0.20000000000000001       0.99878787010808412     
  0.20333333333333334       0.99976857484874848     
  0.20666666666666669        1.0005933139267997     
  0.21000000000000002        1.0011157195969718     
  0.21333333333333335        1.0012835678140459     
  0.21666666666666667        1.0011327959426570     
  0.22000000000000000        1.0007629563019833     
  0.22333333333333336        1.0003027954329164     
  0.22666666666666668       0.99987549366387718     
  0.23000000000000001       0.99957160431148662     
  0.23333333333333334       0.99943459376102894     
  0.23666666666666669       0.99946009393105817     
  0.24000000000000002       0.99960654291532103     
  0.24333333333333335       0.99981258040920851     
  0.24666666666666667        1.0000157636448248     
  0.25000000000000000        1.0001678291666538     
  0.25333333333333335        1.0002434430477691     
  0.25666666666666671        1.0002415533968254     
  0.26000000000000001        1.0001804631958768     
  0.26333333333333336        1.0000891014872935     
  0.26666666666666666       0.99999745351020608     
  0.27000000000000002       0.99992874769335727     
  0.27333333333333337       0.99989503528588197     
  0.27666666666666667       0.99989659646373641     
  0.28000000000000003       0.99992452412871213     
  0.28333333333333333       0.99996513645131613     
  0.28666666666666668        1.0000046647613521     
  0.29000000000000004        1.0000329139087052     
  0.29333333333333333        1.0000451415522529     
  0.29666666666666669        1.0000420430716637     
  0.30000000000000004        1.0000282669943201     
  0.30333333333333334        1.0000101946637501     
  0.30666666666666670       0.99999375872016738     
  0.31000000000000000       0.99998289172770183     
  0.31333333333333335       0.99997888699627280     
  0.31666666666666671       0.99998063197072640     
  0.32000000000000001       0.99998543418225838     
  0.32333333333333336       0.99999005144995723     
  0.32666666666666666       0.99999156366816377     
  0.33000000000000002       0.99998784560610088     
  0.33333333333333337       0.99997756092439294     
  0.33666666666666667       0.99995974031351798     
  0.34000000000000002       0.99993309207228087     
  0.34333333333333338       0.99989520778714847     
  0.34666666666666668       0.99984177927026807     
  0.35000000000000003       0.99976586144414092     
  0.35333333333333333       0.99965712967763476     
  0.35666666666666669       0.99950101369523425     
  0.36000000000000004       0.99927755631401838     
  0.36333333333333334       0.99895984384663572     
  0.36666666666666670       0.99851187651972639     
  0.37000000000000005       0.99788577836459080     
  0.37333333333333335       0.99701827530191423     
  0.37666666666666671       0.99582639195543443     
  0.38000000000000000       0.99420233361616217     
  0.38333333333333336       0.99200753722220514     
  0.38666666666666671       0.98906590488030988     
  0.39000000000000001       0.98515628595211346     
  0.39333333333333337       0.98000435696873378     
  0.39666666666666667       0.97327416624206886     
  0.40000000000000002       0.96455976086843009     
  0.40333333333333338       0.95337749221338075     
  0.40666666666666668       0.93915979218981982     
  0.41000000000000003       0.92125141306849789     
  0.41333333333333339       0.89890931045456279     
  0.41666666666666669       0.87130750010297531     
  0.42000000000000004       0.83754830720334272     
  0.42333333333333334       0.79668141987906471     
  0.42666666666666669       0.74773202216348189     
  0.43000000000000005       0.68973898093047181     
  0.43333333333333335       0.62180356610558052     
  0.43666666666666670       0.54314847448380710     
  0.44000000000000000       0.45318600251216767     
  0.44333333333333336       0.35159309458561566     
  0.44666666666666671       0.23838973314933620     
  0.45000000000000001       0.11401582190107352     
  0.45333333333333337       -2.0599534514326043E-002
  0.45666666666666672      -0.16398347831488938     
  0.46000000000000002      -0.31408732874407597     
  0.46333333333333337      -0.46828480004543199     
  0.46666666666666667      -0.62340761249923937     
  0.47000000000000003      -0.77582401891726982     
  0.47333333333333338      -0.92156323878182111     
  0.47666666666666668       -1.0564853448603668     
  0.48000000000000004       -1.1764919307914135     
  0.48333333333333334       -1.2777681823377007     
  0.48666666666666669       -1.3570421895411560     
  0.49000000000000005       -1.4118429924127491     
  0.49333333333333335       -1.4407355399455708     
  0.49666666666666670       -1.4435090616276336     
  0.50000000000000000       -1.4212958347493070     
  0.50333333333333341       -1.3766003571832679     
  0.50666666666666671       -1.3132246409171220     
  0.51000000000000001       -1.2360835519181974     
  0.51333333333333342       -1.1509143090629750     
  0.51666666666666672       -1.0638955380574442     
  0.52000000000000002      -0.98120247369454694     
  0.52333333333333332      -0.90853463939631851     
  0.52666666666666673      -0.85065919301489923     
  0.53000000000000003      -0.81101585278424537     
  0.53333333333333333      -0.79142700597247551     
  0.53666666666666674      -0.79194889885663977     
  0.54000000000000004      -0.81088703443946075     
  0.54333333333333333      -0.84498212328089595     
  0.54666666666666675      -0.88975388792769328     
  0.55000000000000004      -0.93997098056072881     
  0.55333333333333334      -0.99019876005258645     
  0.55666666666666675       -1.0353651234610901     
  0.56000000000000005       -1.0712799688384487     
  0.56333333333333335       -1.0950473387776405     
  0.56666666666666665       -1.1053209410298845     
  0.57000000000000006       -1.1023724557043981     
  0.57333333333333336       -1.0879655806019224     
  0.57666666666666666       -1.0650540233375050     
  0.58000000000000007       -1.0373450517016414     
  0.58333333333333337       -1.0087882708509233     
  0.58666666666666667      -0.98305915897290852     
  0.59000000000000008      -0.96310685691355458     
  0.59333333333333338      -0.95082555257578405     
  0.59666666666666668      -0.94688990553045982     
  0.60000000000000009      -0.95077013939069421     
  0.60333333333333339      -0.96091553233421856     
  0.60666666666666669      -0.97507031314697079     
  0.60999999999999999      -0.99066737085831613     
  0.61333333333333340       -1.0052356687546944     
  0.61666666666666670       -1.0167582530140096     
  0.62000000000000000       -1.0239289018104372     
  0.62333333333333341       -1.0262746659939377     
  0.62666666666666671       -1.0241353261078563     
  0.63000000000000000       -1.0185149072304234     
  0.63333333333333341       -1.0108406579396523     
  0.63666666666666671       -1.0026779187473782     
  0.64000000000000001      -0.99545310256098229     
  0.64333333333333342      -0.99023136729274319     
  0.64666666666666672      -0.98758201547218738     
  0.65000000000000002      -0.98754615327737072     
  0.65333333333333332      -0.98970142052821231     
  0.65666666666666673      -0.99330143829870488     
  0.66000000000000003      -0.99745608012112763     
  0.66333333333333333       -1.0013145443906875     
  0.66666666666666674       -1.0042167063779912     
  0.67000000000000004       -1.0057880476312704     
  0.67333333333333334       -1.0059671184115997     
  0.67666666666666675       -1.0049689192396998     
  0.68000000000000005       -1.0031998135411362     
  0.68333333333333335       -1.0011473321366815     
  0.68666666666666676      -0.99927035963040556     
  0.69000000000000006      -0.99791184384713572     
  0.69333333333333336      -0.99724863023706045     
  0.69666666666666666      -0.99728334996236989     
  0.70000000000000007      -0.99787378983657693     
  0.70333333333333337      -0.99878787010806747     
  0.70666666666666667      -0.99976857484871584     
  0.71000000000000008       -1.0005933139267364     
  0.71333333333333337       -1.0011157195968501     
  0.71666666666666667       -1.0012835678138123     
  0.72000000000000008       -1.0011327959422118     
  0.72333333333333338       -1.0007629563011422     
  0.72666666666666668       -1.0003027954313359     
  0.73000000000000009      -0.99987549366092765     
  0.73333333333333339      -0.99957160430601899     
  0.73666666666666669      -0.99943459375096100     
  0.74000000000000010      -0.99946009391264101     
  0.74333333333333340      -0.99960654288185324     
  0.74666666666666670      -0.99981258034879228     
  0.75000000000000000       -1.0000157635364830     
  0.75333333333333341       -1.0001678289736571     
  0.75666666666666671       -1.0002434427062534     
  0.76000000000000001       -1.0002415527965178     
  0.76333333333333342       -1.0001804621477033     
  0.76666666666666672       -1.0000890996693375     
  0.77000000000000002      -0.99999745037823096     
  0.77333333333333343      -0.99992874233376794     
  0.77666666666666673      -0.99989502617592796     
  0.78000000000000003      -0.99989658108343182     
  0.78333333333333344      -0.99992449833760588     
  0.78666666666666674      -0.99996509349540341     
  0.79000000000000004       -1.0000045937030204     
  0.79333333333333333       -1.0000327971641274     
  0.79666666666666675       -1.0000449510596661     
  0.80000000000000004       -1.0000417343774577     
  0.80333333333333334       -1.0000277701999425     
  0.80666666666666675       -1.0000094006815692     
  0.81000000000000005      -0.99999249858210415     
  0.81333333333333335      -0.99998090569924225     
  0.81666666666666676      -0.99997577886983535     
  0.82000000000000006      -0.99997580201818292     
  0.82333333333333336      -0.99997798167714058     
  0.82666666666666677      -0.99997863423183542     
  0.83000000000000007      -0.99997419768692697     
  0.83333333333333337      -0.99996162149420498     
  0.83666666666666667      -0.99993824712268753     
  0.84000000000000008      -0.99990123284305754     
  0.84333333333333338      -0.99984665945485007     
  0.84666666666666668      -0.99976846570577338     
  0.85000000000000009      -0.99965731331074792     
  0.85333333333333339      -0.99949939789105280     
  0.85666666666666669      -0.99927513442727312     
  0.86000000000000010      -0.99895757895625248     
  0.86333333333333340      -0.99851041559926690     
  0.86666666666666670      -0.99788534032396825     
  0.87000000000000011      -0.99701870154213257     
  0.87333333333333341      -0.99582730045583279     
  0.87666666666666671      -0.99420330063904028     
  0.88000000000000000      -0.99200824207337723     
  0.88333333333333341      -0.98906620201224149     
  0.88666666666666671      -0.98515620135843418     
  0.89000000000000001      -0.98000403084173271     
  0.89333333333333342      -0.97327377517264035     
  0.89666666666666672      -0.96455945039057323     
  0.90000000000000002      -0.95337733867453789     
  0.90333333333333343      -0.93915979811188810     
  0.90666666666666673      -0.92125152802353238     
  0.91000000000000003      -0.89890946330392507     
  0.91333333333333344      -0.87130762867154254     
  0.91666666666666674      -0.83754837626108236     
  0.92000000000000004      -0.79668142481446180     
  0.92333333333333334      -0.74773198129099938     
  0.92666666666666675      -0.68973892236278522     
  0.93000000000000005      -0.62180351524434696     
  0.93333333333333335      -0.54314844620559977     
  0.93666666666666676      -0.45318599932254455     
  0.94000000000000006      -0.35159310958597806     
  0.94333333333333336      -0.23838975534113960     
  0.94666666666666677      -0.11401584127917812     
  0.95000000000000007        2.0599523789585676E-002
  0.95333333333333337       0.16398347718879105     
  0.95666666666666678       0.31408733448610970     
  0.96000000000000008       0.46828480838280723     
  0.96333333333333337       0.62340761962435931     
  0.96666666666666667       0.77582402269360107     
  0.97000000000000008       0.92156323896847059     
  0.97333333333333338        1.0564853425841962     
  0.97666666666666668        1.1764919276955486     
  0.98000000000000009        1.2777681798178853     
  0.98333333333333339        1.3570421883195882     
  0.98666666666666669        1.4118429924965816     
  0.99000000000000010        1.4407355408611036     
  0.99333333333333340        1.4435090627545664     
  0.99666666666666670        1.4212958355988994     
