   0.0000000000000000       -1.0203286580153321     
   3.3333333333333335E-003  -1.0550967622714038     
   6.6666666666666671E-003  -1.0734675754167016     
   1.0000000000000000E-002  -1.0749061844837269     
   1.3333333333333334E-002  -1.0620828057449803     
   1.6666666666666666E-002  -1.0399766294858832     
   2.0000000000000000E-002  -1.0146023203205607     
   2.3333333333333334E-002 -0.99165698063946972     
   2.6666666666666668E-002 -0.97538619182104025     
   3.0000000000000002E-002 -0.96789828115959786     
   3.3333333333333333E-002 -0.96903529744102035     
   3.6666666666666667E-002 -0.97676942826285362     
   4.0000000000000001E-002 -0.98797110771301022     
   4.3333333333333335E-002 -0.99932037817574149     
   4.6666666666666669E-002  -1.0081225649038237     
   5.0000000000000003E-002  -1.0128410951263254     
   5.3333333333333337E-002  -1.0132554625426227     
   5.6666666666666671E-002  -1.0102612923504086     
   6.0000000000000005E-002  -1.0054210377786730     
   6.3333333333333339E-002  -1.0004244992855080     
   6.6666666666666666E-002 -0.99661853006686552     
   7.0000000000000007E-002 -0.99472103116094845     
   7.3333333333333334E-002 -0.99476406609761692     
   7.6666666666666675E-002 -0.99623860402228570     
   8.0000000000000002E-002 -0.99836061350230865     
   8.3333333333333343E-002  -1.0003577851038958     
   8.6666666666666670E-002  -1.0016891772769183     
   9.0000000000000011E-002  -1.0021471532576758     
   9.3333333333333338E-002  -1.0018366142323842     
   9.6666666666666679E-002  -1.0010650065186748     
  0.10000000000000001       -1.0001970570167056     
  0.10333333333333335      -0.99952751361985082     
  0.10666666666666667      -0.99920763745640861     
  0.11000000000000000      -0.99923586961899702     
  0.11333333333333334      -0.99949990241423436     
  0.11666666666666667      -0.99984358727010103     
  0.12000000000000001       -1.0001303195565479     
  0.12333333333333334       -1.0002827138629042     
  0.12666666666666668       -1.0002914712174695     
  0.13000000000000000       -1.0001986796049600     
  0.13333333333333333       -1.0000682473057643     
  0.13666666666666669      -0.99995729111992415     
  0.14000000000000001      -0.99989824559562157     
  0.14333333333333334      -0.99989497869080413     
  0.14666666666666667      -0.99993026125430040     
  0.15000000000000002      -0.99997857272806556     
  0.15333333333333335       -1.0000179949458023     
  0.15666666666666668       -1.0000370934449070     
  0.16000000000000000       -1.0000357560868827     
  0.16333333333333333       -1.0000215341422725     
  0.16666666666666669       -1.0000042680769838     
  0.17000000000000001      -0.99999158563285129     
  0.17333333333333334      -0.99998672392509125     
  0.17666666666666667      -0.99998877079002724     
  0.18000000000000002      -0.99999444357026201     
  0.18333333333333335       -1.0000001992282879     
  0.18666666666666668       -1.0000037282868970     
  0.19000000000000000       -1.0000044419698373     
  0.19333333333333336       -1.0000030975557801     
  0.19666666666666668       -1.0000010090746139     
  0.20000000000000001      -0.99999930953147975     
  0.20333333333333334      -0.99999855072945709     
  0.20666666666666669      -0.99999868799827341     
  0.21000000000000002      -0.99999931956283927     
  0.21333333333333335      -0.99999998859300709     
  0.21666666666666667       -1.0000003972594980     
  0.22000000000000000       -1.0000004734862551     
  0.22333333333333336       -1.0000003158043476     
  0.22666666666666668       -1.0000000852756479     
  0.23000000000000001      -0.99999991128009524     
  0.23333333333333334      -0.99999984723215229     
  0.23666666666666669      -0.99999987683865998     
  0.24000000000000002      -0.99999994883368082     
  0.24333333333333335       -1.0000000137367206     
  0.24666666666666667       -1.0000000453412725     
  0.25000000000000000       -1.0000000431785185     
  0.25333333333333335       -1.0000000223065930     
  0.25666666666666671       -1.0000000001043026     
  0.26000000000000001      -0.99999998733396256     
  0.26333333333333336      -0.99999998589543804     
  0.26666666666666666      -0.99999999161640374     
  0.27000000000000002      -0.99999999872730150     
  0.27333333333333337       -1.0000000032226930     
  0.27666666666666667       -1.0000000039643893     
  0.28000000000000003       -1.0000000019079776     
  0.28333333333333333      -0.99999999854524424     
  0.28666666666666668      -0.99999999452083510     
  0.29000000000000004      -0.99999998878066432     
  0.29333333333333333      -0.99999997797136908     
  0.29666666666666669      -0.99999995536477448     
  0.30000000000000004      -0.99999990829341046     
  0.30333333333333334      -0.99999981272089633     
  0.30666666666666670      -0.99999962281136545     
  0.31000000000000000      -0.99999925184625449     
  0.31333333333333335      -0.99999853814444672     
  0.31666666666666671      -0.99999718519868730     
  0.32000000000000001      -0.99999465819774347     
  0.32333333333333336      -0.99999000822073325     
  0.32666666666666666      -0.99998157895815154     
  0.33000000000000002      -0.99996652663130980     
  0.33333333333333337      -0.99994004922444935     
  0.33666666666666667      -0.99989417339405429     
  0.34000000000000002      -0.99981588394354604     
  0.34333333333333338      -0.99968430013829657     
  0.34666666666666668      -0.99946650641626578     
  0.35000000000000003      -0.99911153755650384     
  0.35333333333333333      -0.99854191211081256     
  0.35666666666666669      -0.99764202424446458     
  0.36000000000000004      -0.99624267628425733     
  0.36333333333333334      -0.99410110881526281     
  0.36666666666666670      -0.99087612138493364     
  0.37000000000000005      -0.98609834243503969     
  0.37333333333333335      -0.97913646849531011     
  0.37666666666666671      -0.96916139924403133     
  0.38000000000000000      -0.95511165602849113     
  0.38333333333333336      -0.93566522777015904     
  0.38666666666666671      -0.90922488258494738     
  0.39000000000000001      -0.87392573585262645     
  0.39333333333333337      -0.82767506344785269     
  0.39666666666666667      -0.76823446486922198     
  0.40000000000000002      -0.69335292785099323     
  0.40333333333333338      -0.60095557784660081     
  0.40666666666666668      -0.48938655372056467     
  0.41000000000000003      -0.35769553971834012     
  0.41333333333333339      -0.20594654845971608     
  0.41666666666666669       -3.5515807757013081E-002
  0.42000000000000004       0.15066502500619755     
  0.42333333333333334       0.34797112022568394     
  0.42666666666666669       0.55010368020393818     
  0.43000000000000005       0.74930942930726363     
  0.43333333333333335       0.93682526704156155     
  0.43666666666666670        1.1035443106257306     
  0.44000000000000000        1.2408630723310425     
  0.44333333333333336        1.3416300035159490     
  0.44666666666666671        1.4010800319648842     
  0.45000000000000001        1.4176161718435680     
  0.45333333333333337        1.3932956274937354     
  0.45666666666666672        1.3338996393294582     
  0.46000000000000002        1.2485150754122787     
  0.46333333333333337        1.1486273350615159     
  0.46666666666666667        1.0468084284771046     
  0.47000000000000003       0.95516611707969712     
  0.47333333333333338       0.88378229152079379     
  0.47666666666666668       0.83939511202607930     
  0.48000000000000004       0.82455899123047949     
  0.48333333333333334       0.83744735883163568     
  0.48666666666666669       0.87235428730974274     
  0.49000000000000005       0.92082179959786492     
  0.49333333333333335       0.97319638198560843     
  0.49666666666666670        1.0203286580153323     
  0.50000000000000000        1.0550967622714043     
  0.50333333333333341        1.0734675754167022     
  0.50666666666666671        1.0749061844837278     
  0.51000000000000001        1.0620828057449812     
  0.51333333333333342        1.0399766294858841     
  0.51666666666666672        1.0146023203205612     
  0.52000000000000002       0.99165698063947016     
  0.52333333333333332       0.97538619182104047     
  0.52666666666666673       0.96789828115959786     
  0.53000000000000003       0.96903529744102024     
  0.53333333333333333       0.97676942826285329     
  0.53666666666666674       0.98797110771300989     
  0.54000000000000004       0.99932037817574115     
  0.54333333333333333        1.0081225649038232     
  0.54666666666666675        1.0128410951263247     
  0.55000000000000004        1.0132554625426224     
  0.55333333333333334        1.0102612923504082     
  0.55666666666666675        1.0054210377786725     
  0.56000000000000005        1.0004244992855078     
  0.56333333333333335       0.99661853006686529     
  0.56666666666666665       0.99472103116094823     
  0.57000000000000006       0.99476406609761669     
  0.57333333333333336       0.99623860402228570     
  0.57666666666666666       0.99836061350230876     
  0.58000000000000007        1.0003577851038961     
  0.58333333333333337        1.0016891772769190     
  0.58666666666666667        1.0021471532576764     
  0.59000000000000008        1.0018366142323842     
  0.59333333333333338        1.0010650065186746     
  0.59666666666666668        1.0001970570167054     
  0.60000000000000009       0.99952751361985015     
  0.60333333333333339       0.99920763745640817     
  0.60666666666666669       0.99923586961899669     
  0.60999999999999999       0.99949990241423414     
  0.61333333333333340       0.99984358727010081     
  0.61666666666666670        1.0001303195565476     
  0.62000000000000000        1.0002827138629038     
  0.62333333333333341        1.0002914712174698     
  0.62666666666666671        1.0001986796049602     
  0.63000000000000000        1.0000682473057643     
  0.63333333333333341       0.99995729111992437     
  0.63666666666666671       0.99989824559562179     
  0.64000000000000001       0.99989497869080413     
  0.64333333333333342       0.99993026125430051     
  0.64666666666666672       0.99997857272806534     
  0.65000000000000002        1.0000179949458017     
  0.65333333333333332        1.0000370934449061     
  0.65666666666666673        1.0000357560868818     
  0.66000000000000003        1.0000215341422720     
  0.66333333333333333        1.0000042680769841     
  0.66666666666666674       0.99999158563285151     
  0.67000000000000004       0.99998672392509147     
  0.67333333333333334       0.99998877079002757     
  0.67666666666666675       0.99999444357026235     
  0.68000000000000005        1.0000001992282881     
  0.68333333333333335        1.0000037282868972     
  0.68666666666666676        1.0000044419698377     
  0.69000000000000006        1.0000030975557808     
  0.69333333333333336        1.0000010090746143     
  0.69666666666666666       0.99999930953148031     
  0.70000000000000007       0.99999855072945765     
  0.70333333333333337       0.99999868799827363     
  0.70666666666666667       0.99999931956283949     
  0.71000000000000008       0.99999998859300709     
  0.71333333333333337        1.0000003972594977     
  0.71666666666666667        1.0000004734862549     
  0.72000000000000008        1.0000003158043476     
  0.72333333333333338        1.0000000852756481     
  0.72666666666666668       0.99999991128009602     
  0.73000000000000009       0.99999984723215463     
  0.73333333333333339       0.99999987683866620     
  0.73666666666666669       0.99999994883369736     
  0.74000000000000010        1.0000000137367644     
  0.74333333333333340        1.0000000453413866     
  0.74666666666666670        1.0000000431788134     
  0.75000000000000000        1.0000000223073442     
  0.75333333333333341        1.0000000001061857     
  0.75666666666666671       0.99999998733860740     
  0.76000000000000001       0.99999998590671624     
  0.76333333333333342       0.99999999164336340     
  0.76666666666666672       0.99999999879075507     
  0.77000000000000002        1.0000000033697545     
  0.77333333333333343        1.0000000043000308     
  0.77666666666666673        1.0000000026624094     
  0.78000000000000003        1.0000000002154086     
  0.78333333333333344       0.99999999816265894     
  0.78666666666666674       0.99999999660274608     
  0.79000000000000004       0.99999999452106358     
  0.79333333333333333       0.99999998985847072     
  0.79666666666666675       0.99999997911846028     
  0.80000000000000004       0.99999995598719826     
  0.80333333333333334       0.99999990832121144     
  0.80666666666666675       0.99999981241005897     
  0.81000000000000005       0.99999962247096097     
  0.81333333333333335       0.99999925166008963     
  0.81666666666666676       0.99999853813516137     
  0.82000000000000006       0.99999718528928594     
  0.82333333333333336       0.99999465829594747     
  0.82666666666666677       0.99999000827296414     
  0.83000000000000007       0.99998157895918138     
  0.83333333333333337       0.99996652660465846     
  0.83666666666666667       0.99994004919693347     
  0.84000000000000008       0.99989417338035225     
  0.84333333333333338       0.99981588394422582     
  0.84666666666666668       0.99968430014613707     
  0.85000000000000009       0.99946650642371726     
  0.85333333333333339       0.99911153755982363     
  0.85666666666666669       0.99854191211023835     
  0.86000000000000010       0.99764202424218951     
  0.86333333333333340       0.99624267628232388     
  0.86666666666666670       0.99410110881454028     
  0.87000000000000011       0.99087612138521730     
  0.87333333333333341       0.98609834243568129     
  0.87666666666666671       0.97913646849578506     
  0.88000000000000000       0.96916139924416367     
  0.88333333333333341       0.95511165602837911     
  0.88666666666666671       0.93566522776998595     
  0.89000000000000001       0.90922488258483936     
  0.89333333333333342       0.87392573585261057     
  0.89666666666666672       0.82767506344789155     
  0.90000000000000002       0.76823446486926628     
  0.90333333333333343       0.69335292785101554     
  0.90666666666666673       0.60095557784660003     
  0.91000000000000003       0.48938655372055312     
  0.91333333333333344       0.35769553971832985     
  0.91666666666666674       0.20594654845971222     
  0.92000000000000004        3.5515807757014482E-002
  0.92333333333333334      -0.15066502500619447     
  0.92666666666666675      -0.34797112022568183     
  0.93000000000000005      -0.55010368020393774     
  0.93333333333333335      -0.74930942930726430     
  0.93666666666666676      -0.93682526704156233     
  0.94000000000000006       -1.1035443106257312     
  0.94333333333333336       -1.2408630723310428     
  0.94666666666666677       -1.3416300035159492     
  0.95000000000000007       -1.4010800319648848     
  0.95333333333333337       -1.4176161718435687     
  0.95666666666666678       -1.3932956274937365     
  0.96000000000000008       -1.3338996393294584     
  0.96333333333333337       -1.2485150754122785     
  0.96666666666666667       -1.1486273350615157     
  0.97000000000000008       -1.0468084284771044     
  0.97333333333333338      -0.95516611707969701     
  0.97666666666666668      -0.88378229152079368     
  0.98000000000000009      -0.83939511202607930     
  0.98333333333333339      -0.82455899123047949     
  0.98666666666666669      -0.83744735883163579     
  0.99000000000000010      -0.87235428730974296     
  0.99333333333333340      -0.92082179959786525     
  0.99666666666666670      -0.97319638198560865     
