   0.0000000000000000       0.99999815751680743     
   3.3333333333333335E-003  0.99999688091475547     
   6.6666666666666671E-003  0.99999470770653365     
   1.0000000000000000E-002  0.99999102007417984     
   1.3333333333333334E-002  0.99998484497192053     
   1.6666666666666666E-002  0.99997464924845336     
   2.0000000000000000E-002  0.99995802590374583     
   2.3333333333333334E-002  0.99993122797812883     
   2.6666666666666668E-002  0.99988848874547642     
   3.0000000000000002E-002  0.99982104365190128     
   3.3333333333333333E-002  0.99971574142637476     
   3.6666666666666667E-002  0.99955309985545560     
   4.0000000000000001E-002  0.99930462718120172     
   4.3333333333333335E-002  0.99892919524849455     
   4.6666666666666669E-002  0.99836821937404407     
   5.0000000000000003E-002  0.99753937879108756     
   5.3333333333333337E-002  0.99632860970214543     
   5.6666666666666671E-002  0.99458013281450097     
   6.0000000000000005E-002  0.99208435394557204     
   6.3333333333333339E-002  0.98856361700908713     
   6.6666666666666666E-002  0.98365601077243980     
   7.0000000000000007E-002  0.97689774901150739     
   7.3333333333333334E-002  0.96770506645530663     
   7.6666666666666675E-002  0.95535709717828987     
   8.0000000000000002E-002  0.93898180766427364     
   8.3333333333333343E-002  0.91754770038865929     
   8.6666666666666670E-002  0.88986461425070029     
   9.0000000000000011E-002  0.85459742395610527     
   9.3333333333333338E-002  0.81029665136406559     
   9.6666666666666679E-002  0.75544979711370275     
  0.10000000000000001       0.68855642474969558     
  0.10333333333333335       0.60822854525107706     
  0.10666666666666667       0.51331557119709337     
  0.11000000000000000       0.40305003825853369     
  0.11333333333333334       0.27720655364881608     
  0.11666666666666667       0.13626230835474784     
  0.12000000000000001       -1.8456565685428514E-002
  0.12333333333333334      -0.18466188913835804     
  0.12666666666666668      -0.35904464597872560     
  0.13000000000000000      -0.53729138178537095     
  0.13333333333333333      -0.71419362302406997     
  0.13666666666666669      -0.88386183125307516     
  0.14000000000000001       -1.0400457513376609     
  0.14333333333333334       -1.1765504936334452     
  0.14666666666666667       -1.2877233843916220     
  0.15000000000000002       -1.3689722054641489     
  0.15333333333333335       -1.4172630840324723     
  0.15666666666666668       -1.4315383797053762     
  0.16000000000000000       -1.4129937148113534     
  0.16333333333333333       -1.3651605001283231     
  0.16666666666666669       -1.2937566015789039     
  0.17000000000000001       -1.2062924671129858     
  0.17333333333333334       -1.1114508035248603     
  0.17666666666666667       -1.0182909685262702     
  0.18000000000000002      -0.93535970291485915     
  0.18333333333333335      -0.86981230372556839     
  0.18666666666666668      -0.82665793154528922     
  0.19000000000000000      -0.80823602323374633     
  0.19333333333333336      -0.81400668440885882     
  0.19666666666666668      -0.84069836064396430     
  0.20000000000000001      -0.88280597791183490     
  0.20333333333333334      -0.93337958489371864     
  0.20666666666666669      -0.98499623717801821     
  0.21000000000000002       -1.0307752230053644     
  0.21333333333333335       -1.0652856581635828     
  0.21666666666666667       -1.0852094457039949     
  0.22000000000000000       -1.0896605947414792     
  0.22333333333333336       -1.0801182252508019     
  0.22666666666666668       -1.0599956377360220     
  0.23000000000000001       -1.0339297415724475     
  0.23333333333333334       -1.0069221151460706     
  0.23666666666666669      -0.98348573410888585     
  0.24000000000000002      -0.96694526409662440     
  0.24333333333333335      -0.95900486447713573     
  0.24666666666666667      -0.95964252861049371     
  0.25000000000000000      -0.96732535482768289     
  0.25333333333333335      -0.97947911642022445     
  0.25666666666666671      -0.99310054481225352     
  0.26000000000000001       -1.0053807043032712     
  0.26333333333333336       -1.0142159733806417     
  0.26666666666666666       -1.0185164362723116     
  0.27000000000000002       -1.0182714284704439     
  0.27333333333333337       -1.0143866789944251     
  0.27666666666666667       -1.0083545371992564     
  0.28000000000000003       -1.0018481670111168     
  0.28333333333333333      -0.99633702665696600     
  0.28666666666666668      -0.99280484474393005     
  0.29000000000000004      -0.99161837918834617     
  0.29333333333333333      -0.99255480993706113     
  0.29666666666666669      -0.99495801703716336     
  0.30000000000000004      -0.99796796596716764     
  0.30333333333333334       -1.0007580126894007     
  0.30666666666666670       -1.0027225492971656     
  0.31000000000000000       -1.0035781021084258     
  0.31333333333333335       -1.0033679347543925     
  0.31666666666666671       -1.0023857488631960     
  0.32000000000000001       -1.0010518521619676     
  0.32333333333333336      -0.99978165414470699     
  0.32666666666666666      -0.99888148167481450     
  0.33000000000000002      -0.99849346022305563     
  0.33333333333333337      -0.99859440733996863     
  0.33666666666666667      -0.99903843026388883     
  0.34000000000000002      -0.99962311906385071     
  0.34333333333333338       -1.0001566717006152     
  0.34666666666666668       -1.0005074519616772     
  0.35000000000000003       -1.0006260217934355     
  0.35333333333333333       -1.0005394031662997     
  0.35666666666666669       -1.0003252184212483     
  0.36000000000000004       -1.0000774935137327     
  0.36333333333333334      -0.99987579807262883     
  0.36666666666666670      -0.99976589851640607     
  0.37000000000000005      -0.99975492468751137     
  0.37333333333333335      -0.99981908379444329     
  0.37666666666666671      -0.99991865310518513     
  0.38000000000000000       -1.0000140008463971     
  0.38333333333333336       -1.0000775299841949     
  0.38666666666666671       -1.0000988969424447     
  0.39000000000000001       -1.0000835716439651     
  0.39333333333333337       -1.0000468657337913     
  0.39666666666666667       -1.0000064579127925     
  0.40000000000000002      -0.99997616769764919     
  0.40333333333333338      -0.99996263665735463     
  0.40666666666666668      -0.99996521658913118     
  0.41000000000000003      -0.99997824574352168     
  0.41333333333333339      -0.99999432660778098     
  0.41666666666666669       -1.0000072543732390     
  0.42000000000000004       -1.0000137215039981     
  0.42333333333333334       -1.0000135690814980     
  0.42666666666666669       -1.0000089078769427     
  0.43000000000000005       -1.0000027269637857     
  0.43333333333333335      -0.99999761120099839     
  0.43666666666666670      -0.99999497704864970     
  0.44000000000000000      -0.99999494042585035     
  0.44333333333333336      -0.99999667713598916     
  0.44666666666666671      -0.99999900351830640     
  0.45000000000000001       -1.0000009064004935     
  0.45333333333333337       -1.0000018491204414     
  0.45666666666666672       -1.0000018120324909     
  0.46000000000000002       -1.0000011341489512     
  0.46333333333333337       -1.0000002746605037     
  0.46666666666666667      -0.99999960620710648     
  0.47000000000000003      -0.99999930572819307     
  0.47333333333333338      -0.99999935215904234     
  0.47666666666666668      -0.99999959738972621     
  0.48000000000000004      -0.99999985968758143     
  0.48333333333333334      -0.99999999584950761     
  0.48666666666666669      -0.99999992944958493     
  0.49000000000000005      -0.99999963507570810     
  0.49333333333333335      -0.99999909297504075     
  0.49666666666666670      -0.99999823144865896     
  0.50000000000000000      -0.99999686744022409     
  0.50333333333333341      -0.99999464378322300     
  0.50666666666666671      -0.99999094927480814     
  0.51000000000000001      -0.99998479786953576     
  0.51333333333333342      -0.99997463588516800     
  0.51666666666666672      -0.99995803914912129     
  0.52000000000000002      -0.99993125260578564     
  0.52333333333333332      -0.99988851053577332     
  0.52666666666666673      -0.99982105480704575     
  0.53000000000000003      -0.99971574139915520     
  0.53333333333333333      -0.99955309289709637     
  0.53666666666666674      -0.99930461880551558     
  0.54000000000000004      -0.99892918947342313     
  0.54333333333333333      -0.99836821760746253     
  0.54666666666666675      -0.99753938022449873     
  0.55000000000000004      -0.99632861249019689     
  0.55333333333333334      -0.99458013524985722     
  0.55666666666666675      -0.99208435513149751     
  0.56000000000000005      -0.98856361693076800     
  0.56333333333333335      -0.98365600996292113     
  0.56666666666666665      -0.97689774810964936     
  0.57000000000000006      -0.96770506588816374     
  0.57333333333333336      -0.95535709705842609     
  0.57666666666666666      -0.93898180786427199     
  0.58000000000000007      -0.91754770069174962     
  0.58333333333333337      -0.88986461448163867     
  0.58666666666666667      -0.85459742404211514     
  0.59000000000000008      -0.81029665132615236     
  0.59333333333333338      -0.75544979701960169     
  0.59666666666666668      -0.68855642466468592     
  0.60000000000000009      -0.60822854520962844     
  0.60333333333333339      -0.51331557119984328     
  0.60666666666666669      -0.40305003828582203     
  0.60999999999999999      -0.27720655367796010     
  0.61333333333333340      -0.13626230837165040     
  0.61666666666666670        1.8456565683363887E-002
  0.62000000000000000       0.18466188914580686     
  0.62333333333333341       0.35904464598820557     
  0.62666666666666671       0.53729138179161684     
  0.63000000000000000       0.71419362302555456     
  0.63333333333333341       0.88386183125114748     
  0.63666666666666671        1.0400457513346950     
  0.64000000000000001        1.1765504936312874     
  0.64333333333333342        1.2877233843909421     
  0.64666666666666672        1.3689722054646267     
  0.65000000000000002        1.4172630840333746     
  0.65333333333333332        1.4315383797060861     
  0.65666666666666673        1.4129937148116150     
  0.66000000000000003        1.3651605001282081     
  0.66333333333333333        1.2937566015786344     
  0.66666666666666674        1.2062924671127611     
  0.67000000000000004        1.1114508035247694     
  0.67333333333333334        1.0182909685262977     
  0.67666666666666675       0.93535970291493886     
  0.68000000000000005       0.86981230372563778     
  0.68333333333333335       0.82665793154531875     
  0.68666666666666676       0.80823602323373955     
  0.69000000000000006       0.81400668440883550     
  0.69333333333333336       0.84069836064394365     
  0.69666666666666666       0.88280597791182580     
  0.70000000000000007       0.93337958489372019     
  0.70333333333333337       0.98499623717802443     
  0.70666666666666667        1.0307752230053702     
  0.71000000000000008        1.0652856581635852     
  0.71333333333333337        1.0852094457039945     
  0.71666666666666667        1.0896605947414775     
  0.72000000000000008        1.0801182252508008     
  0.72333333333333338        1.0599956377360218     
  0.72666666666666668        1.0339297415724482     
  0.73000000000000009        1.0069221151460714     
  0.73333333333333339       0.98348573410888662     
  0.73666666666666669       0.96694526409662451     
  0.74000000000000010       0.95900486447713551     
  0.74333333333333340       0.95964252861049315     
  0.74666666666666670       0.96732535482768178     
  0.75000000000000000       0.97947911642022312     
  0.75333333333333341       0.99310054481225196     
  0.75666666666666671        1.0053807043032694     
  0.76000000000000001        1.0142159733806400     
  0.76333333333333342        1.0185164362723105     
  0.76666666666666672        1.0182714284704431     
  0.77000000000000002        1.0143866789944247     
  0.77333333333333343        1.0083545371992564     
  0.77666666666666673        1.0018481670111168     
  0.78000000000000003       0.99633702665696633     
  0.78333333333333344       0.99280484474393038     
  0.78666666666666674       0.99161837918834661     
  0.79000000000000004       0.99255480993706147     
  0.79333333333333333       0.99495801703716369     
  0.79666666666666675       0.99796796596716808     
  0.80000000000000004        1.0007580126894013     
  0.80333333333333334        1.0027225492971661     
  0.80666666666666675        1.0035781021084265     
  0.81000000000000005        1.0033679347543931     
  0.81333333333333335        1.0023857488631960     
  0.81666666666666676        1.0010518521619676     
  0.82000000000000006       0.99978165414470643     
  0.82333333333333336       0.99888148167481405     
  0.82666666666666677       0.99849346022305496     
  0.83000000000000007       0.99859440733996785     
  0.83333333333333337       0.99903843026388806     
  0.83666666666666667       0.99962311906385015     
  0.84000000000000008        1.0001566717006145     
  0.84333333333333338        1.0005074519616768     
  0.84666666666666668        1.0006260217934355     
  0.85000000000000009        1.0005394031662997     
  0.85333333333333339        1.0003252184212483     
  0.85666666666666669        1.0000774935137322     
  0.86000000000000010       0.99987579807262816     
  0.86333333333333340       0.99976589851640552     
  0.86666666666666670       0.99975492468751082     
  0.87000000000000011       0.99981908379444306     
  0.87333333333333341       0.99991865310518513     
  0.87666666666666671        1.0000140008463976     
  0.88000000000000000        1.0000775299841955     
  0.88333333333333341        1.0000988969424454     
  0.88666666666666671        1.0000835716439660     
  0.89000000000000001        1.0000468657337929     
  0.89333333333333342        1.0000064579127950     
  0.89666666666666672       0.99997616769765252     
  0.90000000000000002       0.99996263665736018     
  0.90333333333333343       0.99996521658914239     
  0.90666666666666673       0.99997824574354599     
  0.91000000000000003       0.99999432660783516     
  0.91333333333333344        1.0000072543733589     
  0.91666666666666674        1.0000137215042613     
  0.92000000000000004        1.0000135690820706     
  0.92333333333333334        1.0000089078781773     
  0.92666666666666675        1.0000027269664198     
  0.93000000000000005       0.99999761120656316     
  0.93333333333333335       0.99999497706028528     
  0.93666666666666676       0.99999494044993309     
  0.94000000000000006       0.99999667718532848     
  0.94333333333333336       0.99999900361836802     
  0.94666666666666677        1.0000009066013706     
  0.95000000000000007        1.0000018495196397     
  0.95333333333333337        1.0000018128178061     
  0.95666666666666678        1.0000011356782730     
  0.96000000000000008        1.0000002776086836     
  0.96333333333333337       0.99999961183322505     
  0.96666666666666667       0.99999931635644967     
  0.97000000000000008       0.99999937203421363     
  0.97333333333333338       0.99999963418159277     
  0.97666666666666668       0.99999992710624053     
  0.98000000000000009        1.0000001181391984     
  0.98333333333333339        1.0000001490200481     
  0.98666666666666669        1.0000000253086672     
  0.99000000000000010       0.99999977945876461     
  0.99333333333333340       0.99999942676194498     
  0.99666666666666670       0.99999892743418772     
