   0.0000000000000000       -1.0000000473158199     
   3.3333333333333335E-003  -1.0000000533095013     
   6.6666666666666671E-003  -1.0000000276951062     
   1.0000000000000000E-002 -0.99999999986070787     
   1.3333333333333334E-002 -0.99999998604929474     
   1.6666666666666666E-002 -0.99999998684358005     
   2.0000000000000000E-002 -0.99999999449111499     
   2.3333333333333334E-002  -1.0000000012979600     
   2.6666666666666668E-002  -1.0000000038913635     
   3.0000000000000002E-002  -1.0000000029621530     
   3.3333333333333333E-002  -1.0000000008401657     
   3.6666666666666667E-002 -0.99999999934560591     
   4.0000000000000001E-002 -0.99999999900758718     
   4.3333333333333335E-002 -0.99999999941812678     
   4.6666666666666669E-002 -0.99999999994809496     
   5.0000000000000003E-002  -1.0000000002266394     
   5.3333333333333337E-002  -1.0000000002239429     
   5.6666666666666671E-002  -1.0000000000910527     
   6.0000000000000005E-002 -0.99999999997598565     
   6.3333333333333339E-002 -0.99999999993749444     
   6.6666666666666666E-002 -0.99999999995726252     
   7.0000000000000007E-002 -0.99999999999187572     
   7.3333333333333334E-002  -1.0000000000123910     
   7.6666666666666675E-002  -1.0000000000140876     
   8.0000000000000002E-002  -1.0000000000062652     
   8.3333333333333343E-002 -0.99999999999895817     
   8.6666666666666670E-002 -0.99999999999637079     
   9.0000000000000011E-002 -0.99999999999747546     
   9.3333333333333338E-002 -0.99999999999952438     
   9.6666666666666679E-002  -1.0000000000007103     
  0.10000000000000001       -1.0000000000007738     
  0.10333333333333335       -1.0000000000002962     
  0.10666666666666667      -0.99999999999983669     
  0.11000000000000000      -0.99999999999950107     
  0.11333333333333334      -0.99999999999883349     
  0.11666666666666667      -0.99999999999646916     
  0.12000000000000001      -0.99999999998854583     
  0.12333333333333334      -0.99999999996361033     
  0.12666666666666668      -0.99999999988799537     
  0.13000000000000000      -0.99999999966551578     
  0.13333333333333333      -0.99999999902966696     
  0.13666666666666669      -0.99999999726382449     
  0.14000000000000001      -0.99999999249679195     
  0.14333333333333334      -0.99999997998232182     
  0.14666666666666667      -0.99999994802237646     
  0.15000000000000002      -0.99999986859387036     
  0.15333333333333335      -0.99999967643610221     
  0.15666666666666668      -0.99999922377595951     
  0.16000000000000000      -0.99999818522362527     
  0.16333333333333333      -0.99999586396756446     
  0.16666666666666669      -0.99999080874050039     
  0.17000000000000001      -0.99998007988693727     
  0.17333333333333334      -0.99995788665248264     
  0.17666666666666667      -0.99991313702965101     
  0.18000000000000002      -0.99982517537435067     
  0.18333333333333335      -0.99965661606510037     
  0.18666666666666668      -0.99934171567535546     
  0.19000000000000000      -0.99876819995625499     
  0.19333333333333336      -0.99774997582754921     
  0.19666666666666668      -0.99598790262045189     
  0.20000000000000001      -0.99301607105447587     
  0.20333333333333334      -0.98813224979748793     
  0.20666666666666669      -0.98031377370231532     
  0.21000000000000002      -0.96812457434191590     
  0.21333333333333335      -0.94962545045148328     
  0.21666666666666667      -0.92230768682689079     
  0.22000000000000000      -0.88307860264409033     
  0.22333333333333336      -0.82833439642777940     
  0.22666666666666668      -0.75415763863001994     
  0.23000000000000001      -0.65667026632121372     
  0.23333333333333334      -0.53255461411484450     
  0.23666666666666669      -0.37972321945668353     
  0.24000000000000002      -0.19807449482535899     
  0.24333333333333335        9.7778992145378524E-003
  0.24666666666666667       0.23795775929869817     
  0.25000000000000000       0.47713977802626489     
  0.25333333333333335       0.71488877358685143     
  0.25666666666666671       0.93662829779805923     
  0.26000000000000001        1.1272315462001654     
  0.26333333333333336        1.2730810392570469     
  0.26666666666666666        1.3642907394869910     
  0.27000000000000002        1.3966666932869836     
  0.27333333333333337        1.3729439852240999     
  0.27666666666666667        1.3029113898744835     
  0.28000000000000003        1.2022274757495413     
  0.28333333333333333        1.0900146908600872     
  0.28666666666666668       0.98562791714304565     
  0.29000000000000004       0.90524593611254989     
  0.29333333333333333       0.85904486384176126     
  0.29666666666666669       0.84962878609671688     
  0.30000000000000004       0.87211495151381091     
  0.30333333333333334       0.91586119139700095     
  0.30666666666666670       0.96739328838783933     
  0.31000000000000000        1.0137686502312546     
  0.31333333333333335        1.0455036400041124     
  0.31666666666666671        1.0583361314274695     
  0.32000000000000001        1.0534517794281211     
  0.32333333333333336        1.0362600917786384     
  0.32666666666666666        1.0142177809362796     
  0.33000000000000002       0.99443140443922784     
  0.33333333333333337       0.98176094085905685     
  0.33666666666666667       0.97790892626655890     
  0.34000000000000002       0.98161180064875320     
  0.34333333333333338       0.98968653979587240     
  0.34666666666666668       0.99844982622739398     
  0.35000000000000003        1.0049856052617203     
  0.35333333333333333        1.0078796445431224     
  0.35666666666666669        1.0072905949728104     
  0.36000000000000004        1.0044799435978324     
  0.36333333333333334        1.0010861480353648     
  0.36666666666666670       0.99845688598203064     
  0.37000000000000005       0.99726168754137789     
  0.37333333333333335       0.99745300229814093     
  0.37666666666666671       0.99849845294463735     
  0.38000000000000000       0.99972478177535407     
  0.38333333333333336        1.0006129093953902     
  0.38666666666666671        1.0009452805994681     
  0.39000000000000001        1.0007915293947751     
  0.39333333333333337        1.0003864170406920     
  0.39666666666666667       0.99998155375769449     
  0.40000000000000002       0.99973888339344585     
  0.40333333333333338       0.99969612934486374     
  0.40666666666666668       0.99979511863947768     
  0.41000000000000003       0.99994032821430989     
  0.41333333333333339        1.0000526853294072     
  0.41666666666666669        1.0000972060391766     
  0.42000000000000004        1.0000816143811324     
  0.42333333333333334        1.0000368175355325     
  0.42666666666666669       0.99999439927988820     
  0.43000000000000005       0.99997228524509407     
  0.43333333333333335       0.99997203350778285     
  0.43666666666666670       0.99998462592812842     
  0.44000000000000000       0.99999885927265197     
  0.44333333333333336        1.0000074303392890     
  0.44666666666666671        1.0000087562274254     
  0.45000000000000001        1.0000053504880022     
  0.45333333333333337        1.0000009076080096     
  0.45666666666666672       0.99999802461230736     
  0.46000000000000002       0.99999740847029817     
  0.46333333333333337       0.99999834473652183     
  0.46666666666666667       0.99999966906649063     
  0.47000000000000003        1.0000005447636060     
  0.47333333333333338        1.0000007378422373     
  0.47666666666666668        1.0000004662365987     
  0.48000000000000004        1.0000000850591315     
  0.48333333333333334       0.99999984175534629     
  0.48666666666666669       0.99999979722916577     
  0.49000000000000005       0.99999988012294760     
  0.49333333333333335       0.99999998580097671     
  0.49666666666666670        1.0000000473158199     
  0.50000000000000000        1.0000000533095013     
  0.50333333333333341        1.0000000276951062     
  0.50666666666666671       0.99999999986070787     
  0.51000000000000001       0.99999998604929474     
  0.51333333333333342       0.99999998684358005     
  0.51666666666666672       0.99999999449111499     
  0.52000000000000002        1.0000000012979600     
  0.52333333333333332        1.0000000038913635     
  0.52666666666666673        1.0000000029621530     
  0.53000000000000003        1.0000000008401657     
  0.53333333333333333       0.99999999934560591     
  0.53666666666666674       0.99999999900758718     
  0.54000000000000004       0.99999999941812678     
  0.54333333333333333       0.99999999994809496     
  0.54666666666666675        1.0000000002266394     
  0.55000000000000004        1.0000000002239429     
  0.55333333333333334        1.0000000000910527     
  0.55666666666666675       0.99999999997598565     
  0.56000000000000005       0.99999999993749444     
  0.56333333333333335       0.99999999995726252     
  0.56666666666666665       0.99999999999187572     
  0.57000000000000006        1.0000000000123910     
  0.57333333333333336        1.0000000000140876     
  0.57666666666666666        1.0000000000062652     
  0.58000000000000007       0.99999999999895817     
  0.58333333333333337       0.99999999999637090     
  0.58666666666666667       0.99999999999747557     
  0.59000000000000008       0.99999999999952482     
  0.59333333333333338        1.0000000000007121     
  0.59666666666666668        1.0000000000007796     
  0.60000000000000009        1.0000000000003171     
  0.60333333333333339       0.99999999999991396     
  0.60666666666666669       0.99999999999977818     
  0.60999999999999999       0.99999999999979372     
  0.61333333333333340       0.99999999999968781     
  0.61666666666666670       0.99999999999899813     
  0.62000000000000000       0.99999999999651867     
  0.62333333333333341       0.99999999998851496     
  0.62666666666666671       0.99999999996356581     
  0.63000000000000000       0.99999999988797406     
  0.63333333333333341       0.99999999966551789     
  0.63666666666666671       0.99999999902967740     
  0.64000000000000001       0.99999999726383126     
  0.64333333333333342       0.99999999249679294     
  0.64666666666666672       0.99999997998231960     
  0.65000000000000002       0.99999994802237446     
  0.65333333333333332       0.99999986859386969     
  0.65666666666666673       0.99999967643610244     
  0.66000000000000003       0.99999922377596007     
  0.66333333333333333       0.99999818522362549     
  0.66666666666666674       0.99999586396756457     
  0.67000000000000004       0.99999080874050039     
  0.67333333333333334       0.99998007988693727     
  0.67666666666666675       0.99995788665248264     
  0.68000000000000005       0.99991313702965112     
  0.68333333333333335       0.99982517537435078     
  0.68666666666666676       0.99965661606510037     
  0.69000000000000006       0.99934171567535535     
  0.69333333333333336       0.99876819995625510     
  0.69666666666666666       0.99774997582754921     
  0.70000000000000007       0.99598790262045223     
  0.70333333333333337       0.99301607105447609     
  0.70666666666666667       0.98813224979748837     
  0.71000000000000008       0.98031377370231576     
  0.71333333333333337       0.96812457434191612     
  0.71666666666666667       0.94962545045148339     
  0.72000000000000008       0.92230768682689090     
  0.72333333333333338       0.88307860264409044     
  0.72666666666666668       0.82833439642777951     
  0.73000000000000009       0.75415763863002006     
  0.73333333333333339       0.65667026632121372     
  0.73666666666666669       0.53255461411484450     
  0.74000000000000010       0.37972321945668364     
  0.74333333333333340       0.19807449482535902     
  0.74666666666666670       -9.7778992145378246E-003
  0.75000000000000000      -0.23795775929869808     
  0.75333333333333341      -0.47713977802626495     
  0.75666666666666671      -0.71488877358685143     
  0.76000000000000001      -0.93662829779805945     
  0.76333333333333342       -1.1272315462001656     
  0.76666666666666672       -1.2730810392570471     
  0.77000000000000002       -1.3642907394869910     
  0.77333333333333343       -1.3966666932869836     
  0.77666666666666673       -1.3729439852240999     
  0.78000000000000003       -1.3029113898744835     
  0.78333333333333344       -1.2022274757495413     
  0.78666666666666674       -1.0900146908600876     
  0.79000000000000004      -0.98562791714304587     
  0.79333333333333333      -0.90524593611255011     
  0.79666666666666675      -0.85904486384176137     
  0.80000000000000004      -0.84962878609671699     
  0.80333333333333334      -0.87211495151381102     
  0.80666666666666675      -0.91586119139700095     
  0.81000000000000005      -0.96739328838783967     
  0.81333333333333335       -1.0137686502312548     
  0.81666666666666676       -1.0455036400041127     
  0.82000000000000006       -1.0583361314274693     
  0.82333333333333336       -1.0534517794281211     
  0.82666666666666677       -1.0362600917786384     
  0.83000000000000007       -1.0142177809362796     
  0.83333333333333337      -0.99443140443922784     
  0.83666666666666667      -0.98176094085905685     
  0.84000000000000008      -0.97790892626655890     
  0.84333333333333338      -0.98161180064875320     
  0.84666666666666668      -0.98968653979587240     
  0.85000000000000009      -0.99844982622739398     
  0.85333333333333339       -1.0049856052617203     
  0.85666666666666669       -1.0078796445431224     
  0.86000000000000010       -1.0072905949728104     
  0.86333333333333340       -1.0044799435978324     
  0.86666666666666670       -1.0010861480353648     
  0.87000000000000011      -0.99845688598203064     
  0.87333333333333341      -0.99726168754137789     
  0.87666666666666671      -0.99745300229814093     
  0.88000000000000000      -0.99849845294463735     
  0.88333333333333341      -0.99972478177535407     
  0.88666666666666671       -1.0006129093953902     
  0.89000000000000001       -1.0009452805994681     
  0.89333333333333342       -1.0007915293947751     
  0.89666666666666672       -1.0003864170406920     
  0.90000000000000002      -0.99998155375769449     
  0.90333333333333343      -0.99973888339344585     
  0.90666666666666673      -0.99969612934486374     
  0.91000000000000003      -0.99979511863947768     
  0.91333333333333344      -0.99994032821430989     
  0.91666666666666674       -1.0000526853294072     
  0.92000000000000004       -1.0000972060391766     
  0.92333333333333334       -1.0000816143811324     
  0.92666666666666675       -1.0000368175355325     
  0.93000000000000005      -0.99999439927988820     
  0.93333333333333335      -0.99997228524509407     
  0.93666666666666676      -0.99997203350778285     
  0.94000000000000006      -0.99998462592812842     
  0.94333333333333336      -0.99999885927265197     
  0.94666666666666677       -1.0000074303392890     
  0.95000000000000007       -1.0000087562274254     
  0.95333333333333337       -1.0000053504880022     
  0.95666666666666678       -1.0000009076080096     
  0.96000000000000008      -0.99999802461230736     
  0.96333333333333337      -0.99999740847029817     
  0.96666666666666667      -0.99999834473652183     
  0.97000000000000008      -0.99999966906649063     
  0.97333333333333338       -1.0000005447636060     
  0.97666666666666668       -1.0000007378422373     
  0.98000000000000009       -1.0000004662365987     
  0.98333333333333339       -1.0000000850591315     
  0.98666666666666669      -0.99999984175534629     
  0.99000000000000010      -0.99999979722916577     
  0.99333333333333340      -0.99999988012294760     
  0.99666666666666670      -0.99999998580097671     
