   0.0000000000000000       0.86204933680337814     
   3.3333333333333335E-003  0.81828593607836952     
   6.6666666666666671E-003  0.79458424859764853     
   1.0000000000000000E-002  0.79134898493178296     
   1.3333333333333334E-002  0.80717124877150281     
   1.6666666666666666E-002  0.83899009988083451     
   2.0000000000000000E-002  0.88242221783010566     
   2.3333333333333334E-002  0.93222951303227297     
   2.6666666666666668E-002  0.98287648801454230     
   3.0000000000000002E-002   1.0291160223770666     
   3.3333333333333333E-002   1.0665362475275366     
   3.6666666666666667E-002   1.0920036698461364     
   4.0000000000000001E-002   1.1039489412411359     
   4.3333333333333335E-002   1.1024606321003607     
   4.6666666666666669E-002   1.0891767657139535     
   5.0000000000000003E-002   1.0669904747590324     
   5.3333333333333337E-002   1.0396111465738833     
   5.6666666666666671E-002   1.0110420705602206     
   6.0000000000000005E-002  0.98504676624102405     
   6.3333333333333339E-002  0.96467692618194045     
   6.6666666666666666E-002  0.95192490580731215     
   7.0000000000000007E-002  0.94754430129816780     
   7.3333333333333334E-002  0.95105631034341664     
   7.6666666666666675E-002  0.96093132846306195     
   8.0000000000000002E-002  0.97490912455381851     
   8.3333333333333343E-002  0.99040119018318118     
   8.6666666666666670E-002   1.0049086482871850     
   9.0000000000000011E-002   1.0163899931710767     
   9.3333333333333338E-002   1.0235245480062596     
   9.6666666666666679E-002   1.0258376316878639     
  0.10000000000000001        1.0236783193455068     
  0.10333333333333335        1.0180658695943972     
  0.10666666666666667        1.0104419360766268     
  0.11000000000000000        1.0023790170631850     
  0.11333333333333334       0.99529919282393442     
  0.11666666666666667       0.99025090760270928     
  0.12000000000000001       0.98777708391798003     
  0.12333333333333334       0.98788839498119030     
  0.12666666666666668       0.99013504572285282     
  0.13000000000000000       0.99375288296444697     
  0.13333333333333333       0.99784822205782564     
  0.13666666666666669        1.0015821919574786     
  0.14000000000000001        1.0043197342467771     
  0.14333333333333334        1.0057191176111751     
  0.14666666666666667        1.0057522374643268     
  0.15000000000000002        1.0046608094054756     
  0.15333333333333335        1.0028657630814073     
  0.15666666666666668        1.0008544454484307     
  0.16000000000000000       0.99907163083366424     
  0.16333333333333333       0.99783614559927769     
  0.16666666666666669       0.99729664922560957     
  0.17000000000000001       0.99743000478174948     
  0.17333333333333334       0.99807612296427850     
  0.17666666666666667       0.99899619455269328     
  0.18000000000000002       0.99993805582832240     
  0.18333333333333335        1.0006932860417446     
  0.18666666666666668        1.0011348023378686     
  0.19000000000000000        1.0012298123319840     
  0.19333333333333336        1.0010293526866902     
  0.19666666666666668        1.0006407770519401     
  0.20000000000000001        1.0001924390808736     
  0.20333333333333334       0.99980009605612452     
  0.20666666666666669       0.99954255452160601     
  0.21000000000000002       0.99945061374969812     
  0.21333333333333335       0.99950949417509327     
  0.21666666666666667       0.99967166752142966     
  0.22000000000000000       0.99987503751884288     
  0.22333333333333336        1.0000610286041149     
  0.22666666666666668        1.0001881620261497     
  0.23000000000000001        1.0002386413789988     
  0.23333333333333334        1.0002176856915286     
  0.23666666666666669        1.0001472269929061     
  0.24000000000000002        1.0000567087043444     
  0.24333333333333335       0.99997392781459282     
  0.24666666666666667       0.99991826909755122     
  0.25000000000000000       0.99989758653323957     
  0.25333333333333335       0.99990877680371681     
  0.25666666666666671       0.99994110600904151     
  0.26000000000000001       0.99998081355651713     
  0.26333333333333336        1.0000154848180252     
  0.26666666666666666        1.0000370663767468     
  0.27000000000000002        1.0000430076943787     
  0.27333333333333337        1.0000356371735051     
  0.27666666666666667        1.0000203430710453     
  0.28000000000000003        1.0000033347963164     
  0.28333333333333333       0.99998970375196028     
  0.28666666666666668       0.99998225592320467     
  0.29000000000000004       0.99998126155679290     
  0.29333333333333333       0.99998497107404627     
  0.29666666666666669       0.99999055925988911     
  0.30000000000000004       0.99999511173178368     
  0.30333333333333334       0.99999634147046446     
  0.30666666666666670       0.99999286929721054     
  0.31000000000000000       0.99998406038832255     
  0.31333333333333335       0.99996952853143184     
  0.31666666666666671       0.99994847280928179     
  0.32000000000000001       0.99991899582709853     
  0.32333333333333336       0.99987748744964344     
  0.32666666666666666       0.99981807265155886     
  0.33000000000000002       0.99973204490896139     
  0.33333333333333337       0.99960715649839604     
  0.33666666666666667       0.99942661999220817     
  0.34000000000000002       0.99916768536533462     
  0.34333333333333338       0.99879968188569879     
  0.34666666666666668       0.99828144001130659     
  0.35000000000000003       0.99755802677629901     
  0.35333333333333333       0.99655673642459108     
  0.35666666666666669       0.99518228100651740     
  0.36000000000000004       0.99331113269904248     
  0.36333333333333334       0.99078499183520874     
  0.36666666666666670       0.98740340192776932     
  0.37000000000000005       0.98291561210121969     
  0.37333333333333335       0.97701190113934011     
  0.37666666666666671       0.96931472482671033     
  0.38000000000000000       0.95937022505557346     
  0.38333333333333336       0.94664083780075803     
  0.38666666666666671       0.93049994663850188     
  0.39000000000000001       0.91022973386644168     
  0.39333333333333337       0.88502356204533417     
  0.39666666666666667       0.85399434842648192     
  0.40000000000000002       0.81619044072276170     
  0.40333333333333338       0.77062042781652440     
  0.40666666666666668       0.71628808432298630     
  0.41000000000000003       0.65223821733377085     
  0.41333333333333339       0.57761352993483195     
  0.41666666666666669       0.49172172799611269     
  0.42000000000000004       0.39411098650865845     
  0.42333333333333334       0.28465060209360948     
  0.42666666666666669       0.16361226773782619     
  0.43000000000000005        3.1746031099306682E-002
  0.43333333333333335      -0.10965620791637154     
  0.43666666666666670      -0.25871765889734544     
  0.44000000000000000      -0.41296236594994146     
  0.44333333333333336      -0.56933756404555125     
  0.44666666666666671      -0.72427919666715579     
  0.45000000000000001      -0.87382478566208321     
  0.45333333333333337       -1.0137744984292025     
  0.45666666666666672       -1.1398970201830605     
  0.46000000000000002       -1.2481719647348211     
  0.46333333333333337       -1.3350554447643113     
  0.46666666666666667       -1.3977506000342557     
  0.47000000000000003       -1.4344609697287518     
  0.47333333333333338       -1.4446022454349989     
  0.47666666666666668       -1.4289477583809256     
  0.48000000000000004       -1.3896855010224385     
  0.48333333333333334       -1.3303697846475759     
  0.48666666666666669       -1.2557586968169354     
  0.49000000000000005       -1.1715388751090632     
  0.49333333333333335       -1.0839508989018656     
  0.49666666666666670      -0.99934061570835508     
  0.50000000000000000      -0.92367251743413992     
  0.50333333333333341      -0.86204933668236361     
  0.50666666666666671      -0.81828593600148547     
  0.51000000000000001      -0.79458424857895904     
  0.51333333333333342      -0.79134898495758110     
  0.51666666666666672      -0.80717124881554825     
  0.52000000000000002      -0.83899009991915052     
  0.52333333333333332      -0.88242221784964214     
  0.52666666666666673      -0.93222951303215873     
  0.53000000000000003      -0.98287648800204241     
  0.53333333333333333       -1.0291160223617395     
  0.53666666666666674       -1.0665362475165712     
  0.54000000000000004       -1.0920036698423243     
  0.54333333333333333       -1.1039489412433523     
  0.54666666666666675       -1.1024606321054562     
  0.55000000000000004       -1.0891767657187785     
  0.55333333333333334       -1.0669904747617220     
  0.55666666666666675       -1.0396111465741427     
  0.56000000000000005       -1.0110420705588627     
  0.56333333333333335      -0.98504676623922227     
  0.56666666666666665      -0.96467692618060841     
  0.57000000000000006      -0.95192490580682265     
  0.57333333333333336      -0.94754430129840184     
  0.57666666666666666      -0.95105631034399885     
  0.58000000000000007      -0.96093132846361451     
  0.58333333333333337      -0.97490912455412160     
  0.58666666666666667      -0.99040119018320416     
  0.59000000000000008       -1.0049086482870273     
  0.59333333333333338       -1.0163899931708764     
  0.59666666666666668       -1.0235245480061188     
  0.60000000000000009       -1.0258376316878191     
  0.60333333333333339       -1.0236783193455394     
  0.60666666666666669       -1.0180658695944627     
  0.60999999999999999       -1.0104419360766839     
  0.61333333333333340       -1.0023790170632121     
  0.61666666666666670      -0.99529919282393142     
  0.62000000000000000      -0.99025090760268908     
  0.62333333333333341      -0.98777708391795793     
  0.62666666666666671      -0.98788839498117642     
  0.63000000000000000      -0.99013504572284983     
  0.63333333333333341      -0.99375288296445174     
  0.63666666666666671      -0.99784822205783297     
  0.64000000000000001       -1.0015821919574843     
  0.64333333333333342       -1.0043197342467796     
  0.64666666666666672       -1.0057191176111746     
  0.65000000000000002       -1.0057522374643251     
  0.65333333333333332       -1.0046608094054741     
  0.65666666666666673       -1.0028657630814071     
  0.66000000000000003       -1.0008544454484314     
  0.66333333333333333      -0.99907163083366535     
  0.66666666666666674      -0.99783614559927847     
  0.67000000000000004      -0.99729664922560957     
  0.67333333333333334      -0.99743000478174826     
  0.67666666666666675      -0.99807612296427495     
  0.68000000000000005      -0.99899619455268518     
  0.68333333333333335      -0.99993805582830630     
  0.68666666666666676       -1.0006932860417128     
  0.69000000000000006       -1.0011348023378066     
  0.69333333333333336       -1.0012298123318633     
  0.69666666666666666       -1.0010293526864573     
  0.70000000000000007       -1.0006407770514936     
  0.70333333333333337       -1.0001924390800239     
  0.70666666666666667      -0.99980009605451869     
  0.71000000000000008      -0.99954255451859098     
  0.71333333333333337      -0.99945061374407562     
  0.71666666666666667      -0.99950949416467882     
  0.72000000000000008      -0.99967166750226988     
  0.72333333333333338      -0.99987503748383122     
  0.72666666666666668       -1.0000610285405696     
  0.73000000000000009       -1.0001881619115958     
  0.73333333333333339       -1.0002386411738904     
  0.73666666666666669       -1.0002176853267755     
  0.74000000000000010       -1.0001472263486604     
  0.74333333333333340       -1.0000567075741953     
  0.74666666666666670      -0.99997392584559186     
  0.75000000000000000      -0.99991826569052056     
  0.75333333333333341      -0.99989758067833567     
  0.75666666666666671      -0.99990876681130725     
  0.76000000000000001      -0.99994108907268209     
  0.76333333333333342      -0.99998078504886634     
  0.76666666666666672       -1.0000154371655008     
  0.77000000000000002       -1.0000369872752797     
  0.77333333333333343       -1.0000428773033334     
  0.77666666666666673       -1.0000354237386038     
  0.78000000000000003       -1.0000199961531049     
  0.78333333333333344       -1.0000027748836720     
  0.78666666666666674      -0.99998880645987431     
  0.79000000000000004      -0.99998082816531686     
  0.79333333333333333      -0.99997900592178524     
  0.79666666666666675      -0.99998143303869724     
  0.80000000000000004      -0.99998504966961921     
  0.80333333333333334      -0.99998659399820689     
  0.80666666666666675      -0.99998326895112410     
  0.81000000000000005      -0.99997295307739620     
  0.81333333333333335      -0.99995394088982636     
  0.81666666666666676      -0.99992431572316165     
  0.82000000000000006      -0.99988110899396454     
  0.82333333333333336      -0.99981938178123320     
  0.82666666666666677      -0.99973129696491969     
  0.83000000000000007      -0.99960516232285379     
  0.83333333333333337      -0.99942434569636285     
  0.83666666666666667      -0.99916591195502313     
  0.84000000000000008      -0.99879881448792540     
  0.84333333333333338      -0.99828148631012670     
  0.84666666666666668      -0.99755870597030982     
  0.85000000000000009      -0.99655764903510280     
  0.85333333333333339      -0.99518306910710519     
  0.85666666666666669      -0.99331158209024839     
  0.86000000000000010      -0.99078505941477901     
  0.86333333333333340      -0.98740318019661255     
  0.86666666666666670      -0.98291525986538231     
  0.87000000000000011      -0.97701157248119852     
  0.87333333333333341      -0.96931452009045249     
  0.87666666666666671      -0.95937017371360134     
  0.88000000000000000      -0.94664090974276049     
  0.88333333333333341      -0.93050007994660189     
  0.88666666666666671      -0.91022986502255310     
  0.89000000000000001      -0.88502364772081210     
  0.89333333333333342      -0.85399437396921518     
  0.89666666666666672      -0.81619041638418577     
  0.90000000000000002      -0.77062037763652291     
  0.90333333333333343      -0.71628803366451022     
  0.90666666666666673      -0.65223818375820408     
  0.91000000000000003      -0.57761351956420137     
  0.91333333333333344      -0.49172173696313526     
  0.91666666666666674      -0.39411100544003480     
  0.92000000000000004      -0.28465062112786521     
  0.92333333333333334      -0.16361228014769300     
  0.92666666666666675       -3.1746034669885466E-002
  0.93000000000000005       0.10965621154541488     
  0.93333333333333335       0.25871766605502433     
  0.93666666666666676       0.41296237290381194     
  0.94000000000000006       0.56933756836341354     
  0.94333333333333336       0.72427919767150772     
  0.94666666666666677       0.87382478410146969     
  0.95000000000000007        1.0137744957368471     
  0.95333333333333337        1.1398970177267242     
  0.95666666666666678        1.2481719633362942     
  0.96000000000000008        1.3350554445782570     
  0.96333333333333337        1.3977506007140936     
  0.96666666666666667        1.4344609707238594     
  0.97000000000000008        1.4446022462650472     
  0.97333333333333338        1.4289477587920614     
  0.97666666666666668        1.3896855010057618     
  0.98000000000000009        1.3303697843588480     
  0.98333333333333339        1.2557586964610559     
  0.98666666666666669        1.1715388748451552     
  0.99000000000000010        1.0839508987982935     
  0.99333333333333340       0.99934061574799471     
  0.99666666666666670       0.92367251755075408     
