   0.0000000000000000       0.93028945845319799     
   3.3333333333333335E-003  0.90477614833964837     
   6.6666666666666671E-003  0.87160897006185745     
   1.0000000000000000E-002  0.82915681640409966     
   1.3333333333333334E-002  0.77568296870796449     
   1.6666666666666666E-002  0.70942982883346362     
   2.0000000000000000E-002  0.62873726879131364     
   2.3333333333333334E-002  0.53219459695232851     
   2.6666666666666668E-002  0.41882187450588065     
   3.0000000000000002E-002  0.28827095971654659     
   3.3333333333333333E-002  0.14103062470320965     
   3.6666666666666667E-002  -2.1385917416712259E-002
   4.0000000000000001E-002 -0.19629774140240888     
   4.3333333333333335E-002 -0.37978668850229347     
   4.6666666666666669E-002 -0.56673051520528950     
   5.0000000000000003E-002 -0.75096260141347426     
   5.3333333333333337E-002 -0.92557199150165437     
   5.6666666666666671E-002  -1.0833424159046292     
   6.0000000000000005E-002  -1.2173098033787237     
   6.3333333333333339E-002  -1.3213966730290441     
   6.6666666666666666E-002  -1.3910616750899654     
   7.0000000000000007E-002  -1.4238870747526380     
   7.3333333333333334E-002  -1.4200199230611279     
   7.6666666666666675E-002  -1.3823872384731628     
   8.0000000000000002E-002  -1.3166235769130483     
   8.3333333333333343E-002  -1.2306806692715559     
   8.6666666666666670E-002  -1.1341305971050277     
   9.0000000000000011E-002  -1.0372209460064157     
   9.3333333333333338E-002 -0.94978516311874139     
   9.6666666666666679E-002 -0.88014561610624353     
  0.10000000000000001      -0.83416280577581325     
  0.10333333333333335      -0.81457626108294057     
  0.10666666666666667      -0.82074906207861753     
  0.11000000000000000      -0.84887168832109428     
  0.11333333333333334      -0.89260986016425392     
  0.11666666666666667      -0.94410704224697617     
  0.12000000000000001      -0.99518907665685208     
  0.12333333333333334       -1.0385790201494134     
  0.12666666666666668       -1.0689240468794292     
  0.13000000000000000       -1.0834665612054957     
  0.13333333333333333       -1.0822544056875649     
  0.13666666666666669       -1.0678691186038942     
  0.14000000000000001       -1.0447403109549933     
  0.14333333333333334       -1.0181902664437965     
  0.14666666666666667      -0.99339983670099874     
  0.15000000000000002      -0.97449451970384082     
  0.15333333333333335      -0.96391663187865484     
  0.15666666666666668      -0.96218316388479064     
  0.16000000000000000      -0.96804424536318223     
  0.16333333333333333      -0.97897324296390698     
  0.16666666666666669      -0.99185506098855281     
  0.17000000000000001       -1.0037079636654742     
  0.17333333333333334       -1.0122817336541492     
  0.17666666666666667       -1.0164173357974704     
  0.18000000000000002       -1.0161183597698236     
  0.18333333333333335       -1.0123553438471162     
  0.18666666666666668       -1.0066831928558522     
  0.19000000000000000       -1.0007859092501850     
  0.19333333333333336      -0.99606565028795591     
  0.19666666666666668      -0.99336701683200090     
  0.20000000000000001      -0.99288201117854635     
  0.20333333333333334      -0.99422996569968325     
  0.20666666666666669      -0.99666377662015437     
  0.21000000000000002      -0.99932920022537619     
  0.21333333333333335       -1.0015019417022804     
  0.21666666666666667       -1.0027453522995953     
  0.22000000000000000       -1.0029621007133573     
  0.22333333333333336       -1.0023460816287650     
  0.22666666666666668       -1.0012666465274345     
  0.23000000000000001       -1.0001298768378251     
  0.23333333333333334      -0.99925960048242557     
  0.23666666666666669      -0.99882715494756402     
  0.24000000000000002      -0.99883943496415240     
  0.24333333333333335      -0.99917618987438028     
  0.24666666666666667      -0.99965514909362063     
  0.25000000000000000       -1.0000998946248609     
  0.25333333333333335       -1.0003899253670392     
  0.25666666666666671       -1.0004821270073063     
  0.26000000000000001       -1.0004038597669855     
  0.26333333333333336       -1.0002264672207029     
  0.26666666666666666       -1.0000320148202675     
  0.27000000000000002      -0.99988519047077518     
  0.27333333333333337      -0.99981786301675246     
  0.27666666666666667      -0.99982799189662175     
  0.28000000000000003      -0.99988958702051889     
  0.28333333333333333      -0.99996767396742781     
  0.28666666666666668       -1.0000321086609678     
  0.29000000000000004       -1.0000660287206509     
  0.29333333333333333       -1.0000675891923698     
  0.29666666666666669       -1.0000462245039001     
  0.30000000000000004       -1.0000161917817492     
  0.30333333333333334      -0.99999033474676979     
  0.30666666666666670      -0.99997613448007772     
  0.31000000000000000      -0.99997475726214224     
  0.31333333333333335      -0.99998257046994143     
  0.31666666666666671      -0.99999388141906476     
  0.32000000000000001       -1.0000035760447514     
  0.32333333333333336       -1.0000087500825672     
  0.32666666666666666       -1.0000090500739871     
  0.33000000000000002       -1.0000059904374010     
  0.33333333333333337       -1.0000018064416110     
  0.33666666666666667      -0.99999840534745232     
  0.34000000000000002      -0.99999677172084156     
  0.34333333333333338      -0.99999690541803399     
  0.34666666666666668      -0.99999814718870939     
  0.35000000000000003      -0.99999964589916546     
  0.35333333333333333       -1.0000007448717638     
  0.35666666666666669       -1.0000011661997867     
  0.36000000000000004       -1.0000009882684304     
  0.36333333333333334       -1.0000004932685365     
  0.36666666666666670      -0.99999998716639915     
  0.37000000000000005      -0.99999967181378357     
  0.37333333333333335      -0.99999960199586790     
  0.37666666666666671      -0.99999971558604617     
  0.38000000000000000      -0.99999989975331627     
  0.38333333333333336       -1.0000000542069343     
  0.38666666666666671       -1.0000001269334233     
  0.39000000000000001       -1.0000001174478896     
  0.39333333333333337       -1.0000000575108252     
  0.39666666666666667      -0.99999998492887110     
  0.40000000000000002      -0.99999992320304909     
  0.40333333333333338      -0.99999987243183619     
  0.40666666666666668      -0.99999980952419043     
  0.41000000000000003      -0.99999969132128230     
  0.41333333333333339      -0.99999945321201356     
  0.41666666666666669      -0.99999899695209382     
  0.42000000000000004      -0.99999816259916330     
  0.42333333333333334      -0.99999667895221611     
  0.42666666666666669      -0.99999408358684061     
  0.43000000000000005      -0.99998959715991564     
  0.43333333333333335      -0.99998192705118449     
  0.43666666666666670      -0.99996896236704680     
  0.44000000000000000      -0.99994730515585906     
  0.44333333333333336      -0.99991156024222616     
  0.44666666666666671      -0.99985327708842830     
  0.45000000000000001      -0.99975940052697942     
  0.45333333333333337      -0.99961004290011424     
  0.45666666666666672      -0.99937533935852041     
  0.46000000000000002      -0.99901109424291967     
  0.46333333333333337      -0.99845287600858590     
  0.46666666666666667      -0.99760818132723805     
  0.47000000000000003      -0.99634628074980824     
  0.47333333333333338      -0.99448539869810260     
  0.47666666666666668      -0.99177699449590140     
  0.48000000000000004      -0.98788712698739312     
  0.48333333333333334      -0.98237523165289187     
  0.48666666666666669      -0.97467113973710473     
  0.49000000000000005      -0.96405183508293213     
  0.49333333333333335      -0.94962026551515599     
  0.49666666666666670      -0.93028945843608868     
  0.50000000000000000      -0.90477614834105724     
  0.50333333333333341      -0.87160897007292681     
  0.50666666666666671      -0.82915681641519035     
  0.51000000000000001      -0.77568296871367914     
  0.51333333333333342      -0.70942982883341643     
  0.51666666666666672      -0.62873726878811087     
  0.52000000000000002      -0.53219459694896443     
  0.52333333333333332      -0.41882187450408781     
  0.52666666666666673      -0.28827095971650096     
  0.53000000000000003      -0.14103062470413921     
  0.53333333333333333        2.1385917415716389E-002
  0.53666666666666674       0.19629774140187584     
  0.54000000000000004       0.37978668850227831     
  0.54333333333333333       0.56673051520556106     
  0.54666666666666675       0.75096260141376203     
  0.55000000000000004       0.92557199150180458     
  0.55333333333333334        1.0833424159046292     
  0.55666666666666675        1.2173098033786434     
  0.56000000000000005        1.3213966730289621     
  0.56333333333333335        1.3910616750899247     
  0.56666666666666665        1.4238870747526398     
  0.57000000000000006        1.4200199230611510     
  0.57333333333333336        1.3823872384731850     
  0.57666666666666666        1.3166235769130581     
  0.58000000000000007        1.2306806692715535     
  0.58333333333333337        1.1341305971050200     
  0.58666666666666667        1.0372209460064092     
  0.59000000000000008       0.94978516311873895     
  0.59333333333333338       0.88014561610624431     
  0.59666666666666668       0.83416280577581514     
  0.60000000000000009       0.81457626108294212     
  0.60333333333333339       0.82074906207861797     
  0.60666666666666669       0.84887168832109405     
  0.60999999999999999       0.89260986016425303     
  0.61333333333333340       0.94410704224697550     
  0.61666666666666670       0.99518907665685186     
  0.62000000000000000        1.0385790201494136     
  0.62333333333333341        1.0689240468794294     
  0.62666666666666671        1.0834665612054963     
  0.63000000000000000        1.0822544056875656     
  0.63333333333333341        1.0678691186038951     
  0.63666666666666671        1.0447403109549944     
  0.64000000000000001        1.0181902664437974     
  0.64333333333333342       0.99339983670099974     
  0.64666666666666672       0.97449451970384138     
  0.65000000000000002       0.96391663187865517     
  0.65333333333333332       0.96218316388479019     
  0.65666666666666673       0.96804424536318123     
  0.66000000000000003       0.97897324296390598     
  0.66333333333333333       0.99185506098855158     
  0.66666666666666674        1.0037079636654733     
  0.67000000000000004        1.0122817336541481     
  0.67333333333333334        1.0164173357974697     
  0.67666666666666675        1.0161183597698227     
  0.68000000000000005        1.0123553438471153     
  0.68333333333333335        1.0066831928558513     
  0.68666666666666676        1.0007859092501845     
  0.69000000000000006       0.99606565028795591     
  0.69333333333333336       0.99336701683200124     
  0.69666666666666666       0.99288201117854691     
  0.70000000000000007       0.99422996569968392     
  0.70333333333333337       0.99666377662015504     
  0.70666666666666667       0.99932920022537652     
  0.71000000000000008        1.0015019417022808     
  0.71333333333333337        1.0027453522995959     
  0.71666666666666667        1.0029621007133578     
  0.72000000000000008        1.0023460816287655     
  0.72333333333333338        1.0012666465274349     
  0.72666666666666668        1.0001298768378253     
  0.73000000000000009       0.99925960048242557     
  0.73333333333333339       0.99882715494756391     
  0.73666666666666669       0.99883943496415217     
  0.74000000000000010       0.99917618987438028     
  0.74333333333333340       0.99965514909362052     
  0.74666666666666670        1.0000998946248609     
  0.75000000000000000        1.0003899253670392     
  0.75333333333333341        1.0004821270073063     
  0.75666666666666671        1.0004038597669855     
  0.76000000000000001        1.0002264672207026     
  0.76333333333333342        1.0000320148202670     
  0.76666666666666672       0.99988519047077462     
  0.77000000000000002       0.99981786301675135     
  0.77333333333333343       0.99982799189662075     
  0.77666666666666673       0.99988958702051811     
  0.78000000000000003       0.99996767396742725     
  0.78333333333333344        1.0000321086609676     
  0.78666666666666674        1.0000660287206506     
  0.79000000000000004        1.0000675891923698     
  0.79333333333333333        1.0000462245039006     
  0.79666666666666675        1.0000161917817498     
  0.80000000000000004       0.99999033474677079     
  0.80333333333333334       0.99997613448007860     
  0.80666666666666675       0.99997475726214313     
  0.81000000000000005       0.99998257046994199     
  0.81333333333333335       0.99999388141906520     
  0.81666666666666676        1.0000035760447521     
  0.82000000000000006        1.0000087500825681     
  0.82333333333333336        1.0000090500739889     
  0.82666666666666677        1.0000059904374043     
  0.83000000000000007        1.0000018064416174     
  0.83333333333333337       0.99999840534746764     
  0.83666666666666667       0.99999677172087831     
  0.84000000000000008       0.99999690541812092     
  0.84333333333333338       0.99999814718891278     
  0.84666666666666668       0.99999964589963553     
  0.85000000000000009        1.0000007448728367     
  0.85333333333333339        1.0000011662022055     
  0.85666666666666669        1.0000009882738166     
  0.86000000000000010        1.0000004932803872     
  0.86333333333333340       0.99999998719216410     
  0.86666666666666670       0.99999967186914041     
  0.87000000000000011       0.99999960211340622     
  0.87333333333333341       0.99999971583268721     
  0.87666666666666671       0.99999990026480978     
  0.88000000000000000        1.0000000552552977     
  0.88333333333333341        1.0000001290570977     
  0.88666666666666671        1.0000001216997005     
  0.89000000000000001        1.0000000659242825     
  0.89333333333333342        1.0000000013836678     
  0.89666666666666672       0.99999995501055217     
  0.90000000000000002       0.99999993320134450     
  0.90333333333333343       0.99999992427597251     
  0.90666666666666673       0.99999990548584849     
  0.91000000000000003       0.99999984825603738     
  0.91333333333333344       0.99999971714126479     
  0.91666666666666674       0.99999946020445307     
  0.92000000000000004       0.99999898954491884     
  0.92333333333333334       0.99999814967535894     
  0.92666666666666675       0.99999666828800504     
  0.93000000000000005       0.99999407890802094     
  0.93333333333333335       0.99998959810305654     
  0.93666666666666676       0.99998193093298693     
  0.94000000000000006       0.99996896628472409     
  0.94333333333333336       0.99994730735973036     
  0.94666666666666677       0.99991156045321072     
  0.95000000000000007       0.99985327603194740     
  0.95333333333333337       0.99975939920149248     
  0.95666666666666678       0.99961004201568449     
  0.96000000000000008       0.99937533913240650     
  0.96333333333333337       0.99901109450246706     
  0.96666666666666667       0.99845287643071257     
  0.97000000000000008       0.99760818164915699     
  0.97333333333333338       0.99634628086533550     
  0.97666666666666668       0.99448539864156582     
  0.98000000000000009       0.99177699436725575     
  0.98333333333333339       0.98788712687782410     
  0.98666666666666669       0.98237523160567375     
  0.99000000000000010       0.97467113974752417     
  0.99333333333333340       0.96405183512098824     
  0.99666666666666670       0.94962026555066892     
