   0.0000000000000000       -1.0748014109119666     
   3.3333333333333335E-003  -1.0722343939450469     
   6.6666666666666671E-003  -1.0564858448164609     
   1.0000000000000000E-002  -1.0329880524155894     
   1.3333333333333334E-002  -1.0078466952710083     
   1.6666666666666666E-002 -0.98649545529760096     
   2.0000000000000000E-002 -0.97265052574100908     
   2.3333333333333334E-002 -0.96776949148226799     
   2.6666666666666668E-002 -0.97108481898219678     
   3.0000000000000002E-002 -0.98013924488271897     
   3.3333333333333333E-002 -0.99163589554753895     
   3.6666666666666667E-002  -1.0023581274044004     
   4.0000000000000001E-002  -1.0099242450583110     
   4.3333333333333335E-002  -1.0132124821688981     
   4.6666666666666669E-002  -1.0123977913199314     
   5.0000000000000003E-002  -1.0086516404278461     
   5.3333333333333337E-002  -1.0036383961866657     
   5.6666666666666671E-002 -0.99897686066066338     
   6.0000000000000005E-002 -0.99581874986638985     
   6.3333333333333339E-002 -0.99463867139901530     
   6.6666666666666666E-002 -0.99525450113505520     
   7.0000000000000007E-002 -0.99702784904296371     
   7.3333333333333334E-002 -0.99915123544477613     
   7.6666666666666675E-002  -1.0009206516576135     
   8.0000000000000002E-002  -1.0019161480899563     
   8.3333333333333343E-002  -1.0020562511642805     
   8.6666666666666670E-002  -1.0015375543332667     
   9.0000000000000011E-002  -1.0007039461207823     
   9.3333333333333338E-002 -0.99990236136538313     
   9.6666666666666679E-002 -0.99937362619926340     
  0.10000000000000001      -0.99920472214824629     
  0.10333333333333335      -0.99934278682042887     
  0.10666666666666667      -0.99965085007485521     
  0.11000000000000000      -0.99997629573292446     
  0.11333333333333334       -1.0002059173429878     
  0.11666666666666667       -1.0002925373120721     
  0.12000000000000001       -1.0002517373280455     
  0.12333333333333334       -1.0001379651123530     
  0.12666666666666668       -1.0000140366828236     
  0.13000000000000000      -0.99992661089140200     
  0.13333333333333333      -0.99989464438452424     
  0.13666666666666669      -0.99991121706660524     
  0.14000000000000001      -0.99995415091814444     
  0.14333333333333334      -0.99999893068152468     
  0.14666666666666667       -1.0000284675062787     
  0.15000000000000002       -1.0000370320273564     
  0.15333333333333335       -1.0000286771210254     
  0.15666666666666668       -1.0000124675788902     
  0.16000000000000000      -0.99999734841638510     
  0.16333333333333333      -0.99998874572319718     
  0.16666666666666669      -0.99998766212077483     
  0.17000000000000001      -0.99999180701474022     
  0.17333333333333334      -0.99999764357981169     
  0.17666666666666667       -1.0000022313901742     
  0.18000000000000002       -1.0000041936906374     
  0.18333333333333335       -1.0000037156877746     
  0.18666666666666668       -1.0000019073795978     
  0.19000000000000000       -1.0000000130110971     
  0.19333333333333336      -0.99999884798173000     
  0.19666666666666668      -0.99999861758987507     
  0.20000000000000001      -0.99999905763968588     
  0.20333333333333334      -0.99999972175426732     
  0.20666666666666669       -1.0000002398767611     
  0.21000000000000002       -1.0000004476797693     
  0.21333333333333335       -1.0000003786236888     
  0.21666666666666667       -1.0000001731615493     
  0.22000000000000000      -0.99999997583505873     
  0.22333333333333336      -0.99999987012747682     
  0.22666666666666668      -0.99999986556788467     
  0.23000000000000001      -0.99999992280762751     
  0.23333333333333334      -0.99999999075898538     
  0.23666666666666669       -1.0000000343442632     
  0.24000000000000002       -1.0000000439344865     
  0.24333333333333335       -1.0000000293892670     
  0.24666666666666667       -1.0000000075520077     
  0.25000000000000000      -0.99999999159576269     
  0.25333333333333335      -0.99999998642613963     
  0.25666666666666671      -0.99999998983528882     
  0.26000000000000001      -0.99999999651838045     
  0.26333333333333336       -1.0000000018772901     
  0.26666666666666666       -1.0000000038865045     
  0.27000000000000002       -1.0000000029230574     
  0.27333333333333337       -1.0000000004678524     
  0.27666666666666667      -0.99999999772684156     
  0.28000000000000003      -0.99999999476569812     
  0.28333333333333333      -0.99999999013982566     
  0.28666666666666668      -0.99999998054699291     
  0.29000000000000004      -0.99999995979740564     
  0.29333333333333333      -0.99999991623702589     
  0.29666666666666669      -0.99999982741816418     
  0.30000000000000004      -0.99999965000441671     
  0.30333333333333334      -0.99999930132385006     
  0.30666666666666670      -0.99999862625900904     
  0.31000000000000000      -0.99999733870539476     
  0.31333333333333335      -0.99999491975102373     
  0.31666666666666671      -0.99999044372393053     
  0.32000000000000001      -0.99998228652859944     
  0.32333333333333336      -0.99996764593771015     
  0.32666666666666666      -0.99994176796111245     
  0.33000000000000002      -0.99989672408987273     
  0.33333333333333337      -0.99981951838118222     
  0.33666666666666667      -0.99968921942419497     
  0.34000000000000002      -0.99947271115917147     
  0.34333333333333338      -0.99911854378615428     
  0.34666666666666668      -0.99854825413200288     
  0.35000000000000003      -0.99764443632231825     
  0.35333333333333333      -0.99623481354201948     
  0.35666666666666669      -0.99407163945905375     
  0.36000000000000004      -0.99080600650420714     
  0.36333333333333334      -0.98595712954467196     
  0.36666666666666670      -0.97887747805841141     
  0.37000000000000005      -0.96871579946088004     
  0.37333333333333335      -0.95438161906368801     
  0.37666666666666671      -0.93451665263708716     
  0.38000000000000000      -0.90748055416045637     
  0.38333333333333336      -0.87136024066726636     
  0.38666666666666671      -0.82401324372494578     
  0.39000000000000001      -0.76315556811751772     
  0.39333333333333337      -0.68650276955422884     
  0.39666666666666667      -0.59196882501958314     
  0.40000000000000002      -0.47792050475281939     
  0.40333333333333338      -0.34347540998357645     
  0.40666666666666668      -0.18882025228329258     
  0.41000000000000003       -1.5513679661514131E-002
  0.41333333333333339       0.17327289607721266     
  0.41666666666666669       0.37262976070577758     
  0.42000000000000004       0.57595167951789161     
  0.42333333333333334       0.77519224775186557     
  0.42666666666666669       0.96135232871550835     
  0.43000000000000005        1.1251938549820077     
  0.43333333333333335        1.2581313533711793     
  0.43666666666666670        1.3532123979674455     
  0.44000000000000000        1.4060623941954178     
  0.44333333333333336        1.4156473178689877     
  0.44666666666666671        1.3847082962972661     
  0.45000000000000001        1.3197495212600843     
  0.45333333333333337        1.2305165091497603     
  0.45666666666666672        1.1289796929284011     
  0.46000000000000002        1.0279270399991580     
  0.46333333333333337       0.93935229244761798     
  0.46666666666666667       0.87288407345598462     
  0.47000000000000003       0.83451922778070797     
  0.47333333333333338       0.82589164319797870     
  0.47666666666666668       0.84422578217490252     
  0.48000000000000004       0.88300420544403968     
  0.48333333333333334       0.93324285338022073     
  0.48666666666666669       0.98514538123013284     
  0.49000000000000005        1.0298268968008342     
  0.49333333333333335        1.0607791642490467     
  0.49666666666666670        1.0748014109119672     
  0.50000000000000000        1.0722343939450476     
  0.50333333333333341        1.0564858448164618     
  0.50666666666666671        1.0329880524155901     
  0.51000000000000001        1.0078466952710092     
  0.51333333333333342       0.98649545529760130     
  0.51666666666666672       0.97265052574100919     
  0.52000000000000002       0.96776949148226787     
  0.52333333333333332       0.97108481898219645     
  0.52666666666666673       0.98013924488271864     
  0.53000000000000003       0.99163589554753884     
  0.53333333333333333        1.0023581274044004     
  0.53666666666666674        1.0099242450583106     
  0.54000000000000004        1.0132124821688977     
  0.54333333333333333        1.0123977913199309     
  0.54666666666666675        1.0086516404278454     
  0.55000000000000004        1.0036383961866655     
  0.55333333333333334       0.99897686066066338     
  0.55666666666666675       0.99581874986638974     
  0.56000000000000005       0.99463867139901518     
  0.56333333333333335       0.99525450113505487     
  0.56666666666666665       0.99702784904296349     
  0.57000000000000006       0.99915123544477624     
  0.57333333333333336        1.0009206516576139     
  0.57666666666666666        1.0019161480899568     
  0.58000000000000007        1.0020562511642808     
  0.58333333333333337        1.0015375543332667     
  0.58666666666666667        1.0007039461207818     
  0.59000000000000008       0.99990236136538269     
  0.59333333333333338       0.99937362619926295     
  0.59666666666666668       0.99920472214824596     
  0.60000000000000009       0.99934278682042854     
  0.60333333333333339       0.99965085007485510     
  0.60666666666666669       0.99997629573292424     
  0.60999999999999999        1.0002059173429876     
  0.61333333333333340        1.0002925373120721     
  0.61666666666666670        1.0002517373280457     
  0.62000000000000000        1.0001379651123534     
  0.62333333333333341        1.0000140366828241     
  0.62666666666666671       0.99992661089140222     
  0.63000000000000000       0.99989464438452413     
  0.63333333333333341       0.99991121706660535     
  0.63666666666666671       0.99995415091814421     
  0.64000000000000001       0.99999893068152446     
  0.64333333333333342        1.0000284675062785     
  0.64666666666666672        1.0000370320273557     
  0.65000000000000002        1.0000286771210247     
  0.65333333333333332        1.0000124675788900     
  0.65666666666666673       0.99999734841638521     
  0.66000000000000003       0.99998874572319740     
  0.66333333333333333       0.99998766212077494     
  0.66666666666666674       0.99999180701474044     
  0.67000000000000004       0.99999764357981202     
  0.67333333333333334        1.0000022313901744     
  0.67666666666666675        1.0000041936906381     
  0.68000000000000005        1.0000037156877750     
  0.68333333333333335        1.0000019073795983     
  0.68666666666666676        1.0000000130110975     
  0.69000000000000006       0.99999884798173055     
  0.69333333333333336       0.99999861758987552     
  0.69666666666666666       0.99999905763968600     
  0.70000000000000007       0.99999972175426732     
  0.70333333333333337        1.0000002398767611     
  0.70666666666666667        1.0000004476797693     
  0.71000000000000008        1.0000003786236888     
  0.71333333333333337        1.0000001731615493     
  0.71666666666666667       0.99999997583505873     
  0.72000000000000008       0.99999987012747737     
  0.72333333333333338       0.99999986556788645     
  0.72666666666666668       0.99999992280763239     
  0.73000000000000009       0.99999999075899804     
  0.73333333333333339        1.0000000343442970     
  0.73666666666666669        1.0000000439345762     
  0.74000000000000010        1.0000000293895019     
  0.74333333333333340        1.0000000075526132     
  0.74666666666666670       0.99999999159729847     
  0.75000000000000000       0.99999998642997023     
  0.75333333333333341       0.99999998984468930     
  0.75666666666666671       0.99999999654108573     
  0.76000000000000001        1.0000000019312700     
  0.76333333333333342        1.0000000040128325     
  0.76666666666666672        1.0000000032141085     
  0.77000000000000002        1.0000000011280488     
  0.77333333333333343       0.99999999920133731     
  0.77666666666666673       0.99999999800840988     
  0.78000000000000003       0.99999999716234445     
  0.78333333333333344       0.99999999552382279     
  0.78666666666666674       0.99999999125382399     
  0.79000000000000004       0.99999998130665169     
  0.79333333333333333       0.99999995998701385     
  0.79666666666666675       0.99999991602205995     
  0.80000000000000004       0.99999982709151836     
  0.80333333333333334       0.99999964978173628     
  0.80666666666666675       0.99999930126959768     
  0.81000000000000005       0.99999862632254555     
  0.81333333333333335       0.99999733879940977     
  0.81666666666666676       0.99999491981308708     
  0.82000000000000006       0.99999044373712809     
  0.82333333333333336       0.99998228650918064     
  0.82666666666666677       0.99996764591121901     
  0.83000000000000007       0.99994176794472833     
  0.83333333333333337       0.99989672408734487     
  0.83666666666666667       0.99981951838719085     
  0.84000000000000008       0.99968921943145461     
  0.84333333333333338       0.99947271116322711     
  0.84666666666666668       0.99911854378640219     
  0.85000000000000009       0.99854825413016635     
  0.85333333333333339       0.99764443632040289     
  0.85666666666666669       0.99623481354109633     
  0.86000000000000010       0.99407163945913357     
  0.86333333333333340       0.99080600650475015     
  0.86666666666666670       0.98595712954515213     
  0.87000000000000011       0.97887747805859737     
  0.87333333333333341       0.96871579946081665     
  0.87666666666666671       0.95438161906353536     
  0.88000000000000000       0.93451665263697492     
  0.88333333333333341       0.90748055416042672     
  0.88666666666666671       0.87136024066729389     
  0.89000000000000001       0.82401324372498630     
  0.89333333333333342       0.76315556811754170     
  0.89666666666666672       0.68650276955423151     
  0.90000000000000002       0.59196882501957393     
  0.90333333333333343       0.47792050475280984     
  0.90666666666666673       0.34347540998357207     
  0.91000000000000003       0.18882025228329319     
  0.91333333333333344        1.5513679661516705E-002
  0.91666666666666674      -0.17327289607721066     
  0.92000000000000004      -0.37262976070577702     
  0.92333333333333334      -0.57595167951789217     
  0.92666666666666675      -0.77519224775186635     
  0.93000000000000005      -0.96135232871550880     
  0.93333333333333335       -1.1251938549820077     
  0.93666666666666676       -1.2581313533711795     
  0.94000000000000006       -1.3532123979674457     
  0.94333333333333336       -1.4060623941954187     
  0.94666666666666677       -1.4156473178689883     
  0.95000000000000007       -1.3847082962972665     
  0.95333333333333337       -1.3197495212600845     
  0.95666666666666678       -1.2305165091497601     
  0.96000000000000008       -1.1289796929284008     
  0.96333333333333337       -1.0279270399991578     
  0.96666666666666667      -0.93935229244761786     
  0.97000000000000008      -0.87288407345598462     
  0.97333333333333338      -0.83451922778070797     
  0.97666666666666668      -0.82589164319797859     
  0.98000000000000009      -0.84422578217490263     
  0.98333333333333339      -0.88300420544403990     
  0.98666666666666669      -0.93324285338022106     
  0.99000000000000010      -0.98514538123013284     
  0.99333333333333340       -1.0298268968008337     
  0.99666666666666670       -1.0607791642490465     
