   0.0000000000000000        1.0000153336773123     
   3.3333333333333335E-003   1.0000076979330732     
   6.6666666666666671E-003  0.99999991690971313     
   1.0000000000000000E-002  0.99999456092238170     
   1.3333333333333334E-002  0.99999264584808523     
   1.6666666666666666E-002  0.99999375145540470     
   2.0000000000000000E-002  0.99999658234685529     
   2.3333333333333334E-002  0.99999965924203582     
   2.6666666666666668E-002   1.0000018708255720     
   3.0000000000000002E-002   1.0000027390365367     
   3.3333333333333333E-002   1.0000023899717019     
   3.6666666666666667E-002   1.0000013259341587     
   4.0000000000000001E-002   1.0000001354706693     
   4.3333333333333335E-002  0.99999926012108653     
   4.6666666666666669E-002  0.99999888188463215     
   5.0000000000000003E-002  0.99999893363030934     
   5.3333333333333337E-002  0.99999918971090196     
   5.6666666666666671E-002  0.99999937702220887     
   6.0000000000000005E-002  0.99999925553244906     
   6.3333333333333339E-002  0.99999864087989054     
   6.6666666666666666E-002  0.99999736658087390     
   7.0000000000000007E-002  0.99999519942727655     
   7.3333333333333334E-002  0.99999172446732099     
   7.6666666666666675E-002  0.99998620699315033     
   8.0000000000000002E-002  0.99997742306433357     
   8.3333333333333343E-002  0.99996343259516374     
   8.6666666666666670E-002  0.99994125340159623     
   9.0000000000000011E-002  0.99990638155445422     
   9.3333333333333338E-002  0.99985209130752006     
   9.6666666666666679E-002  0.99976843410210670     
  0.10000000000000001       0.99964083841919371     
  0.10333333333333335       0.99944818973232130     
  0.10666666666666667       0.99916024361898048     
  0.11000000000000000       0.99873419825208321     
  0.11333333333333334       0.99811022974414332     
  0.11666666666666667       0.99720578136619797     
  0.12000000000000001       0.99590840315229512     
  0.12333333333333334       0.99406697094661778     
  0.12666666666666668       0.99148118409548147     
  0.13000000000000000       0.98788936026924457     
  0.13333333333333333       0.98295472580306287     
  0.13666666666666669       0.97625065005056777     
  0.14000000000000001       0.96724559754228279     
  0.14333333333333334       0.95528896921860296     
  0.14666666666666667       0.93959945878117579     
  0.15000000000000002       0.91925803166484199     
  0.15333333333333335       0.89320809276733470     
  0.15666666666666668       0.86026577488539602     
  0.16000000000000000       0.81914346332564680     
  0.16333333333333333       0.76848956920052103     
  0.16666666666666669       0.70694706501905147     
  0.17000000000000001       0.63323230127302632     
  0.17333333333333334       0.54623406086117543     
  0.17666666666666667       0.44513066110340388     
  0.18000000000000002       0.32952023991785412     
  0.18333333333333335       0.19955632210867807     
  0.18666666666666668        5.6077626002919691E-002
  0.19000000000000000       -9.9281773498439890E-002
  0.19333333333333336      -0.26401787988669950     
  0.19666666666666668      -0.43473452378094046     
  0.20000000000000001      -0.60718907129211153     
  0.20333333333333334      -0.77641841659277711     
  0.20666666666666669      -0.93695179382933769     
  0.21000000000000002       -1.0831087731681284     
  0.21333333333333335       -1.2093707265682530     
  0.21666666666666667       -1.3108029570589326     
  0.22000000000000000       -1.3834938786109370     
  0.22333333333333336       -1.4249687114415368     
  0.22666666666666668       -1.4345298387068839     
  0.23000000000000001       -1.4134758396287446     
  0.23333333333333334       -1.3651574229180576     
  0.23666666666666669       -1.2948414527434458     
  0.24000000000000002       -1.2093734325370336     
  0.24333333333333335       -1.1166525339771387     
  0.24666666666666667       -1.0249588171158137     
  0.25000000000000000      -0.94219615974127413     
  0.25333333333333335      -0.87513271314261065     
  0.25666666666666671      -0.82872978359175653     
  0.26000000000000001      -0.80564718351960907     
  0.26333333333333336      -0.80599714351919138     
  0.26666666666666666      -0.82739068637796298     
  0.27000000000000002      -0.86528297675733745     
  0.27333333333333337      -0.91358256537229166     
  0.27666666666666667      -0.96544995145452139     
  0.28000000000000003       -1.0141801356979614     
  0.28333333333333333       -1.0540476291487171     
  0.28666666666666668       -1.0809945120015201     
  0.29000000000000004       -1.0930634620204855     
  0.29333333333333333       -1.0905156838651404     
  0.29666666666666669       -1.0756226597221592     
  0.30000000000000004       -1.0521725355739702     
  0.30333333333333334       -1.0247777019461024     
  0.30666666666666670      -0.99810138349316091     
  0.31000000000000000      -0.97613187095573184     
  0.31333333333333335      -0.96162115551078398     
  0.31666666666666671      -0.95577220567668497     
  0.32000000000000001      -0.95821205436330115     
  0.32333333333333336      -0.96723525927386966     
  0.32666666666666666      -0.98025432613953190     
  0.33000000000000002      -0.99435955775187068     
  0.33333333333333337       -1.0068768472209713     
  0.33666666666666667       -1.0158202803191971     
  0.34000000000000002       -1.0201645007039044     
  0.34333333333333338       -1.0199030151546635     
  0.34666666666666668       -1.0159038103135276     
  0.35000000000000003       -1.0096131681343175     
  0.35333333333333333       -1.0026844197564486     
  0.35666666666666669      -0.99661597417503223     
  0.36000000000000004      -0.99247199569736200     
  0.36333333333333334      -0.99073343702092376     
  0.36666666666666670      -0.99129366880517733     
  0.37000000000000005      -0.99357985706979668     
  0.37333333333333335      -0.99675597216048706     
  0.37666666666666671      -0.99995086991355864     
  0.38000000000000000       -1.0024568119948656     
  0.38333333333333336       -1.0038580779081470     
  0.38666666666666671       -1.0040711915626561     
  0.39000000000000001       -1.0033016249001396     
  0.39333333333333337       -1.0019408384627728     
  0.39666666666666667       -1.0004380926983947     
  0.40000000000000002      -0.99918211461585749     
  0.40333333333333338      -0.99841961490823194     
  0.40666666666666668      -0.99822407602780616     
  0.41000000000000003      -0.99851340813967782     
  0.41333333333333339      -0.99910298337701264     
  0.41666666666666669      -0.99977392267070042     
  0.42000000000000004       -1.0003362079526850     
  0.42333333333333334       -1.0006712919298788     
  0.42666666666666669       -1.0007471345677641     
  0.43000000000000005       -1.0006072604918703     
  0.43333333333333335       -1.0003420835719294     
  0.43666666666666670       -1.0000539151469732     
  0.44000000000000000      -0.99982650730522837     
  0.44333333333333336      -0.99970652096045587     
  0.44666666666666671      -0.99969946183299052     
  0.45000000000000001      -0.99977803243349372     
  0.45333333333333337      -0.99989777022556758     
  0.45666666666666672       -1.0000138710855762     
  0.46000000000000002       -1.0000940946610510     
  0.46333333333333337       -1.0001249222372213     
  0.46666666666666667       -1.0001107529082067     
  0.47000000000000003       -1.0000680297014335     
  0.47333333333333338       -1.0000172599230726     
  0.47666666666666668      -0.99997583192176120     
  0.48000000000000004      -0.99995360119952026     
  0.48333333333333334      -0.99995190049882410     
  0.48666666666666669      -0.99996541686747797     
  0.49000000000000005      -0.99998562725247564     
  0.49333333333333335       -1.0000043225489570     
  0.49666666666666670       -1.0000160912253866     
  0.50000000000000000       -1.0000192496778690     
  0.50333333333333341       -1.0000153336380349     
  0.50666666666666671       -1.0000076978556944     
  0.51000000000000001      -0.99999991675865973     
  0.51333333333333342      -0.99999456063018544     
  0.51666666666666672      -0.99999264528800036     
  0.52000000000000002      -0.99999375039158700     
  0.52333333333333332      -0.99999658034462879     
  0.52666666666666673      -0.99999965550790859     
  0.53000000000000003       -1.0000018639248955     
  0.53333333333333333       -1.0000027264003273     
  0.53666666666666674       -1.0000023670440519     
  0.54000000000000004       -1.0000012847135926     
  0.54333333333333333       -1.0000000620407254     
  0.54666666666666675      -0.99999913051378275     
  0.55000000000000004      -0.99999865522510445     
  0.55333333333333334      -0.99999854089779983     
  0.55666666666666675      -0.99999851551339203     
  0.56000000000000005      -0.99999823036724189     
  0.56333333333333335      -0.99999732347342152     
  0.56666666666666665      -0.99999541583708862     
  0.57000000000000006      -0.99999203369685019     
  0.57333333333333336      -0.99998646402196223     
  0.57666666666666666      -0.99997755089041940     
  0.58000000000000007      -0.99996342818517225     
  0.58333333333333337      -0.99994116408119260     
  0.58666666666666667      -0.99990627031572454     
  0.59000000000000008      -0.99985200775418348     
  0.59333333333333338      -0.99976840019985191     
  0.59666666666666668      -0.99964084958077271     
  0.60000000000000009      -0.99944822570994640     
  0.60333333333333339      -0.99916028171811244     
  0.60666666666666669      -0.99873422296581826     
  0.60999999999999999      -0.99811023627226392     
  0.61333333333333340      -0.99720577372879848     
  0.61666666666666670      -0.99590838949434035     
  0.62000000000000000      -0.99406695885761653     
  0.62333333333333341      -0.99148117779689127     
  0.62666666666666671      -0.98788936013983830     
  0.63000000000000000      -0.98295472961243957     
  0.63333333333333341      -0.97625065480184992     
  0.63666666666666671      -0.96724560096270296     
  0.64000000000000001      -0.95528897041773242     
  0.64333333333333342      -0.93959945810620982     
  0.64666666666666672      -0.91925803010132556     
  0.65000000000000002      -0.89320809129661549     
  0.65333333333333332      -0.86026577408036919     
  0.65666666666666673      -0.81914346326571053     
  0.66000000000000003      -0.76848956962403370     
  0.66333333333333333      -0.70694706556177533     
  0.66666666666666674      -0.63323230166031375     
  0.67000000000000004      -0.54623406098988436     
  0.67333333333333334      -0.44513066102002707     
  0.67666666666666675      -0.32952023974119615     
  0.68000000000000005      -0.19955632195111017     
  0.68333333333333335       -5.6077625924595927E-002
  0.68666666666666676        9.9281773495207226E-002
  0.69000000000000006       0.26401787983583547     
  0.69333333333333336       0.43473452372363497     
  0.69666666666666666       0.60718907125597521     
  0.70000000000000007       0.77641841658511213     
  0.70333333333333337       0.93695179384199057     
  0.70666666666666667        1.0831087731872535     
  0.71000000000000008        1.2093707265827300     
  0.71333333333333337        1.3108029570642199     
  0.71666666666666667        1.3834938786084472     
  0.72000000000000008        1.4249687114355927     
  0.72333333333333338        1.4345298387015906     
  0.72666666666666668        1.4134758396262230     
  0.73000000000000009        1.3651574229182970     
  0.73333333333333339        1.2948414527451824     
  0.73666666666666669        1.2093734325388470     
  0.74000000000000010        1.1166525339781654     
  0.74333333333333340        1.0249588171159136     
  0.74666666666666670       0.94219615974079385     
  0.75000000000000000       0.87513271314201946     
  0.75333333333333341       0.82872978359137628     
  0.75666666666666671       0.80564718351952702     
  0.76000000000000001       0.80599714351931784     
  0.76333333333333342       0.82739068637814872     
  0.76666666666666672       0.86528297675746935     
  0.77000000000000002       0.91358256537233040     
  0.77333333333333343       0.96544995145448875     
  0.77666666666666673        1.0141801356979039     
  0.78000000000000003        1.0540476291486729     
  0.78333333333333344        1.0809945120015041     
  0.78666666666666674        1.0930634620204931     
  0.79000000000000004        1.0905156838651573     
  0.79333333333333333        1.0756226597221732     
  0.79666666666666675        1.0521725355739759     
  0.80000000000000004        1.0247777019461011     
  0.80333333333333334       0.99810138349315636     
  0.80666666666666675       0.97613187095572773     
  0.81000000000000005       0.96162115551078198     
  0.81333333333333335       0.95577220567668475     
  0.81666666666666676       0.95821205436330170     
  0.82000000000000006       0.96723525927386944     
  0.82333333333333336       0.98025432613953078     
  0.82666666666666677       0.99435955775186879     
  0.83000000000000007        1.0068768472209690     
  0.83333333333333337        1.0158202803191949     
  0.83666666666666667        1.0201645007039024     
  0.84000000000000008        1.0199030151546622     
  0.84333333333333338        1.0159038103135276     
  0.84666666666666668        1.0096131681343175     
  0.85000000000000009        1.0026844197564495     
  0.85333333333333339       0.99661597417503289     
  0.85666666666666669       0.99247199569736233     
  0.86000000000000010       0.99073343702092442     
  0.86333333333333340       0.99129366880517789     
  0.86666666666666670       0.99357985706979723     
  0.87000000000000011       0.99675597216048761     
  0.87333333333333341       0.99995086991355886     
  0.87666666666666671        1.0024568119948656     
  0.88000000000000000        1.0038580779081467     
  0.88333333333333341        1.0040711915626557     
  0.88666666666666671        1.0033016249001396     
  0.89000000000000001        1.0019408384627730     
  0.89333333333333342        1.0004380926983949     
  0.89666666666666672       0.99918211461585738     
  0.90000000000000002       0.99841961490823150     
  0.90333333333333343       0.99822407602780583     
  0.90666666666666673       0.99851340813967704     
  0.91000000000000003       0.99910298337701187     
  0.91333333333333344       0.99977392267069976     
  0.91666666666666674        1.0003362079526847     
  0.92000000000000004        1.0006712919298784     
  0.92333333333333334        1.0007471345677637     
  0.92666666666666675        1.0006072604918701     
  0.93000000000000005        1.0003420835719299     
  0.93333333333333335        1.0000539151469736     
  0.93666666666666676       0.99982650730522893     
  0.94000000000000006       0.99970652096045598     
  0.94333333333333336       0.99969946183299041     
  0.94666666666666677       0.99977803243349384     
  0.95000000000000007       0.99989777022556836     
  0.95333333333333337        1.0000138710855775     
  0.95666666666666678        1.0000940946610539     
  0.96000000000000008        1.0001249222372279     
  0.96333333333333337        1.0001107529082203     
  0.96666666666666667        1.0000680297014619     
  0.97000000000000008        1.0000172599231323     
  0.97333333333333338       0.99997583192188733     
  0.97666666666666668       0.99995360119978571     
  0.98000000000000009       0.99995190049937976     
  0.98333333333333339       0.99996541686863272     
  0.98666666666666669       0.99998562725485574     
  0.99000000000000010        1.0000043225538198     
  0.99333333333333340        1.0000160912352327     
  0.99666666666666670        1.0000192496976248     
