   0.0000000000000000       -1.0060618845268361     
   3.3333333333333335E-003  -1.0014248137009512     
   6.6666666666666671E-003 -0.99767504577623622     
   1.0000000000000000E-002 -0.99564546121240238     
   1.3333333333333334E-002 -0.99546003373983416     
   1.6666666666666666E-002 -0.99666807683406888     
   2.0000000000000000E-002 -0.99852065766197484     
   2.3333333333333334E-002  -1.0002732486838712     
   2.6666666666666668E-002  -1.0014143702845106     
   3.0000000000000002E-002  -1.0017649009180403     
   3.3333333333333333E-002  -1.0014466092120242     
   3.6666666666666667E-002  -1.0007615635608764     
   4.0000000000000001E-002  -1.0000439837358137     
   4.3333333333333335E-002 -0.99954078966846149     
   4.6666666666666669E-002 -0.99935376098403395     
   5.0000000000000003E-002 -0.99944693416829988     
   5.3333333333333337E-002 -0.99969929918583500     
   5.6666666666666671E-002 -0.99997209627965278     
   6.0000000000000005E-002  -1.0001629082723342     
   6.3333333333333339E-002  -1.0002309385502115     
   6.6666666666666666E-002  -1.0001925787805790     
   7.0000000000000007E-002  -1.0000975074578644     
   7.3333333333333334E-002 -0.99999987233318266     
   7.6666666666666675E-002 -0.99993676407430332     
   8.0000000000000002E-002 -0.99991986854487025     
   8.3333333333333343E-002 -0.99993941275149056     
   8.6666666666666670E-002 -0.99997505310067181     
   9.0000000000000011E-002  -1.0000072919936367     
   9.3333333333333338E-002  -1.0000247892045631     
   9.6666666666666679E-002  -1.0000260146730668     
  0.10000000000000001       -1.0000164430337870     
  0.10333333333333335       -1.0000038986498661     
  0.10666666666666667      -0.99999455930894499     
  0.11000000000000000      -0.99999102785959071     
  0.11333333333333334      -0.99999255553445798     
  0.11666666666666667      -0.99999657638687334     
  0.12000000000000001       -1.0000004495869934     
  0.12333333333333334       -1.0000026001165798     
  0.12666666666666668       -1.0000027879979974     
  0.13000000000000000       -1.0000017059695581     
  0.13333333333333333       -1.0000003248317542     
  0.13666666666666669      -0.99999936454198934     
  0.14000000000000001      -0.99999907622374307     
  0.14333333333333334      -0.99999931463215397     
  0.14666666666666667      -0.99999975880030390     
  0.15000000000000002       -1.0000001253882675     
  0.15333333333333335       -1.0000002812961499     
  0.15666666666666668       -1.0000002435270134     
  0.16000000000000000       -1.0000001105213236     
  0.16333333333333333      -0.99999998362148246     
  0.16666666666666669      -0.99999991897764251     
  0.17000000000000001      -0.99999992011613348     
  0.17333333333333334      -0.99999995823462318     
  0.17666666666666667      -0.99999999936117467     
  0.18000000000000002       -1.0000000226627224     
  0.18333333333333335       -1.0000000248054937     
  0.18666666666666668       -1.0000000140673193     
  0.19000000000000000       -1.0000000013370878     
  0.19333333333333336      -0.99999999369064518     
  0.19666666666666668      -0.99999999259349914     
  0.20000000000000001      -0.99999999564007758     
  0.20333333333333334      -0.99999999945021212     
  0.20666666666666669       -1.0000000017818300     
  0.21000000000000002       -1.0000000021439139     
  0.21333333333333335       -1.0000000012574053     
  0.21666666666666667       -1.0000000001431162     
  0.22000000000000000      -0.99999999946413165     
  0.22333333333333336      -0.99999999934268125     
  0.22666666666666668      -0.99999999952698837     
  0.23000000000000001      -0.99999999965065467     
  0.23333333333333334      -0.99999999937740480     
  0.23666666666666669      -0.99999999834053643     
  0.24000000000000002      -0.99999999585781663     
  0.24333333333333335      -0.99999999036964082     
  0.24666666666666667      -0.99999997839369881     
  0.25000000000000000      -0.99999995249475448     
  0.25333333333333335      -0.99999989726406779     
  0.25666666666666671      -0.99999978142578683     
  0.26000000000000001      -0.99999954263693125     
  0.26333333333333336      -0.99999905883005991     
  0.26666666666666666      -0.99999809529237127     
  0.27000000000000002      -0.99999620891325303     
  0.27333333333333337      -0.99999257844947198     
  0.27666666666666667      -0.99998570983834012     
  0.28000000000000003      -0.99997293530601061     
  0.28333333333333333      -0.99994958023698166     
  0.28666666666666668      -0.99990760790653344     
  0.29000000000000004      -0.99983346476609525     
  0.29333333333333333      -0.99970473497876267     
  0.29666666666666669      -0.99948507289286337     
  0.30000000000000004      -0.99911672346424163     
  0.30333333333333334      -0.99850978160438819     
  0.30666666666666670      -0.99752721611668160     
  0.31000000000000000      -0.99596464663793494     
  0.31333333333333335      -0.99352399006772008     
  0.31666666666666671      -0.98978048481471281     
  0.32000000000000001      -0.98414336762088761     
  0.32333333333333336      -0.97581172269575167     
  0.32666666666666666      -0.96372881189531689     
  0.33000000000000002      -0.94654051084494539     
  0.33333333333333337      -0.92256616795963797     
  0.33666666666666667      -0.88979293505068990     
  0.34000000000000002      -0.84590683531463751     
  0.34333333333333338      -0.78837476987064048     
  0.34666666666666668      -0.71459040434148546     
  0.35000000000000003      -0.62209250886114409     
  0.35333333333333333      -0.50885616510801135     
  0.35666666666666669      -0.37364514528766318     
  0.36000000000000004      -0.21639839119531348     
  0.36333333333333334       -3.8606641782177889E-002
  0.36666666666666670       0.15638019952004170     
  0.37000000000000005       0.36318451702904930     
  0.37333333333333335       0.57444136903103182     
  0.37666666666666671       0.78110509729797295     
  0.38000000000000000       0.97305112229362623     
  0.38333333333333336        1.1399587816517061     
  0.38666666666666671        1.2724076299382465     
  0.39000000000000001        1.3630641982163434     
  0.39333333333333337        1.4077902790704815     
  0.39666666666666667        1.4064800170013212     
  0.40000000000000002        1.3634424353754562     
  0.40333333333333338        1.2871945468126698     
  0.40666666666666668        1.1896160402559817     
  0.41000000000000003        1.0845284719904389     
  0.41333333333333339       0.98587988844606667     
  0.41666666666666669       0.90581428123107122     
  0.42000000000000004       0.85295853884866324     
  0.42333333333333334       0.83124855023819533     
  0.42666666666666669       0.83953460249849299     
  0.43000000000000005       0.87206460721547263     
  0.43333333333333335       0.91976883172327262     
  0.43666666666666670       0.97210011724315104     
  0.44000000000000000        1.0190601566683137     
  0.44333333333333336        1.0529982915701908     
  0.44666666666666671        1.0698195670527595     
  0.45000000000000001        1.0693749299405833     
  0.45333333333333337        1.0549969126838574     
  0.45666666666666672        1.0323416644282530     
  0.46000000000000002        1.0078522928706612     
  0.46333333333333337       0.98722959670805122     
  0.46666666666666667       0.97426730206722045     
  0.47000000000000003       0.97029049291395608     
  0.47333333333333338       0.97426341939527550     
  0.47666666666666668       0.98345588361546243     
  0.48000000000000004       0.99442488784965488     
  0.48333333333333334        1.0040139288648262     
  0.48666666666666669        1.0101052273590159     
  0.49000000000000005        1.0119630229476884     
  0.49333333333333335        1.0101421405745283     
  0.49666666666666670        1.0060618845268361     
  0.50000000000000000        1.0014248137009512     
  0.50333333333333341       0.99767504577623622     
  0.50666666666666671       0.99564546121240216     
  0.51000000000000001       0.99546003373983394     
  0.51333333333333342       0.99666807683406844     
  0.51666666666666672       0.99852065766197451     
  0.52000000000000002        1.0002732486838715     
  0.52333333333333332        1.0014143702845113     
  0.52666666666666673        1.0017649009180407     
  0.53000000000000003        1.0014466092120247     
  0.53333333333333333        1.0007615635608764     
  0.53666666666666674        1.0000439837358135     
  0.54000000000000004       0.99954078966846127     
  0.54333333333333333       0.99935376098403383     
  0.54666666666666675       0.99944693416829944     
  0.55000000000000004       0.99969929918583489     
  0.55333333333333334       0.99997209627965256     
  0.55666666666666675        1.0001629082723344     
  0.56000000000000005        1.0002309385502117     
  0.56333333333333335        1.0001925787805792     
  0.56666666666666665        1.0000975074578644     
  0.57000000000000006       0.99999987233318288     
  0.57333333333333336       0.99993676407430321     
  0.57666666666666666       0.99991986854487025     
  0.58000000000000007       0.99993941275149045     
  0.58333333333333337       0.99997505310067170     
  0.58666666666666667        1.0000072919936365     
  0.59000000000000008        1.0000247892045628     
  0.59333333333333338        1.0000260146730666     
  0.59666666666666668        1.0000164430337863     
  0.60000000000000009        1.0000038986498658     
  0.60333333333333339       0.99999455930894499     
  0.60666666666666669       0.99999102785959071     
  0.60999999999999999       0.99999255553445776     
  0.61333333333333340       0.99999657638687312     
  0.61666666666666670        1.0000004495869932     
  0.62000000000000000        1.0000026001165798     
  0.62333333333333341        1.0000027879979974     
  0.62666666666666671        1.0000017059695581     
  0.63000000000000000        1.0000003248317542     
  0.63333333333333341       0.99999936454198934     
  0.63666666666666671       0.99999907622374307     
  0.64000000000000001       0.99999931463215397     
  0.64333333333333342       0.99999975880030390     
  0.64666666666666672        1.0000001253882675     
  0.65000000000000002        1.0000002812961499     
  0.65333333333333332        1.0000002435270134     
  0.65666666666666673        1.0000001105213236     
  0.66000000000000003       0.99999998362148246     
  0.66333333333333333       0.99999991897764251     
  0.66666666666666674       0.99999992011613348     
  0.67000000000000004       0.99999995823462318     
  0.67333333333333334       0.99999999936117467     
  0.67666666666666675        1.0000000226627224     
  0.68000000000000005        1.0000000248054937     
  0.68333333333333335        1.0000000140673198     
  0.68666666666666676        1.0000000013370896     
  0.69000000000000006       0.99999999369065051     
  0.69333333333333336       0.99999999259351557     
  0.69666666666666666       0.99999999564012554     
  0.70000000000000007       0.99999999945034701     
  0.70333333333333337        1.0000000017822024     
  0.70666666666666667        1.0000000021449220     
  0.71000000000000008        1.0000000012600840     
  0.71333333333333337        1.0000000001501024     
  0.71666666666666667       0.99999999948202034     
  0.72000000000000008       0.99999999938765893     
  0.72333333333333338       0.99999999963804997     
  0.72666666666666668       0.99999999992001132     
  0.73000000000000009        1.0000000000191265     
  0.73333333333333339       0.99999999984253407     
  0.73666666666666669       0.99999999931196715     
  0.74000000000000010       0.99999999817521701     
  0.74333333333333340       0.99999999572769749     
  0.74666666666666670       0.99999999032658271     
  0.75000000000000000       0.99999997841837518     
  0.75333333333333341       0.99999995254099749     
  0.75666666666666671       0.99999989729651750     
  0.76000000000000001       0.99999978143372859     
  0.76333333333333342       0.99999954262815316     
  0.76666666666666672       0.99999905881761542     
  0.77000000000000002       0.99999809528488004     
  0.77333333333333343       0.99999620891235086     
  0.77666666666666673       0.99999257845235301     
  0.78000000000000003       0.99998570984150714     
  0.78333333333333344       0.99997293530756004     
  0.78666666666666674       0.99994958023686975     
  0.79000000000000004       0.99990760790566857     
  0.79333333333333333       0.99983346476534862     
  0.79666666666666675       0.99970473497849521     
  0.80000000000000004       0.99948507289298005     
  0.80333333333333334       0.99911672346447777     
  0.80666666666666675       0.99850978160454706     
  0.81000000000000005       0.99752721611671247     
  0.81333333333333335       0.99596464663788686     
  0.81666666666666676       0.99352399006766245     
  0.82000000000000006       0.98978048481468384     
  0.82333333333333336       0.98414336762088916     
  0.82666666666666677       0.97581172269576666     
  0.83000000000000007       0.96372881189532966     
  0.83333333333333337       0.94654051084494972     
  0.83666666666666667       0.92256616795963597     
  0.84000000000000008       0.88979293505068646     
  0.84333333333333338       0.84590683531463551     
  0.84666666666666668       0.78837476987064037     
  0.85000000000000009       0.71459040434148646     
  0.85333333333333339       0.62209250886114498     
  0.85666666666666669       0.50885616510801157     
  0.86000000000000010       0.37364514528766291     
  0.86333333333333340       0.21639839119531312     
  0.86666666666666670        3.8606641782177625E-002
  0.87000000000000011      -0.15638019952004184     
  0.87333333333333341      -0.36318451702904947     
  0.87666666666666671      -0.57444136903103182     
  0.88000000000000000      -0.78110509729797295     
  0.88333333333333341      -0.97305112229362634     
  0.88666666666666671       -1.1399587816517063     
  0.89000000000000001       -1.2724076299382465     
  0.89333333333333342       -1.3630641982163438     
  0.89666666666666672       -1.4077902790704822     
  0.90000000000000002       -1.4064800170013216     
  0.90333333333333343       -1.3634424353754562     
  0.90666666666666673       -1.2871945468126695     
  0.91000000000000003       -1.1896160402559812     
  0.91333333333333344       -1.0845284719904384     
  0.91666666666666674      -0.98587988844606633     
  0.92000000000000004      -0.90581428123107088     
  0.92333333333333334      -0.85295853884866302     
  0.92666666666666675      -0.83124855023819533     
  0.93000000000000005      -0.83953460249849299     
  0.93333333333333335      -0.87206460721547274     
  0.93666666666666676      -0.91976883172327273     
  0.94000000000000006      -0.97210011724315093     
  0.94333333333333336       -1.0190601566683133     
  0.94666666666666677       -1.0529982915701901     
  0.95000000000000007       -1.0698195670527584     
  0.95333333333333337       -1.0693749299405824     
  0.95666666666666678       -1.0549969126838565     
  0.96000000000000008       -1.0323416644282521     
  0.96333333333333337       -1.0078522928706606     
  0.96666666666666667      -0.98722959670805055     
  0.97000000000000008      -0.97426730206722045     
  0.97333333333333338      -0.97029049291395608     
  0.97666666666666668      -0.97426341939527561     
  0.98000000000000009      -0.98345588361546243     
  0.98333333333333339      -0.99442488784965488     
  0.98666666666666669       -1.0040139288648260     
  0.99000000000000010       -1.0101052273590156     
  0.99333333333333340       -1.0119630229476884     
  0.99666666666666670       -1.0101421405745283     
