   0.0000000000000000       -780967787124438.00     
   3.3333333333333335E-003   34177637458502.625     
   6.6666666666666671E-003   739076892128450.62     
   1.0000000000000000E-002   3723228059993.0625     
   1.3333333333333334E-002  -693626125323582.88     
   1.6666666666666666E-002  -43873236140103.688     
   2.0000000000000000E-002   645704016404147.50     
   2.3333333333333334E-002   85363907131368.500     
   2.6666666666666668E-002  -596331333878101.12     
   3.0000000000000002E-002  -127083540334771.00     
   3.3333333333333333E-002   546435667770029.50     
   3.6666666666666667E-002   167716261280538.75     
   4.0000000000000001E-002  -496852831322857.69     
   4.3333333333333335E-002  -205774406139012.50     
   4.6666666666666669E-002   448351233943352.12     
   5.0000000000000003E-002   239667826035639.38     
   5.3333333333333337E-002  -401669984445279.12     
   5.6666666666666671E-002  -267807388371844.88     
   6.0000000000000005E-002   357557607587617.12     
   6.3333333333333339E-002   288733404759442.62     
   6.6666666666666666E-002  -316797000749585.56     
   7.0000000000000007E-002  -301254189883365.69     
   7.3333333333333334E-002   280204241262259.00     
   7.6666666666666675E-002   304576600417551.75     
   8.0000000000000002E-002  -248593985765617.62     
   8.3333333333333343E-002  -298409989951866.38     
   8.6666666666666670E-002   222711610953241.72     
   9.0000000000000011E-002   283027753018927.50     
   9.3333333333333338E-002  -203140422411206.16     
   9.6666666666666679E-002  -259276099853015.56     
  0.10000000000000001        190199383725493.50     
  0.10333333333333335        228526939388368.94     
  0.10666666666666667       -183851188518561.97     
  0.11000000000000000       -192579451772073.94     
  0.11333333333333334        183640953057264.31     
  0.11666666666666667        153521753278369.56     
  0.12000000000000001       -188682029153145.12     
  0.12333333333333334       -113568881522870.73     
  0.12666666666666668        197698045521361.66     
  0.13000000000000000        74895494038242.547     
  0.13333333333333333       -209120699062812.94     
  0.13666666666666669       -39481062091700.062     
  0.14000000000000001        221232926123254.50     
  0.14333333333333334        8982346922162.8438     
  0.14666666666666667       -232338824205230.31     
  0.15000000000000002        15356676173437.156     
  0.15333333333333335        240936636383784.12     
  0.15666666666666668       -32752611570425.406     
  0.16000000000000000       -245870153265764.09     
  0.16333333333333333        42888482095112.969     
  0.16666666666666669        246437124751244.59     
  0.17000000000000001       -45882242268795.281     
  0.17333333333333334       -242440034670284.44     
  0.17666666666666667        42225614750383.531     
  0.18000000000000002        234173619251262.38     
  0.18333333333333335       -32702485787638.938     
  0.18666666666666668       -222353226789367.81     
  0.19000000000000000        18296334642473.547     
  0.19333333333333336        207996904413567.22     
  0.19666666666666668       -95318691327.968750     
  0.20000000000000001       -192280562973679.50     
  0.20333333333333334       -20797948744821.312     
  0.20666666666666669        176388742158778.06     
  0.21000000000000002        43346802359075.109     
  0.21333333333333335       -161382962960113.44     
  0.21666666666666667       -66647836679646.656     
  0.22000000000000000        148105613721332.12     
  0.22333333333333336        89983336491652.969     
  0.22666666666666668       -137130547286119.56     
  0.23000000000000001       -112857986689490.53     
  0.23333333333333334        128763299220836.89     
  0.23666666666666669        135019449601876.41     
  0.24000000000000002       -123085539889465.09     
  0.24333333333333335       -156462493820701.00     
  0.24666666666666667        120031488404292.06     
  0.25000000000000000        177416441347768.12     
  0.25333333333333335       -119479685318301.16     
  0.25666666666666671       -198316108847445.53     
  0.26000000000000001        121342363792747.47     
  0.26333333333333336        219757383859920.69     
  0.26666666666666666       -125636664968557.14     
  0.27000000000000002       -242440104828723.41     
  0.27333333333333337        132526498423518.78     
  0.27666666666666667        267102738773632.38     
  0.28000000000000003       -142329895470492.50     
  0.28333333333333333       -294454978740016.25     
  0.28666666666666668        155492988342727.88     
  0.29000000000000004        325115233373033.06     
  0.29333333333333333       -172537093685429.34     
  0.29666666666666669       -359559582701763.19     
  0.30000000000000004        193988910160673.59     
  0.30333333333333334        398086962037455.44     
  0.30666666666666670       -220305129731538.31     
  0.31000000000000000       -440802367408476.56     
  0.31333333333333335        251801867083744.69     
  0.31666666666666671        487616420709203.38     
  0.32000000000000001       -288596715627617.06     
  0.32333333333333336       -538256617309110.44     
  0.32666666666666666        330567724660524.19     
  0.33000000000000002        592283921942760.25     
  0.33333333333333337       -377330071751464.62     
  0.33666666666666667       -649108691356609.88     
  0.34000000000000002        428228528243219.12     
  0.34333333333333338        708002248812375.38     
  0.34666666666666668       -482342593212842.62     
  0.35000000000000003       -768104241163333.88     
  0.35333333333333333        538501622435072.88     
  0.35666666666666669        828430060162084.00     
  0.36000000000000004       -595309154616937.75     
  0.36333333333333334       -887885736965272.12     
  0.36666666666666670        651178238329463.25     
  0.37000000000000005        945298594468134.75     
  0.37333333333333335       -704381879172879.00     
  0.37666666666666671       -999469876112034.75     
  0.38000000000000000        753123683270815.00     
  0.38333333333333336        1049250685454302.9     
  0.38666666666666671       -795632540173467.75     
  0.39000000000000001       -1093635862793942.0     
  0.39333333333333337        830281469669002.00     
  0.39666666666666667        1131863563776425.0     
  0.40000000000000002       -855724970157099.62     
  0.40333333333333338       -1163503223523899.5     
  0.40666666666666668        871042478613702.75     
  0.41000000000000003        1188512961083424.0     
  0.41333333333333339       -875869511635365.12     
  0.41666666666666669       -1207250224497486.5     
  0.42000000000000004        870494453223211.38     
  0.42333333333333334        1220426453728046.5     
  0.42666666666666669       -855899205393344.38     
  0.43000000000000005       -1229006501278953.2     
  0.43333333333333335        833726701606143.88     
  0.43666666666666670        1234064409515072.8     
  0.44000000000000000       -806167297520779.12     
  0.44333333333333336       -1236616462426405.0     
  0.44666666666666671        775768004207817.25     
  0.45000000000000001        1237458025324356.5     
  0.45333333333333337       -745181362125500.25     
  0.45666666666666672       -1237031178311048.5     
  0.46000000000000002        716882075299764.75     
  0.46333333333333337        1235345307967129.2     
  0.46666666666666667       -692887099841190.50     
  0.47000000000000003       -1231963623893332.5     
  0.47333333333333338        674517101318825.25     
  0.47666666666666668        1226056954989235.2     
  0.48000000000000004       -662233409419213.00     
  0.48333333333333334       -1216514589379455.5     
  0.48666666666666669        655575237595145.88     
  0.49000000000000005        1202092702971468.2     
  0.49333333333333335       -653208428496153.75     
  0.49666666666666670       -1181575811883334.0     
  0.50000000000000000        653081485221397.00     
  0.50333333333333341        1153926448353294.0     
  0.50666666666666671       -652669635305724.00     
  0.51000000000000001       -1118402581099924.8     
  0.51333333333333342        649275521576931.12     
  0.51666666666666672        1074629926888228.5     
  0.52000000000000002       -640347683756501.25     
  0.52333333333333332       -1022625390795408.8     
  0.52666666666666673        623776339062481.50     
  0.53000000000000003        962776454338988.88     
  0.53333333333333333       -598130179978766.00     
  0.53666666666666674       -895787738109297.00     
  0.54000000000000004        562807129384831.00     
  0.54333333333333333        822609177571963.88     
  0.54666666666666675       -518084607682182.50     
  0.55000000000000004       -744360051266747.62     
  0.55333333333333334        465068792080663.44     
  0.55666666666666675        662260046626138.00     
  0.56000000000000005       -405555416664575.44     
  0.56333333333333335       -577573767784593.50     
  0.56666666666666665        341824992624211.12     
  0.57000000000000006        491569967374839.94     
  0.57333333333333336       -276401630627941.12     
  0.57666666666666666       -405492617201346.38     
  0.58000000000000007        211806395305874.31     
  0.58333333333333337        320538630201188.75     
  0.58666666666666667       -150333569447259.56     
  0.59000000000000008       -237836944118907.12     
  0.59333333333333338        93872254101327.656     
  0.59666666666666668        158425502394027.56     
  0.60000000000000009       -43787686516517.078     
  0.60333333333333339       -83225652998253.469     
  0.60666666666666669        867945041944.19922     
  0.60999999999999999        13016603793915.133     
  0.61333333333333340        34666391877693.746     
  0.61666666666666670        51585177890567.047     
  0.62000000000000000       -63098607880911.047     
  0.62333333333333341       -110136062507045.39     
  0.62666666666666671        85111654942932.828     
  0.63000000000000000        162360440346450.19     
  0.63333333333333341       -101659044113996.41     
  0.63666666666666671       -208129268791233.22     
  0.64000000000000001        113826631812056.53     
  0.64333333333333342        247423811108032.88     
  0.64666666666666672       -122699628482211.75     
  0.65000000000000002       -280289882214563.06     
  0.65333333333333332        129246511860154.22     
  0.65666666666666673        306790466837032.69     
  0.66000000000000003       -134228235316468.36     
  0.66333333333333333       -326965555529265.31     
  0.66666666666666674        138137654533401.27     
  0.67000000000000004        340807215386624.38     
  0.67333333333333334       -141170841220137.12     
  0.67666666666666675       -348255455560676.62     
  0.68000000000000005        143229184927183.53     
  0.68333333333333335        349216881551237.50     
  0.68666666666666676       -143949045743817.50     
  0.69000000000000006       -343604159776897.19     
  0.69333333333333336        142754224072958.44     
  0.69666666666666666        331390649649330.12     
  0.70000000000000007       -138925568793883.69     
  0.70333333333333337       -312671789486541.12     
  0.70666666666666667        131681512335714.52     
  0.71000000000000008        287723323893180.00     
  0.71333333333333337       -120263074891392.77     
  0.71666666666666667       -257046396374123.50     
  0.72000000000000008        104016860078278.56     
  0.72333333333333338        221390883645193.88     
  0.72666666666666668       -82469793222942.219     
  0.73000000000000009       -181750963219309.69     
  0.73333333333333339        55389909406622.672     
  0.73666666666666669        139330518657932.00     
  0.74000000000000010       -22828455943984.531     
  0.74333333333333340       -95480218430175.703     
  0.74666666666666670       -14860060667482.992     
  0.75000000000000000        51612445395893.594     
  0.75333333333333341        57021577998939.312     
  0.75666666666666671       -9104071000761.4453     
  0.76000000000000001       -102729828520861.64     
  0.76333333333333342       -30800334873972.141     
  0.76666666666666672        150835532583132.84     
  0.77000000000000002        67071520246787.500     
  0.77333333333333343       -200034184129631.00     
  0.77666666666666673       -98952945477458.844     
  0.78000000000000003        248948047950575.69     
  0.78333333333333344        125984415353394.69     
  0.78666666666666674       -296217107097478.19     
  0.79000000000000004       -147989218519888.31     
  0.79333333333333333        340592956583808.25     
  0.79666666666666675        165028190345044.72     
  0.80000000000000004       -381028966640728.75     
  0.80333333333333334       -177329768790955.44     
  0.80666666666666675        416759502351299.56     
  0.81000000000000005        185209074452956.50     
  0.81333333333333335       -447360816110800.44     
  0.81666666666666676       -188990460537600.88     
  0.82000000000000006        472786758056018.06     
  0.82333333333333336        188946570073313.81     
  0.82666666666666677       -493373978993263.38     
  0.83000000000000007       -185263086862501.06     
  0.83333333333333337        509813940989248.19     
  0.83666666666666667        178033003974461.25     
  0.84000000000000008       -523092605853447.44     
  0.84333333333333338       -167278580250701.44     
  0.84666666666666668        534402621395833.62     
  0.85000000000000009        152994396682111.06     
  0.85333333333333339       -545036432052778.50     
  0.85666666666666669       -135201917140115.88     
  0.86000000000000010        556271247616095.38     
  0.86333333333333340        114005055747284.75     
  0.86666666666666670       -569257660989098.25     
  0.87000000000000011       -89637292717693.688     
  0.87333333333333341        584922740961115.25     
  0.87666666666666671        62493310064099.875     
  0.88000000000000000       -603895901372318.50     
  0.88333333333333341       -33141211930770.938     
  0.88666666666666671        626462381031624.62     
  0.89000000000000001        2314470820029.3750     
  0.89333333333333342       -652545544135552.00     
  0.89666666666666672        29114676626969.625     
  0.90000000000000002        681716151603062.88     
  0.90333333333333343       -60176787822325.188     
  0.90666666666666673       -713224726625058.75     
  0.91000000000000003        89856959099621.000     
  0.91333333333333344        746052255620987.75     
  0.91666666666666674       -117151391726853.25     
  0.92000000000000004       -778974508418500.88     
  0.92333333333333334        141123250342771.62     
  0.92666666666666675        810635796899141.00     
  0.93000000000000005       -160952491552615.00     
  0.93333333333333335       -839628547410403.88     
  0.93666666666666676        175974943948956.12     
  0.94000000000000006        864575287080341.25     
  0.94333333333333336       -185707002328939.75     
  0.94666666666666677       -884209407075769.25     
  0.95000000000000007        189853915456992.56     
  0.95333333333333337        897450476189405.00     
  0.95666666666666678       -188301750622843.88     
  0.96000000000000008       -903469229849269.25     
  0.96333333333333337        181095505513580.38     
  0.96666666666666667        901737029664902.75     
  0.97000000000000008       -168408148552406.56     
  0.97333333333333338       -892054924418459.50     
  0.97666666666666668        150507143031338.25     
  0.98000000000000009        874558667774969.38     
  0.98333333333333339       -127725788184123.19     
  0.98666666666666669       -849698196308887.00     
  0.99000000000000010        100446150375053.06     
  0.99333333333333340        818192964717540.12     
  0.99666666666666670       -69098344366821.500     
