   0.0000000000000000      -0.75016474826109891     
   3.3333333333333335E-003 -0.73615192510042038     
   6.6666666666666671E-003 -0.72181620136846714     
   1.0000000000000000E-002 -0.70716386520318131     
   1.3333333333333334E-002 -0.69220134360172692     
   1.6666666666666666E-002 -0.67693519960731063     
   2.0000000000000000E-002 -0.66137212945520452     
   2.3333333333333334E-002 -0.64551895963232331     
   2.6666666666666668E-002 -0.62938264386364207     
   3.0000000000000002E-002 -0.61297026006415856     
   3.3333333333333333E-002 -0.59628900724726941     
   3.6666666666666667E-002 -0.57934620236508827     
   4.0000000000000001E-002 -0.56214927709173823     
   4.3333333333333335E-002 -0.54470577456584701     
   4.6666666666666669E-002 -0.52702334608492529     
   5.0000000000000003E-002 -0.50910974774653084     
   5.3333333333333337E-002 -0.49097283704557043     
   5.6666666666666671E-002 -0.47262056943089314     
   6.0000000000000005E-002 -0.45406099481536111     
   6.3333333333333339E-002 -0.43530225404142781     
   6.6666666666666666E-002 -0.41635257531088499     
   7.0000000000000007E-002 -0.39722027057932374     
   7.3333333333333334E-002 -0.37791373190981203     
   7.6666666666666675E-002 -0.35844142778823129     
   8.0000000000000002E-002 -0.33881189940897138     
   8.3333333333333343E-002 -0.31903375693202496     
   8.6666666666666670E-002 -0.29911567570588243     
   9.0000000000000011E-002 -0.27906639245899578     
   9.3333333333333338E-002 -0.25889470146851912     
   9.6666666666666679E-002 -0.23860945070528478     
  0.10000000000000001      -0.21821953795117688     
  0.10333333333333335      -0.19773390689536283     
  0.10666666666666667      -0.17716154321306429     
  0.11000000000000000      -0.15651147062291110     
  0.11333333333333334      -0.13579274692796095     
  0.11666666666666667      -0.11501446004610122     
  0.12000000000000001       -9.4185724022682840E-002
  0.12333333333333334       -7.3315675027563088E-002
  0.12666666666666668       -5.2413467351651949E-002
  0.13000000000000000       -3.1488269397613990E-002
  0.13333333333333333       -1.0549259651022949E-002
  0.13666666666666669        1.0394377351289667E-002
  0.14000000000000001        3.1333455039478909E-002
  0.14333333333333334        5.2258788836035991E-002
  0.14666666666666667        7.3161200197237292E-002
  0.15000000000000002        9.4031520641461017E-002
  0.15333333333333335       0.11486059575646625     
  0.15666666666666668       0.13563928921406807     
  0.16000000000000000       0.15635848679283071     
  0.16333333333333333       0.17700910037573567     
  0.16666666666666669       0.19758207192077981     
  0.17000000000000001       0.21806837743473736     
  0.17333333333333334       0.23845903094752893     
  0.17666666666666667       0.25874508845243793     
  0.18000000000000002       0.27891765181293293     
  0.18333333333333335       0.29896787266866170     
  0.18666666666666668       0.31888695633251968     
  0.19000000000000000       0.33866616564253182     
  0.19333333333333336       0.35829682477991853     
  0.19666666666666668       0.37777032308364489     
  0.20000000000000001       0.39707811883879574     
  0.20333333333333334       0.41621174301161090     
  0.20666666666666669       0.43516280295668741     
  0.21000000000000002       0.45392298611065290     
  0.21333333333333335       0.47248406364207607     
  0.21666666666666667       0.49083789405007483     
  0.22000000000000000       0.50897642673444110     
  0.22333333333333336       0.52689170553434950     
  0.22666666666666668       0.54457587221834070     
  0.23000000000000001       0.56202116992770179     
  0.23333333333333334       0.57921994657777232     
  0.23666666666666669       0.59616465821483922     
  0.24000000000000002       0.61284787232812254     
  0.24333333333333335       0.62926227111065969     
  0.24666666666666667       0.64540065466485075     
  0.25000000000000000       0.66125594416055844     
  0.25333333333333335       0.67682118494411969     
  0.25666666666666671       0.69208954958712932     
  0.26000000000000001       0.70705434087924723     
  0.26333333333333336       0.72170899476922690     
  0.26666666666666666       0.73604708324289447     
  0.27000000000000002       0.75006231713863114     
  0.27333333333333337       0.76374854891047017     
  0.27666666666666667       0.77709977532776020     
  0.28000000000000003       0.79011014010158487     
  0.28333333333333333       0.80277393645309902     
  0.28666666666666668       0.81508560962394117     
  0.29000000000000004       0.82703975930903151     
  0.29333333333333333       0.83863114202033029     
  0.29666666666666669       0.84985467339485166     
  0.30000000000000004       0.86070543042484704     
  0.30333333333333334       0.87117865360617086     
  0.30666666666666670       0.88126974903261268     
  0.31000000000000000       0.89097429042274601     
  0.31333333333333335       0.90028802104796757     
  0.31666666666666671       0.90920685558883729     
  0.32000000000000001       0.91772688194661078     
  0.32333333333333336       0.92584436296790651     
  0.32666666666666666       0.93355573805931147     
  0.33000000000000002       0.94085762474330858     
  0.33333333333333337       0.94774682017016609     
  0.33666666666666667       0.95422030252554813     
  0.34000000000000002       0.96027523232623069     
  0.34333333333333338       0.96590895366530671     
  0.34666666666666668       0.97111899540630309     
  0.35000000000000003       0.97590307226690065     
  0.35333333333333333       0.98025908579420573     
  0.35666666666666669       0.98418512528297764     
  0.36000000000000004       0.98767946863872436     
  0.36333333333333334       0.99074058314055768     
  0.36666666666666670       0.99336712608955335     
  0.37000000000000005       0.99555794538338316     
  0.37333333333333335       0.99731208004601379     
  0.37666666666666671       0.99862876067000839     
  0.38000000000000000       0.99950740972858187     
  0.38333333333333336       0.99994764180325690     
  0.38666666666666671       0.99994926377900606     
  0.39000000000000001       0.99951227495811013     
  0.39333333333333337       0.99863686703441057     
  0.39666666666666667       0.99732342397697638     
  0.40000000000000002       0.99557252188803180     
  0.40333333333333338       0.99338492878560336     
  0.40666666666666668       0.99076160423853887     
  0.41000000000000003       0.98770369890783116     
  0.41333333333333339       0.98421255407328934     
  0.41666666666666669       0.98028970108382318     
  0.42000000000000004       0.97593686065048202     
  0.42333333333333334       0.97115594205418665     
  0.42666666666666669       0.96594904234708179     
  0.43000000000000005       0.96031844546733547     
  0.43333333333333335       0.95426662119542005     
  0.43666666666666670       0.94779622404058705     
  0.44000000000000000       0.94091009212108245     
  0.44333333333333336       0.93361124594394762     
  0.44666666666666671       0.92590288703328860     
  0.45000000000000001       0.91778839650688804     
  0.45333333333333337       0.90927133364173796     
  0.45666666666666672       0.90035543432733622     
  0.46000000000000002       0.89104460937758245     
  0.46333333333333337       0.88134294280342595     
  0.46666666666666667       0.87125469007007772     
  0.47000000000000003       0.86078427624254261     
  0.47333333333333338       0.84993629399876869     
  0.47666666666666668       0.83871550159988151     
  0.48000000000000004       0.82712682084524236     
  0.48333333333333334       0.81517533493392846     
  0.48666666666666669       0.80286628619580513     
  0.49000000000000005       0.79020507376709093     
  0.49333333333333335       0.77719725126028283     
  0.49666666666666670       0.76384852435483674     
  0.50000000000000000       0.75016474825623103     
  0.50333333333333341       0.73615192510292626     
  0.50666666666666671       0.72181620137148883     
  0.51000000000000001       0.70716386520122820     
  0.51333333333333342       0.69220134360031904     
  0.51666666666666672       0.67693519960969595     
  0.52000000000000002       0.66137212945581669     
  0.52333333333333332       0.64551895962897310     
  0.52666666666666673       0.62938264386287801     
  0.53000000000000003       0.61297026006829647     
  0.53333333333333333       0.59628900724878464     
  0.53666666666666674       0.57934620236083401     
  0.54000000000000004       0.56214927708944573     
  0.54333333333333333       0.54470577456959468     
  0.54666666666666675       0.52702334608760382     
  0.55000000000000004       0.50910974774339379     
  0.55333333333333334       0.49097283704294759     
  0.55666666666666675       0.47262056943391811     
  0.56000000000000005       0.45406099481766221     
  0.56333333333333335       0.43530225403775241     
  0.56666666666666665       0.41635257530910508     
  0.57000000000000006       0.39722027058419984     
  0.57333333333333336       0.37791373191073468     
  0.57666666666666666       0.35844142778215415     
  0.58000000000000007       0.33881189940937023     
  0.58333333333333337       0.31903375693868558     
  0.58666666666666667       0.29911567570383624     
  0.59000000000000008       0.27906639245279913     
  0.59333333333333338       0.25889470147212124     
  0.59666666666666668       0.23860945070982459     
  0.60000000000000009       0.21821953794658941     
  0.60333333333333339       0.19773390689353881     
  0.60666666666666669       0.17716154321779215     
  0.60999999999999999       0.15651147062137455     
  0.61333333333333340       0.13579274692389398     
  0.61666666666666670       0.11501446005096622     
  0.62000000000000000        9.4185724025557360E-002
  0.62333333333333341        7.3315675020198187E-002
  0.62666666666666671        5.2413467350192318E-002
  0.63000000000000000        3.1488269406029147E-002
  0.63333333333333341        1.0549259651047242E-002
  0.63666666666666671       -1.0394377359198133E-002
  0.64000000000000001       -3.1333455038140182E-002
  0.64333333333333342       -5.2258788829661840E-002
  0.64666666666666672       -7.3161200199766935E-002
  0.65000000000000002       -9.4031520646131780E-002
  0.65333333333333332      -0.11486059575308238     
  0.65666666666666673      -0.13563928921061286     
  0.66000000000000003      -0.15635848679658540     
  0.66333333333333333      -0.17700910037860085     
  0.66666666666666674      -0.19758207191714805     
  0.67000000000000004      -0.21806837743209614     
  0.67333333333333334      -0.23845903095068896     
  0.67666666666666675      -0.25874508845491340     
  0.68000000000000005      -0.27891765181040357     
  0.68333333333333335      -0.29896787266642572     
  0.68666666666666676      -0.31888695633438596     
  0.69000000000000006      -0.33866616564450097     
  0.69333333333333336      -0.35829682477869496     
  0.69666666666666666      -0.37777032308185937     
  0.70000000000000007      -0.39707811883943711     
  0.70333333333333337      -0.41621174301337344     
  0.70666666666666667      -0.43516280295650417     
  0.71000000000000008      -0.45392298610872078     
  0.71333333333333337      -0.47248406364198248     
  0.71666666666666667      -0.49083789405237521     
  0.72000000000000008      -0.50897642673463683     
  0.72333333333333338      -0.52689170553157205     
  0.72666666666666668      -0.54457587221815129     
  0.73000000000000009      -0.56202116993083207     
  0.73333333333333339      -0.57921994657793197     
  0.73666666666666669      -0.59616465821176801     
  0.74000000000000010      -0.61284787232790205     
  0.74333333333333340      -0.62926227111309996     
  0.74666666666666670      -0.64540065466531549     
  0.75000000000000000      -0.66125594415922961     
  0.75333333333333341      -0.67682118494326726     
  0.75666666666666671      -0.69208954958718794     
  0.76000000000000001      -0.70705434088044972     
  0.76333333333333342      -0.72170899477023687     
  0.76666666666666672      -0.73604708324155788     
  0.77000000000000002      -0.75006231713698823     
  0.77333333333333343      -0.76374854891167288     
  0.77666666666666673      -0.77709977532951990     
  0.78000000000000003      -0.79011014010071634     
  0.78333333333333344      -0.80277393645167638     
  0.78666666666666674      -0.81508560962436127     
  0.79000000000000004      -0.82703975930986495     
  0.79333333333333333      -0.83863114202045663     
  0.79666666666666675      -0.84985467339458909     
  0.80000000000000004      -0.86070543042403136     
  0.80333333333333334      -0.87117865360608204     
  0.80666666666666675      -0.88126974903428068     
  0.81000000000000005      -0.89097429042289267     
  0.81333333333333335      -0.90028802104536276     
  0.81666666666666676      -0.90920685558891390     
  0.82000000000000006      -0.91772688195001972     
  0.82333333333333336      -0.92584436296745154     
  0.82666666666666677      -0.93355573805549386     
  0.83000000000000007      -0.94085762474399637     
  0.83333333333333337      -0.94774682017388234     
  0.83666666666666667      -0.95422030252517409     
  0.84000000000000008      -0.96027523232302314     
  0.84333333333333338      -0.96590895366456020     
  0.84666666666666668      -0.97111899540874125     
  0.85000000000000009      -0.97590307226950812     
  0.85333333333333339      -0.98025908579281373     
  0.85666666666666669      -0.98418512527816504     
  0.86000000000000010      -0.98767946863866296     
  0.86333333333333340      -0.99074058314735169     
  0.86666666666666670      -0.99336712609147881     
  0.87000000000000011      -0.99555794537536679     
  0.87333333333333341      -0.99731208004205441     
  0.87666666666666671      -0.99862876067824091     
  0.88000000000000000      -0.99950740973431218     
  0.88333333333333341      -0.99994764179559414     
  0.88666666666666671      -0.99994926377221827     
  0.89000000000000001      -0.99951227496502104     
  0.89333333333333342      -0.99863686704126731     
  0.89666666666666672      -0.99732342397038065     
  0.90000000000000002      -0.99557252188203393     
  0.90333333333333343      -0.99338492879257512     
  0.90666666666666673      -0.99076160424316062     
  0.91000000000000003      -0.98770369890001941     
  0.91333333333333344      -0.98421255407000807     
  0.91666666666666674      -0.98028970109241920     
  0.92000000000000004      -0.97593686065283780     
  0.92333333333333334      -0.97115594204534583     
  0.92666666666666675      -0.96594904234521495     
  0.93000000000000005      -0.96031844547570078     
  0.93333333333333335      -0.95426662119699679     
  0.93666666666666676      -0.94779622403319252     
  0.94000000000000006      -0.94091009211981902     
  0.94333333333333336      -0.93361124595037714     
  0.94666666666666677      -0.92590288703422974     
  0.95000000000000007      -0.91778839650095745     
  0.95333333333333337      -0.90927133364087132     
  0.95666666666666678      -0.90035543433339593     
  0.96000000000000008      -0.89104460937893459     
  0.96333333333333337      -0.88134294279679215     
  0.96666666666666667      -0.87125469006755529     
  0.97000000000000008      -0.86078427624979426     
  0.97333333333333338      -0.84993629400291282     
  0.97666666666666668      -0.83871550159241659     
  0.98000000000000009      -0.82712682083956957     
  0.98333333333333339      -0.81517533494086847     
  0.98666666666666669      -0.80286628620229283     
  0.99000000000000010      -0.79020507376145621     
  0.99333333333333340      -0.77719725125408445     
  0.99666666666666670      -0.76384852435876782     
