   0.0000000000000000      -0.99555427037038169     
   3.3333333333333335E-003 -0.99730964367594355     
   6.6666666666666671E-003 -0.99862781513663013     
   1.0000000000000000E-002 -0.99950831492189007     
   1.3333333333333334E-002 -0.99995019910083682     
   1.6666666666666666E-002 -0.99995313899591975     
   2.0000000000000000E-002 -0.99951760877297402     
   2.3333333333333334E-002 -0.99864395378302295     
   2.6666666666666668E-002 -0.99733217234094518     
   3.0000000000000002E-002 -0.99558267721355032     
   3.3333333333333333E-002 -0.99339652755197494     
   3.6666666666666667E-002 -0.99077483870876859     
   4.0000000000000001E-002 -0.98771855804064246     
   4.3333333333333335E-002 -0.98422889147927806     
   4.6666666666666669E-002 -0.98030749348159352     
   5.0000000000000003E-002 -0.97595618372262249     
   5.3333333333333337E-002 -0.97117681064416117     
   5.6666666666666671E-002 -0.96597141337753445     
   6.0000000000000005E-002 -0.96034228945805689     
   6.3333333333333339E-002 -0.95429192389880058     
   6.6666666666666666E-002 -0.94782298489657479     
   7.0000000000000007E-002 -0.94093832595376659     
   7.3333333333333334E-002 -0.93364093878838861     
   7.6666666666666675E-002 -0.92593399195954873     
   8.0000000000000002E-002 -0.91782089671641809     
   8.3333333333333343E-002 -0.90930524262951418     
   8.6666666666666670E-002 -0.90039073953966953     
   9.0000000000000011E-002 -0.89108128374266338     
   9.3333333333333338E-002 -0.88138097304306584     
   9.6666666666666679E-002 -0.87129404882454597     
  0.10000000000000001      -0.86082493685067751     
  0.10333333333333335      -0.84997827429217621     
  0.10666666666666667      -0.83875879762624672     
  0.11000000000000000      -0.82717135255643548     
  0.11333333333333334      -0.81522106689989637     
  0.11666666666666667      -0.80291328398537365     
  0.12000000000000001      -0.79025332954333749     
  0.12333333333333334      -0.77724663490873636     
  0.12666666666666668      -0.76389900916452580     
  0.13000000000000000      -0.75021644293739898     
  0.13333333333333333      -0.73620480001771782     
  0.13666666666666669      -0.72187008241299355     
  0.14000000000000001      -0.70721875155161051     
  0.14333333333333334      -0.69225737923563879     
  0.14666666666666667      -0.67699231812725813     
  0.15000000000000002      -0.66143012525548439     
  0.15333333333333335      -0.64557786997533506     
  0.15666666666666668      -0.62944262939067208     
  0.16000000000000000      -0.61303121112582248     
  0.16333333333333333      -0.59635071266249828     
  0.16666666666666669      -0.57940873603194798     
  0.17000000000000001      -0.56221278584434375     
  0.17333333333333334      -0.54477011769776940     
  0.17666666666666667      -0.52708833810467759     
  0.18000000000000002      -0.50917547739874847     
  0.18333333333333335      -0.49103941155164688     
  0.18666666666666668      -0.47268784539340897     
  0.19000000000000000      -0.45412882896751872     
  0.19333333333333336      -0.43537072225437334     
  0.19666666666666668      -0.41642174076582406     
  0.20000000000000001      -0.39729000816012572     
  0.20333333333333334      -0.37798393479732462     
  0.20666666666666669      -0.35851215013683646     
  0.21000000000000002      -0.33888317342327717     
  0.21333333333333335      -0.31910547320189347     
  0.21666666666666667      -0.29918774947975668     
  0.22000000000000000      -0.27913886635656682     
  0.22333333333333336      -0.25896758838551681     
  0.22666666666666668      -0.23868264774689779     
  0.23000000000000001      -0.21829297742917675     
  0.23333333333333334      -0.19780762133092303     
  0.23666666666666669      -0.17723552520450259     
  0.24000000000000002      -0.15658563525484914     
  0.24333333333333335      -0.13586704863348928     
  0.24666666666666667      -0.11508889884124809     
  0.25000000000000000       -9.4260268929320212E-002
  0.25333333333333335       -7.3390287233368587E-002
  0.25666666666666671       -5.2488120394345264E-002
  0.26000000000000001       -3.1562906832735500E-002
  0.26333333333333336       -1.0623841225749699E-002
  0.26666666666666666        1.0319832365846604E-002
  0.27000000000000002        3.1258980013176708E-002
  0.27333333333333337        5.2184490024261398E-002
  0.27666666666666667        7.3087090487322232E-002
  0.28000000000000003        9.3957548205437877E-002
  0.28333333333333333       0.11478684215539828     
  0.28666666666666668       0.13556586891095593     
  0.29000000000000004       0.15628534547435655     
  0.29333333333333333       0.17693620262009171     
  0.29666666666666669       0.19750957783329759     
  0.30000000000000004       0.21799636258760502     
  0.30333333333333334       0.23838735713499187     
  0.30666666666666670       0.25867377100128730     
  0.31000000000000000       0.27884693014617612     
  0.31333333333333335       0.29889776814715363     
  0.31666666666666671       0.31881725827927737     
  0.32000000000000001       0.33859693307167493     
  0.32333333333333336       0.35822835778899104     
  0.32666666666666666       0.37770261494980667     
  0.33000000000000002       0.39701090474276879     
  0.33333333333333337       0.41614508535587735     
  0.33666666666666667       0.43509704888422596     
  0.34000000000000002       0.45385814776700889     
  0.34333333333333338       0.47241982752947809     
  0.34666666666666668       0.49077427710861049     
  0.35000000000000003       0.50891382502596860     
  0.35333333333333333       0.52683019609542736     
  0.35666666666666669       0.54451508461229348     
  0.36000000000000004       0.56196103440697276     
  0.36333333333333334       0.57916091938719150     
  0.36666666666666670       0.59610691429484453     
  0.37000000000000005       0.61279097201793453     
  0.37333333333333335       0.62920603542452469     
  0.37666666666666671       0.64534560991178580     
  0.38000000000000000       0.66120237128470527     
  0.38333333333333336       0.67676856926681028     
  0.38666666666666671       0.69203761128526220     
  0.39000000000000001       0.70700367537042941     
  0.39333333333333337       0.72165996192355264     
  0.39666666666666667       0.73599910156512294     
  0.40000000000000002       0.75001505042004024     
  0.40333333333333338       0.76370264534707299     
  0.40666666666666668       0.77705561469107765     
  0.41000000000000003       0.79006709711944267     
  0.41333333333333339       0.80273168483880319     
  0.41666666666666669       0.81504482178551907     
  0.42000000000000004       0.82700077011252049     
  0.42333333333333334       0.83859331305161577     
  0.42666666666666669       0.84981774086964657     
  0.43000000000000005       0.86067006172368032     
  0.43333333333333335       0.87114510571384352     
  0.43666666666666670       0.88123739296700010     
  0.44000000000000000       0.89094293492566690     
  0.44333333333333336       0.90025831646612120     
  0.44666666666666671       0.90917899041388495     
  0.45000000000000001       0.91770023527037670     
  0.45333333333333337       0.92581879392683342     
  0.45666666666666672       0.93353189304064765     
  0.46000000000000002       0.94083565079809861     
  0.46333333333333337       0.94772608463242947     
  0.46666666666666667       0.95420068704531635     
  0.47000000000000003       0.96025739713026803     
  0.47333333333333338       0.96589303207399502     
  0.47666666666666668       0.97110433611514602     
  0.48000000000000004       0.97588955050494952     
  0.48333333333333334       0.98024736417552916     
  0.48666666666666669       0.98417535303369275     
  0.49000000000000005       0.98767100826152598     
  0.49333333333333335       0.99073327615765872     
  0.49666666666666670       0.99336158614642001     
  0.50000000000000000       0.99555435758134736     
  0.50333333333333341       0.99730988355916561     
  0.50666666666666671       0.99862775304836615     
  0.51000000000000001       0.99950809236887839     
  0.51333333333333342       0.99995023893101076     
  0.51666666666666672       0.99995334127568825     
  0.52000000000000002       0.99951758260361012     
  0.52333333333333332       0.99864377053029785     
  0.52666666666666673       0.99733219829020603     
  0.53000000000000003       0.99558284676016706     
  0.53333333333333333       0.99339648627631438     
  0.53666666666666674       0.99077467583852286     
  0.54000000000000004       0.98771862849060110     
  0.54333333333333333       0.98422905253447712     
  0.54666666666666675       0.98030738532377892     
  0.55000000000000004       0.97595602547888327     
  0.55333333333333334       0.97117695747821187     
  0.55666666666666675       0.96597156033300169     
  0.56000000000000005       0.96034211083263632     
  0.56333333333333335       0.95429180262412439     
  0.56666666666666665       0.94782318208029248     
  0.57000000000000006       0.94093840570969134     
  0.57333333333333336       0.93364074006939290     
  0.57666666666666666       0.92593396531315930     
  0.58000000000000007       0.91782107890011866     
  0.58333333333333337       0.90930521337397896     
  0.58666666666666667       0.90039059067119831     
  0.59000000000000008       0.89108136139979444     
  0.59333333333333338       0.88138107487784967     
  0.59666666666666668       0.87129393846842651     
  0.60000000000000009       0.86082489140076679     
  0.60333333333333339       0.84997839805004727     
  0.60666666666666669       0.83875878263009696     
  0.60999999999999999       0.82717123318796892     
  0.61333333333333340       0.81522114067574147     
  0.61666666666666670       0.80291338636373233     
  0.62000000000000000       0.79025320412335909     
  0.62333333333333341       0.77724655560910827     
  0.62666666666666671       0.76389917468286395     
  0.63000000000000000       0.75021649874755170     
  0.63333333333333341       0.73620460864321302     
  0.63666666666666671       0.72187004687137346     
  0.64000000000000001       0.70721895386713085     
  0.64333333333333342       0.69225739916674167     
  0.64666666666666672       0.67699211848738383     
  0.65000000000000002       0.66143011642917071     
  0.65333333333333332       0.64557805629551390     
  0.65666666666666673       0.62944263079098006     
  0.66000000000000003       0.61303104458098645     
  0.66333333333333333       0.59635071569043374     
  0.66666666666666674       0.57940888109264188     
  0.67000000000000004       0.56221278127263163     
  0.67333333333333334       0.54476999143598270     
  0.67666666666666675       0.52708834100191182     
  0.68000000000000005       0.50917559055521078     
  0.68333333333333335       0.49103941377168570     
  0.68666666666666676       0.47268773879858922     
  0.69000000000000006       0.45412881870257693     
  0.69333333333333336       0.43537082743425082     
  0.69666666666666666       0.41642176049114155     
  0.70000000000000007       0.39728990216737647     
  0.70333333333333337       0.37798390633278534     
  0.70666666666666667       0.35851225594652381     
  0.71000000000000008       0.33888320801544181     
  0.71333333333333337       0.31910537098364439     
  0.71666666666666667       0.29918771212441386     
  0.72000000000000008       0.27913896051594461     
  0.72333333333333338       0.25896762590121103     
  0.72666666666666668       0.23868256591943812     
  0.73000000000000009       0.21829294046726080     
  0.73333333333333339       0.19780768756193365     
  0.73666666666666669       0.17723556294592521     
  0.74000000000000010       0.15658558646604398     
  0.74333333333333340       0.13586700764846765     
  0.74666666666666670       0.11508892995650102     
  0.75000000000000000        9.4260315132584593E-002
  0.75333333333333341        7.3390272350331853E-002
  0.75666666666666671        5.2488069162433405E-002
  0.76000000000000001        3.1562908424016864E-002
  0.76333333333333342        1.0623894082779667E-002
  0.76666666666666672       -1.0319824597285830E-002
  0.77000000000000002       -3.1259027949913989E-002
  0.77333333333333343       -5.2184502997495281E-002
  0.77666666666666673       -7.3087055828616229E-002
  0.78000000000000003       -9.3957533638488966E-002
  0.78333333333333344      -0.11478685561996903     
  0.78666666666666674      -0.13556588247767029     
  0.79000000000000004      -0.15628535824701967     
  0.79333333333333333      -0.17693619160859794     
  0.79666666666666675      -0.19750953837080343     
  0.80000000000000004      -0.21799637014401271     
  0.80333333333333334      -0.23838741878313188     
  0.80666666666666675      -0.25867376773898587     
  0.81000000000000005      -0.27884685472546117     
  0.81333333333333335      -0.29889776577279881     
  0.81666666666666676      -0.31881733705841081     
  0.82000000000000006      -0.33859694328094436     
  0.82333333333333336      -0.35822828618211855     
  0.82666666666666677      -0.37770259377699950     
  0.83000000000000007      -0.39701095964946265     
  0.83333333333333337      -0.41614512138729992     
  0.83666666666666667      -0.43509701907079490     
  0.84000000000000008      -0.45385809254789844     
  0.84333333333333338      -0.47241982450308934     
  0.84666666666666668      -0.49077435580624307     
  0.85000000000000009      -0.50891386840956065     
  0.85333333333333339      -0.52683009029669403     
  0.85666666666666669      -0.54451499383343127     
  0.86000000000000010      -0.56196116947720909     
  0.86333333333333340      -0.57916106302463666     
  0.86666666666666670      -0.59610675006146452     
  0.87000000000000011      -0.61279077326723952     
  0.87333333333333341      -0.62920622581283359     
  0.87666666666666671      -0.64534586126214377     
  0.88000000000000000      -0.66120216074684190     
  0.88333333333333341      -0.67676827343972346     
  0.88666666666666671      -0.69203783363504023     
  0.89000000000000001      -0.70700400227939686     
  0.89333333333333342      -0.72165973701066710     
  0.89666666666666672      -0.73599876055775115     
  0.90000000000000002      -0.75001526958169673     
  0.90333333333333343      -0.76370298272968051     
  0.90666666666666673      -0.77705540697315945     
  0.91000000000000003      -0.79006677838271755     
  0.91333333333333344      -0.80273187896473752     
  0.91666666666666674      -0.81504511265780932     
  0.92000000000000004      -0.82700058837073342     
  0.92333333333333334      -0.83859305175918442     
  0.92666666666666675      -0.84981791359847458     
  0.93000000000000005      -0.86067029879405088     
  0.93333333333333335      -0.87114493812888127     
  0.93666666666666676      -0.88123717019745063     
  0.94000000000000006      -0.89094310029898194     
  0.94333333333333336      -0.90025853578248882     
  0.94666666666666677      -0.90917882594444244     
  0.95000000000000007      -0.91770001093279940     
  0.95333333333333337      -0.92581895730415087     
  0.95666666666666678      -0.93353212677670061     
  0.96000000000000008      -0.94083548963253705     
  0.96333333333333337      -0.94772584100544466     
  0.96666666666666667      -0.95420084439112851     
  0.97000000000000008      -0.96025764874185848     
  0.97333333333333338      -0.96589288068045498     
  0.97666666666666668      -0.97110407927764975     
  0.98000000000000009      -0.97588969286510596     
  0.98333333333333339      -0.98024762326961856     
  0.98666666666666669      -0.98417522404763091     
  0.99000000000000010      -0.98767075046167596     
  0.99333333333333340      -0.99073338657333065     
  0.99666666666666670      -0.99336183789535537     
