   0.0000000000000000      -0.84428848654103317     
   3.3333333333333335E-003 -0.85518778050074573     
   6.6666666666666671E-003 -0.86587479871292572     
   1.0000000000000000E-002 -0.87629088371353758     
   1.3333333333333334E-002 -0.88618118643251254     
   1.6666666666666666E-002 -0.89557456305490657     
   2.0000000000000000E-002 -0.90469247957660470     
   2.3333333333333334E-002 -0.91351777846205007     
   2.6666666666666668E-002 -0.92185025955421263     
   3.0000000000000002E-002 -0.92968189964201609     
   3.3333333333333333E-002 -0.93717281541277053     
   3.6666666666666667E-002 -0.94433775439505474     
   4.0000000000000001E-002 -0.95104492984635480     
   4.3333333333333335E-002 -0.95726434238227853     
   4.6666666666666669E-002 -0.96308665881823918     
   5.0000000000000003E-002 -0.96854065426463276     
   5.3333333333333337E-002 -0.97356397270562967     
   5.6666666666666671E-002 -0.97812299310645767     
   6.0000000000000005E-002 -0.98224639910532030     
   6.3333333333333339E-002 -0.98596086129119165     
   6.6666666666666666E-002 -0.98925705100574957     
   7.0000000000000007E-002 -0.99210947687394146     
   7.3333333333333334E-002 -0.99450942846863799     
   7.6666666666666675E-002 -0.99647557953692401     
   8.0000000000000002E-002 -0.99802128703031989     
   8.3333333333333343E-002 -0.99912898741338285     
   8.6666666666666670E-002 -0.99978512636352512     
   9.0000000000000011E-002  -1.0000057815700769     
   9.3333333333333338E-002 -0.99979622455146433     
   9.6666666666666679E-002 -0.99913821788163681     
  0.10000000000000001      -0.99803910454727207     
  0.10333333333333335      -0.99652161957243002     
  0.10666666666666667      -0.99456405408143633     
  0.11000000000000000      -0.99214020283871185     
  0.11333333333333334      -0.98929023572293795     
  0.11666666666666667      -0.98604679283526486     
  0.12000000000000001      -0.98235509594174975     
  0.12333333333333334      -0.97818290303212962     
  0.12666666666666668      -0.97360495206831887     
  0.13000000000000000      -0.96865665894360098     
  0.13333333333333333      -0.96325165450004946     
  0.13666666666666669      -0.95736281057411554     
  0.14000000000000001      -0.95109500024879012     
  0.14333333333333334      -0.94447324944874911     
  0.14666666666666667      -0.93738723176433425     
  0.15000000000000002      -0.92982750851138818     
  0.15333333333333335      -0.92191788708311451     
  0.15666666666666668      -0.91366345182616027     
  0.16000000000000000      -0.90494429747925442     
  0.16333333333333333      -0.89577326081463693     
  0.16666666666666669      -0.88627669328409853     
  0.17000000000000001      -0.87644076893884781     
  0.17333333333333334      -0.86615232123567876     
  0.17666666666666667      -0.85544033724106339     
  0.18000000000000002      -0.84441950834571944     
  0.18333333333333335      -0.83306637135421879     
  0.18666666666666668      -0.82128490758834782     
  0.19000000000000000      -0.80911024364196682     
  0.19333333333333336      -0.79663914326565310     
  0.19666666666666668      -0.78384670146043567     
  0.20000000000000001      -0.77065677467066762     
  0.20333333333333334      -0.75710564091422672     
  0.20666666666666669      -0.74327124463764549     
  0.21000000000000002      -0.72912876980762964     
  0.21333333333333335      -0.71462257469203916     
  0.21666666666666667      -0.69979050072229887     
  0.22000000000000000      -0.68468998188223407     
  0.22333333333333336      -0.66929612793324078     
  0.22666666666666668      -0.65357655377414181     
  0.23000000000000001      -0.63756790398015573     
  0.23333333333333334      -0.62130401366391386     
  0.23666666666666669      -0.60476714513499852     
  0.24000000000000002      -0.58794974628289354     
  0.24333333333333335      -0.57087516712056019     
  0.24666666666666667      -0.55355527210896616     
  0.25000000000000000      -0.53599469923128740     
  0.25333333333333335      -0.51820418584128858     
  0.25666666666666671      -0.50017827058511333     
  0.26000000000000001      -0.48191876929198196     
  0.26333333333333336      -0.46346458615213115     
  0.26666666666666666      -0.44482768476661638     
  0.27000000000000002      -0.42596861568265754     
  0.27333333333333337      -0.40689958039187524     
  0.27666666666666667      -0.38769016254615218     
  0.28000000000000003      -0.36833189206276984     
  0.28333333333333333      -0.34876315469753716     
  0.28666666666666668      -0.32902653401325233     
  0.29000000000000004      -0.30920446172526128     
  0.29333333333333333      -0.28925182995334103     
  0.29666666666666669      -0.26910448955601285     
  0.30000000000000004      -0.24884600897734832     
  0.30333333333333334      -0.22855442743171947     
  0.30666666666666670      -0.20814330953710608     
  0.31000000000000000      -0.18755681285712539     
  0.31333333333333335      -0.16691843794748412     
  0.31666666666666671      -0.14629946023509652     
  0.32000000000000001      -0.12557753381842515     
  0.32333333333333336      -0.10469818945715861     
  0.32666666666666666       -8.3816365903052775E-002
  0.33000000000000002       -6.3011612212921897E-002
  0.33333333333333337       -4.2135309006595040E-002
  0.33666666666666667       -2.1112967097930389E-002
  0.34000000000000002       -1.2156359861306698E-004
  0.34333333333333338        2.0726103542682582E-002
  0.34666666666666668        4.1597457657255477E-002
  0.35000000000000003        6.2613201686854858E-002
  0.35333333333333333        8.3579025665259390E-002
  0.35666666666666669       0.10432422442439335     
  0.36000000000000004       0.12503393779102542     
  0.36333333333333334       0.14589615189613836     
  0.36666666666666670       0.16669696345342722     
  0.37000000000000005       0.18719267068266407     
  0.37333333333333335       0.20759132688510101     
  0.37666666666666671       0.22815565109196351     
  0.38000000000000000       0.24864555128118684     
  0.38333333333333336       0.26874628831281566     
  0.38666666666666671       0.28869533770769912     
  0.39000000000000001       0.30881828101495451     
  0.39333333333333337       0.32884457706117171     
  0.39666666666666667       0.34841006342587805     
  0.40000000000000002       0.36778225893831668     
  0.40333333333333338       0.38732037556903909     
  0.40666666666666668       0.40672756127123666     
  0.41000000000000003       0.42562407919562900     
  0.41333333333333339       0.44429914496890643     
  0.41666666666666669       0.46311146147783566     
  0.42000000000000004       0.48174909775811769     
  0.42333333333333334       0.49984737744476926     
  0.42666666666666669       0.51770578114180565     
  0.43000000000000005       0.53565868674073691     
  0.43333333333333335       0.55338839541907003     
  0.43666666666666670       0.57056099586894071     
  0.44000000000000000       0.58748105375820381     
  0.44333333333333336       0.60445115058384591     
  0.44666666666666671       0.62114870071138029     
  0.45000000000000001       0.63727135546291425     
  0.45333333333333337       0.65313130652751172     
  0.45666666666666672       0.66900348177600533     
  0.46000000000000002       0.68455685644531838     
  0.46333333333333337       0.69951377301545814     
  0.46666666666666667       0.71419612472448768     
  0.47000000000000003       0.72885929095728264     
  0.47333333333333338       0.74316607558043246     
  0.47666666666666668       0.75685557430429851     
  0.48000000000000004       0.77025067740698239     
  0.48333333333333334       0.78359461758098004     
  0.48666666666666669       0.79656093317296395     
  0.49000000000000005       0.80889855271418520     
  0.49333333333333335       0.82090609551131755     
  0.49666666666666670       0.83282232107335075     
  0.50000000000000000       0.84436365291104665     
  0.50333333333333341       0.85527900862936912     
  0.50666666666666671       0.86580813007276058     
  0.51000000000000001       0.87619884950978300     
  0.51333333333333342       0.88624087997703627     
  0.51666666666666672       0.89566588925840041     
  0.52000000000000002       0.90463684159175939     
  0.52333333333333332       0.91342969858523393     
  0.52666666666666673       0.92190577551942354     
  0.53000000000000003       0.92976324238044039     
  0.53333333333333333       0.93711326675484319     
  0.53666666666666674       0.94426716269288913     
  0.54000000000000004       0.95111180385725569     
  0.54333333333333333       0.95732033449215892     
  0.54666666666666675       0.96301112032057334     
  0.55000000000000004       0.96850220232869766     
  0.55333333333333334       0.97364682430748073     
  0.55666666666666675       0.97814244996790500     
  0.56000000000000005       0.98216035844618921     
  0.56333333333333335       0.98596009889615521     
  0.56666666666666665       0.98934005652574686     
  0.57000000000000006       0.99209354114442938     
  0.57333333333333336       0.99443651865162574     
  0.57666666666666666       0.99650482845747779     
  0.58000000000000007       0.99807768228138416     
  0.58333333333333337       0.99909076805604724     
  0.58666666666666667       0.99974977719250002     
  0.59000000000000008        1.0000481278284798     
  0.59333333333333338       0.99980855373963207     
  0.59666666666666668       0.99909664231724715     
  0.60000000000000009       0.99804923162519443     
  0.60333333333333339       0.99655791874774791     
  0.60666666666666669       0.99453399620368099     
  0.60999999999999999       0.99211284048220438     
  0.61333333333333340       0.98933657121793839     
  0.61666666666666670       0.98606282677921009     
  0.62000000000000000       0.98229648676338099     
  0.62333333333333341       0.97817901692742515     
  0.62666666666666671       0.97367199953292427     
  0.63000000000000000       0.96864922517656216     
  0.63333333333333341       0.96317960328200913     
  0.63666666666666671       0.95737930891036371     
  0.64000000000000001       0.95116907263555384     
  0.64333333333333342       0.94445087238245085     
  0.64666666666666672       0.93731365396934496     
  0.65000000000000002       0.92985231139565860     
  0.65333333333333332       0.92198899084601105     
  0.65666666666666673       0.91363927902138542     
  0.66000000000000003       0.90487699106641695     
  0.66333333333333333       0.89579464447818113     
  0.66666666666666674       0.88633962884592121     
  0.67000000000000004       0.87642321267238610     
  0.67333333333333334       0.86609360122745849     
  0.67666666666666675       0.85545406770949795     
  0.68000000000000005       0.84447471629060256     
  0.68333333333333335       0.83305575579271451     
  0.68666666666666676       0.82123227651370401     
  0.69000000000000006       0.80911870296142674     
  0.69333333333333336       0.79668999524117123     
  0.69666666666666666       0.78383963909760501     
  0.70000000000000007       0.77060735078986886     
  0.70333333333333337       0.75711156201097363     
  0.70666666666666667       0.74331899807156299     
  0.71000000000000008       0.72912432523400239     
  0.71333333333333337       0.71457725608437839     
  0.71666666666666667       0.69979267262488687     
  0.72000000000000008       0.68473184711331037     
  0.72333333333333338       0.66929720273185722     
  0.72666666666666668       0.65353905264193879     
  0.73000000000000009       0.63756276801695866     
  0.73333333333333339       0.62133665288837292     
  0.73666666666666669       0.60477670036351605     
  0.74000000000000010       0.58792194115405749     
  0.74333333333333340       0.57086148146091986     
  0.74666666666666670       0.55357866488763363     
  0.75000000000000000       0.53601152474577696     
  0.75333333333333341       0.51818470163608343     
  0.75666666666666671       0.50015991541767624     
  0.76000000000000001       0.48193459318458404     
  0.76333333333333342       0.46348244241174913     
  0.76666666666666672       0.44481572101352940     
  0.77000000000000002       0.42595341796656999     
  0.77333333333333343       0.40690709175744155     
  0.77666666666666673       0.38770073632781898     
  0.78000000000000003       0.36832952565034061     
  0.78333333333333344       0.34875866979869202     
  0.78666666666666674       0.32902337534944065     
  0.79000000000000004       0.30920212786763851     
  0.79333333333333333       0.28926020810308972     
  0.79666666666666675       0.26911350647320514     
  0.80000000000000004       0.24883360580998209     
  0.80333333333333334       0.22853974807330063     
  0.80666666666666675       0.20815767100157787     
  0.81000000000000005       0.18757532967925120     
  0.81333333333333335       0.16690486029436280     
  0.81666666666666676       0.14627957169482966     
  0.82000000000000006       0.12558719104530006     
  0.82333333333333336       0.10471657343167577     
  0.82666666666666677        8.3813894829477195E-002
  0.83000000000000007        6.2997743142109555E-002
  0.83333333333333337        4.2127393674793116E-002
  0.83666666666666667        2.1119467468380990E-002
  0.84000000000000008        1.4286743326238222E-004
  0.84333333333333338       -2.0722799245016403E-002
  0.84666666666666668       -4.1634824870820000E-002
  0.85000000000000009       -6.2628138538308592E-002
  0.85333333333333339       -8.3523440121322748E-002
  0.85666666666666669      -0.10429653223089526     
  0.86000000000000010      -0.12510908951521887     
  0.86333333333333340      -0.14593700646158592     
  0.86666666666666670      -0.16660205227545694     
  0.87000000000000011      -0.18713891650117856     
  0.87333333333333341      -0.20770472650777197     
  0.87666666666666671      -0.22822144046905235     
  0.88000000000000000      -0.24851653937568419     
  0.88333333333333341      -0.26866986066299531     
  0.88666666666666671      -0.28883562310928346     
  0.89000000000000001      -0.30890348797871503     
  0.89333333333333342      -0.32869834610908077     
  0.89666666666666672      -0.34831830899343008     
  0.90000000000000002      -0.36792887049732254     
  0.90333333333333343      -0.38741620361390411     
  0.90666666666666673      -0.40658549271114580     
  0.91000000000000003      -0.42552670451848512     
  0.91333333333333344      -0.44443317664469401     
  0.91666666666666674      -0.46320804856633530     
  0.92000000000000004      -0.48162468299683203     
  0.92333333333333334      -0.49975344300526359     
  0.92666666666666675      -0.51782095335914080     
  0.93000000000000005      -0.53574882449012040     
  0.93333333333333335      -0.55328055126279740     
  0.93666666666666676      -0.57047492569888314     
  0.94000000000000006      -0.58758428176017652     
  0.94333333333333336      -0.60453373788711207     
  0.94666666666666677      -0.62104742850793104     
  0.95000000000000007      -0.63719102536085603     
  0.95333333333333337      -0.65323251495386958     
  0.95666666666666678      -0.66908305495037457     
  0.96000000000000008      -0.68445500139471060     
  0.96333333333333337      -0.69943358298689606     
  0.96666666666666667      -0.71429809900049790     
  0.97000000000000008      -0.72894105322929903     
  0.97333333333333338      -0.74306550626503420     
  0.97666666666666668      -0.75677178650640231     
  0.98000000000000009      -0.77034773747323693     
  0.98333333333333339      -0.78368050109684717     
  0.98666666666666669      -0.79646959061895528     
  0.99000000000000010      -0.80881068093633290     
  0.99333333333333340      -0.82098987522784217     
  0.99666666666666670      -0.83291201973288187     
