   0.0000000000000000        1.5504788677893462     
   3.3333333333333335E-003   3.2097959872791986     
   6.6666666666666671E-003  -1.7020870563212469     
   1.0000000000000000E-002  -3.5400553539701507     
   1.3333333333333334E-002  0.88984082268408038     
   1.6666666666666666E-002   2.8184033452599304     
   2.0000000000000000E-002  -1.1177463459860166     
   2.3333333333333334E-002  -3.1866775028258614     
   2.6666666666666668E-002   9.9703006599431321E-002
   3.0000000000000002E-002   2.1791648412887006     
   3.3333333333333333E-002 -0.48708452225647103     
   3.6666666666666667E-002  -2.5924323550073050     
   4.0000000000000001E-002 -0.63851001142398078     
   4.3333333333333335E-002   1.3498370072913999     
   4.6666666666666669E-002   8.5698569552712378E-003
   5.0000000000000003E-002  -1.8782074932623667     
   5.3333333333333337E-002  -1.1629733935961701     
   5.6666666666666671E-002  0.50256427317615548     
   6.0000000000000005E-002  0.24572473975393949     
   6.3333333333333339E-002  -1.2448686570088869     
   6.6666666666666666E-002  -1.3969615814515308     
   7.0000000000000007E-002 -0.15402717044841222     
   7.3333333333333334E-002  0.20092193790587620     
   7.6666666666666675E-002 -0.88359000866971638     
   8.0000000000000002E-002  -1.3669040424480174     
   8.3333333333333343E-002 -0.46582872235645578     
   8.6666666666666670E-002  -5.4274406746610770E-002
   9.0000000000000011E-002 -0.89081268498294397     
   9.3333333333333338E-002  -1.1759201922348588     
   9.6666666666666679E-002 -0.40576872762967625     
  0.10000000000000001      -0.39882211740694407     
  0.10333333333333335       -1.2166278421458112     
  0.10666666666666667      -0.94387823893524248     
  0.11000000000000000       -9.4213307923598277E-002
  0.11333333333333334      -0.72832207491748391     
  0.11666666666666667       -1.6848945751997799     
  0.12000000000000001      -0.74652391575171484     
  0.12333333333333334       0.26492858911540396     
  0.12666666666666668      -0.99860250512798376     
  0.13000000000000000       -2.0938784995031368     
  0.13333333333333333      -0.59795423401095960     
  0.13666666666666669       0.50333128334360500     
  0.14000000000000001       -1.2152195965980224     
  0.14333333333333334       -2.3282414825766793     
  0.14666666666666667      -0.48313840036893207     
  0.15000000000000002       0.56759913796711459     
  0.15333333333333335       -1.3910004686955366     
  0.15666666666666668       -2.3887727115502395     
  0.16000000000000000      -0.39662372301595283     
  0.16333333333333333       0.49666365246480337     
  0.16666666666666669       -1.5213753029683168     
  0.17000000000000001       -2.3297508218631426     
  0.17333333333333334      -0.34971305783493700     
  0.17666666666666667       0.34181121240991197     
  0.18000000000000002       -1.5910611472378307     
  0.18333333333333335       -2.1868290891184783     
  0.18666666666666668      -0.35785797347110149     
  0.19000000000000000       0.12194961386079184     
  0.19333333333333336       -1.5847589563859235     
  0.19666666666666668       -1.9681920933708947     
  0.20000000000000001      -0.43585853088105792     
  0.20333333333333334      -0.15300132998019311     
  0.20666666666666669       -1.4873154505822310     
  0.21000000000000002       -1.6971892395888473     
  0.21333333333333335      -0.59735123799432921     
  0.21666666666666667      -0.43747398739339316     
  0.22000000000000000       -1.2899518153278762     
  0.22333333333333336       -1.4429121001355865     
  0.22666666666666668      -0.84051862979708836     
  0.23000000000000001      -0.64443972620754142     
  0.23333333333333334       -1.0102865732123587     
  0.23666666666666669       -1.2981397807964241     
  0.24000000000000002       -1.1285763142851002     
  0.24333333333333335      -0.69063977279261191     
  0.24666666666666667      -0.70384592104498456     
  0.25000000000000000       -1.3218730822063540     
  0.25333333333333335       -1.3919013791961179     
  0.25666666666666671      -0.55197072648901457     
  0.26000000000000001      -0.44660851352608877     
  0.26333333333333336       -1.5001120608103058     
  0.26666666666666666       -1.5582863460083112     
  0.27000000000000002      -0.27627446998270633     
  0.27333333333333337      -0.29732979446297847     
  0.27666666666666667       -1.7632609953069729     
  0.28000000000000003       -1.5918664494690469     
  0.28333333333333333        6.0475271615702209E-002
  0.28666666666666668      -0.26265849877443981     
  0.29000000000000004       -2.0459615157861650     
  0.29333333333333333       -1.5201153092784998     
  0.29666666666666669       0.41581113859537111     
  0.30000000000000004      -0.28083638749390460     
  0.30333333333333334       -2.3363013834751882     
  0.30666666666666670       -1.4368802219421739     
  0.31000000000000000       0.80707568125951723     
  0.31333333333333335      -0.23454422204925618     
  0.31666666666666671       -2.6750267459296051     
  0.32000000000000001       -1.4716406393416051     
  0.32333333333333336        1.2862223345340651     
  0.32666666666666666        5.7305386321315765E-004
  0.33000000000000002       -3.1139050404915904     
  0.33333333333333337       -1.7270012656033074     
  0.33666666666666667        1.8920643931271102     
  0.34000000000000002       0.48764874981024064     
  0.34333333333333338       -3.6713252608162033     
  0.34666666666666668       -2.2164260316399345     
  0.35000000000000003        2.6156974174846743     
  0.35333333333333333        1.1850499402539478     
  0.35666666666666669       -4.3104816137093085     
  0.36000000000000004       -2.8495422717603374     
  0.36333333333333334        3.3918513496945017     
  0.36666666666666670        1.9647569997156089     
  0.37000000000000005       -4.9432695928223911     
  0.37333333333333335       -3.4800665716962134     
  0.37666666666666671        4.1148079289005501     
  0.38000000000000000        2.6791630306259719     
  0.38333333333333336       -5.4578228038381154     
  0.38666666666666671       -3.9765787001561992     
  0.39000000000000001        4.6764910706674154     
  0.39333333333333337        3.2211603921114218     
  0.39666666666666667       -5.7643221953080683     
  0.40000000000000002       -4.2617395738706829     
  0.40333333333333338        5.0148880934555624     
  0.40666666666666668        3.5394334722307770     
  0.41000000000000003       -5.8389250357174358     
  0.41333333333333339       -4.3076934765530428     
  0.41666666666666669        5.1455579657424346     
  0.42000000000000004        3.6228172958071747     
  0.42333333333333334       -5.7356098713597081     
  0.42666666666666669       -4.1194678400145071     
  0.43000000000000005        5.1489893015097046     
  0.43333333333333335        3.4908871072845318     
  0.43666666666666670       -5.5481590866254322     
  0.44000000000000000       -3.7369860958140002     
  0.44333333333333336        5.1115600436176045     
  0.44666666666666671        3.2073128147737093     
  0.45000000000000001       -5.3401224246484755     
  0.45333333333333337       -3.2557476352329742     
  0.45666666666666672        5.0593823134296176     
  0.46000000000000002        2.9006457766677602     
  0.46333333333333337       -5.0994431474288682     
  0.46666666666666667       -2.8379435885517692     
  0.47000000000000003        4.9481608824676613     
  0.47333333333333338        2.7546706148279285     
  0.47666666666666668       -4.7702562019407946     
  0.48000000000000004       -2.6718823304773611     
  0.48333333333333334        4.7319369358003138     
  0.48666666666666669        2.9313433743982857     
  0.49000000000000005       -4.3410586074406865     
  0.49333333333333335       -2.8614951873678569     
  0.49666666666666670        4.4444164923524827     
  0.50000000000000000        3.4414333963682191     
  0.50333333333333341       -3.8918059459006153     
  0.50666666666666671       -3.3038117372344971     
  0.51000000000000001        4.1927197125497608     
  0.51333333333333342        4.0611660373050356     
  0.51666666666666672       -3.5308957092921371     
  0.52000000000000002       -3.6753724525803166     
  0.52333333333333332        4.0524077908670924     
  0.52666666666666673        4.4074831108614232     
  0.53000000000000003       -3.2772755970590772     
  0.53333333333333333       -3.5956559126617065     
  0.53666666666666674        3.9708860037244964     
  0.54000000000000004        4.1659440073203511     
  0.54333333333333333       -3.0135687951071071     
  0.54666666666666675       -2.8760816709660411     
  0.55000000000000004        3.7843873748858257     
  0.55333333333333334        3.3077008735910116     
  0.55666666666666675       -2.5634086769135669     
  0.56000000000000005       -1.6558205274111724     
  0.56333333333333335        3.3371245699166732     
  0.56666666666666665        2.1127230713401648     
  0.57000000000000006       -1.8253506531693517     
  0.57333333333333336      -0.30775649893781987     
  0.57666666666666666        2.6019819352793134     
  0.58000000000000007       0.98196357158754410     
  0.58333333333333337      -0.85728765498367954     
  0.58666666666666667       0.79866215345072122     
  0.59000000000000008        1.7138027925362089     
  0.59333333333333338       0.20327374760166159     
  0.59666666666666668       0.14700890428689672     
  0.60000000000000009        1.4829410230987849     
  0.60333333333333339       0.89300315004001896     
  0.60666666666666669      -0.15804266563107294     
  0.60999999999999999       0.97413498446009350     
  0.61333333333333340        1.7815446786610409     
  0.61666666666666670       0.31094451362395992     
  0.62000000000000000      -0.21892537981260962     
  0.62333333333333341        1.5170564136182265     
  0.62666666666666671        1.8622526753076782     
  0.63000000000000000       -3.5603817355783773E-004
  0.63333333333333341      -0.17083309855812989     
  0.63666666666666671        1.8099186451813642     
  0.64000000000000001        1.9117174282057361     
  0.64333333333333342      -0.12178167654504141     
  0.64666666666666672      -0.17293669005793921     
  0.65000000000000002        1.9515594225867561     
  0.65333333333333332        2.0408183691903545     
  0.65666666666666673      -0.14585353939194440     
  0.66000000000000003      -0.27658431548438900     
  0.66333333333333333        2.0105287317870717     
  0.66666666666666674        2.2377350682295969     
  0.67000000000000004      -0.11412868756450917     
  0.67333333333333334      -0.41707357703672931     
  0.67666666666666675        2.0072488749057231     
  0.68000000000000005        2.4039915331825044     
  0.68333333333333335       -3.9481242713443665E-002
  0.68666666666666676      -0.48954999824254442     
  0.69000000000000006        1.9581293874203656     
  0.69333333333333336        2.4536009931011074     
  0.69666666666666666        5.1688040285982562E-002
  0.70000000000000007      -0.44569078345419100     
  0.70333333333333337        1.8961655045471133     
  0.70666666666666667        2.3804428378562479     
  0.71000000000000008       0.12920586703330877     
  0.71333333333333337      -0.31342933290361641     
  0.71666666666666667        1.8352486164637365     
  0.72000000000000008        2.2276665941243894     
  0.72333333333333338       0.20594812336057983     
  0.72666666666666668      -0.13038542272574150     
  0.73000000000000009        1.7313485438159713     
  0.73333333333333339        2.0112986738847694     
  0.73666666666666669       0.35215034067266410     
  0.74000000000000010       0.11410628307305037     
  0.74333333333333340        1.5010409460806058     
  0.74666666666666670        1.7008323708192552     
  0.75000000000000000       0.64648413413671957     
  0.75333333333333341       0.45453519533553333     
  0.75666666666666671        1.0885701004713604     
  0.76000000000000001        1.2771590096170613     
  0.76333333333333342        1.1088296917576770     
  0.76666666666666672       0.87909402691575755     
  0.77000000000000002       0.51547990600491089     
  0.77333333333333343       0.79096887114815495     
  0.77666666666666673        1.6799943782326903     
  0.78000000000000003        1.3011935577576252     
  0.78333333333333344      -0.13063844824021664     
  0.78666666666666674       0.35424034128581927     
  0.79000000000000004        2.2571476569781703     
  0.79333333333333333        1.6000461443773781     
  0.79666666666666675      -0.74253063727831492     
  0.80000000000000004        8.1086459852971693E-002
  0.80333333333333334        2.7376892314219519     
  0.80666666666666675        1.6821636011512311     
  0.81000000000000005       -1.2261383013048934     
  0.81333333333333335        3.7077189966274737E-002
  0.81666666666666676        3.0400120340632162     
  0.82000000000000006        1.5145190591708082     
  0.82333333333333336       -1.5144355341789228     
  0.82666666666666677       0.22367839334900674     
  0.83000000000000007        3.1178820665812497     
  0.83333333333333337        1.1264158206064243     
  0.83666666666666667       -1.5875596754428418     
  0.84000000000000008       0.58567169009429132     
  0.84333333333333338        2.9861865790006998     
  0.84666666666666668       0.59515093268285835     
  0.85000000000000009       -1.4984651202625334     
  0.85333333333333339        1.0323384398765323     
  0.85666666666666669        2.7374970971363877     
  0.86000000000000010        1.7402906136781637E-002
  0.86333333333333340       -1.3717864291275061     
  0.86666666666666670        1.4723240511864977     
  0.87000000000000011        2.5182700909729707     
  0.87333333333333341      -0.52757658945943575     
  0.87666666666666671       -1.3578446099171495     
  0.88000000000000000        1.8454682490257126     
  0.88333333333333341        2.4663147620725474     
  0.88666666666666671      -0.99774845075940077     
  0.89000000000000001       -1.5627606105069241     
  0.89333333333333342        2.1264231067802424     
  0.89666666666666672        2.6439087214792965     
  0.90000000000000002       -1.3768674036616482     
  0.90333333333333343       -1.9941486120326892     
  0.90666666666666673        2.3046866686550631     
  0.91000000000000003        3.0036317310481673     
  0.91333333333333344       -1.6556137388206493     
  0.91666666666666674       -2.5522984462972174     
  0.92000000000000004        2.3757021140346484     
  0.92333333333333334        3.4076087520745286     
  0.92666666666666675       -1.8368664873287428     
  0.93000000000000005       -3.0774127400955562     
  0.93333333333333335        2.3574946127854872     
  0.93666666666666676        3.6990163558800759     
  0.94000000000000006       -1.9544259870972480     
  0.94333333333333336       -3.4370911669604123     
  0.94666666666666677        2.2990202804825444     
  0.95000000000000007        3.7923312762305019     
  0.95333333333333337       -2.0604985164595990     
  0.95666666666666678       -3.6025261618214959     
  0.96000000000000008        2.2431158960472342     
  0.96333333333333337        3.7181971617310907     
  0.96666666666666667       -2.1700535157328984     
  0.97000000000000008       -3.6490414975965377     
  0.97333333333333338        2.1670061154235389     
  0.97666666666666668        3.5756085371794293     
  0.98000000000000009       -2.2168314958289463     
  0.98333333333333339       -3.6679334506862475     
  0.98666666666666669        1.9712759575383145     
  0.99000000000000010        3.4230590582992084     
  0.99333333333333340       -2.0845707260584523     
  0.99666666666666670       -3.6640435133889495     
