   0.0000000000000000       -16881045661191798.     
   3.3333333333333335E-003  -11469150263232568.     
   6.6666666666666671E-003   15453483264895130.     
   1.0000000000000000E-002   11594197576919668.     
   1.3333333333333334E-002  -13916113506273578.     
   1.6666666666666666E-002  -11714854460772636.     
   2.0000000000000000E-002   12305906467457088.     
   2.3333333333333334E-002   11827482668200276.     
   2.6666666666666668E-002  -10660823451272892.     
   3.0000000000000002E-002  -11924090838948244.     
   3.3333333333333333E-002   9019119442443548.0     
   3.6666666666666667E-002   11992124759180852.     
   4.0000000000000001E-002  -7418863624920592.0     
   4.3333333333333335E-002  -12015103414855806.     
   4.6666666666666669E-002   5897567690184091.0     
   5.0000000000000003E-002   11974098832068550.     
   5.3333333333333337E-002  -4491760424109077.0     
   5.6666666666666671E-002  -11849905637512892.     
   6.0000000000000005E-002   3236330078572223.5     
   6.3333333333333339E-002   11625610112632018.     
   6.6666666666666666E-002  -2163484253625929.0     
   7.0000000000000007E-002  -11289176112604916.     
   7.3333333333333334E-002   1301252346370098.0     
   7.6666666666666675E-002   10835637372856904.     
   8.0000000000000002E-002  -671568624791267.00     
   8.3333333333333343E-002  -10268531150093440.     
   8.6666666666666670E-002   288104259582999.00     
   9.0000000000000011E-002   9600320904809404.0     
   9.3333333333333338E-002  -154136294198733.00     
   9.6666666666666679E-002  -8851715896750517.0     
  0.10000000000000001        260821133647720.00     
  0.10333333333333335        8049973129179486.0     
  0.10666666666666667       -586255855833698.50     
  0.11000000000000000       -7226428315580334.0     
  0.11333333333333334        1095650616736995.0     
  0.11666666666666667        6413617296410762.0     
  0.12000000000000001       -1742803521738257.2     
  0.12333333333333334       -5642397473286985.0     
  0.12666666666666668        2472885341046845.0     
  0.13000000000000000        4939454305917208.0     
  0.13333333333333333       -3226337274937137.5     
  0.13666666666666669       -4325489492277316.0     
  0.14000000000000001        3943498020795659.0     
  0.14333333333333334        3814256036986964.0     
  0.14666666666666667       -4569441632117290.0     
  0.15000000000000002       -3412458860809887.0     
  0.15333333333333335        5058450457182078.0     
  0.15666666666666668        3120406360238850.0     
  0.16000000000000000       -5377578744714982.0     
  0.16333333333333333       -2933201514360655.5     
  0.16666666666666669        5508877270066816.0     
  0.17000000000000001        2842214397096819.0     
  0.17333333333333334       -5450028277398921.0     
  0.17666666666666667       -2836583745103644.5     
  0.18000000000000002        5213353849592655.0     
  0.18333333333333335        2904545626930520.0     
  0.18666666666666668       -4823375790235558.0     
  0.19000000000000000       -3034466685380093.0     
  0.19333333333333336        4313288831194678.5     
  0.19666666666666668        3215548495369721.0     
  0.20000000000000001       -3720835307975529.0     
  0.20333333333333334       -3438249114744247.0     
  0.20666666666666669        3084121997938727.0     
  0.21000000000000002        3694522436715089.0     
  0.21333333333333335       -2437893902428187.5     
  0.21666666666666667       -3977996250381394.5     
  0.22000000000000000        1810682582768701.2     
  0.22333333333333336        4284194317041542.0     
  0.22666666666666668       -1223095923859250.0     
  0.23000000000000001       -4610862218920080.0     
  0.23333333333333334        687337159260253.50     
  0.23666666666666669        4958393538444122.0     
  0.24000000000000002       -207862377589145.50     
  0.24333333333333335       -5330288307236197.0     
  0.24666666666666667       -217065004409892.50     
  0.25000000000000000        5733526408685761.0     
  0.25333333333333335        593265588429646.00     
  0.25666666666666671       -6178718292048608.0     
  0.26000000000000001       -928363593667575.50     
  0.26333333333333336        6679910888474832.0     
  0.26666666666666666        1229694160966117.0     
  0.27000000000000002       -7253976137261784.0     
  0.27333333333333337       -1502681914367539.0     
  0.27666666666666667        7919582222605534.0     
  0.28000000000000003        1749863432760240.0     
  0.28333333333333333       -8695825985305623.0     
  0.28666666666666668       -1970602623770704.0     
  0.29000000000000004        9600669155593776.0     
  0.29333333333333333        2161433760470803.0     
  0.29666666666666669       -10649354279566212.     
  0.30000000000000004       -2316880364194074.0     
  0.30333333333333334        11852969828314296.     
  0.30666666666666670        2430550658054109.0     
  0.31000000000000000       -13217290507083880.     
  0.31333333333333335       -2496305305555654.0     
  0.31666666666666671        14741951837274940.     
  0.32000000000000001        2509325824865620.0     
  0.32333333333333336       -16419948861936332.     
  0.32666666666666666       -2466970859337726.0     
  0.33000000000000002        18237399919736980.     
  0.33333333333333337        2369376311644586.0     
  0.33666666666666667       -20173504686040660.     
  0.34000000000000002       -2219816736314198.0     
  0.34333333333333338        22200656230893704.     
  0.34666666666666668        2024884051129360.0     
  0.35000000000000003       -24284730354141952.     
  0.35333333333333333       -1794546045519464.0     
  0.35666666666666669        26385649676921080.     
  0.36000000000000004        1542120339894728.0     
  0.36333333333333334       -28458375529322488.     
  0.36666666666666670       -1284148042917348.0     
  0.37000000000000005        30454489696782344.     
  0.37333333333333335        1040092449286700.0     
  0.37666666666666671       -32324473202406104.     
  0.38000000000000000       -831743487837240.00     
  0.38333333333333336        34020670397315384.     
  0.38666666666666671        682199056653000.00     
  0.39000000000000001       -35500763140422220.     
  0.39333333333333337       -614333429121736.00     
  0.39666666666666667        36731407569059328.     
  0.40000000000000002        648751859463460.00     
  0.40333333333333338       -37691548923639936.     
  0.40666666666666668       -801356150888360.00     
  0.41000000000000003        38374869265470744.     
  0.41333333333333339        1080782222957688.0     
  0.41666666666666669       -38790865881140336.     
  0.42000000000000004       -1486084131693160.0     
  0.42333333333333334        38964209688060648.     
  0.42666666666666669        2005096572495660.0     
  0.43000000000000005       -38932272984560256.     
  0.43333333333333335       -2613885660157624.0     
  0.43666666666666670        38741002667965664.     
  0.44000000000000000        3277587580614016.0     
  0.44333333333333336       -38439593966955760.     
  0.44666666666666671       -3952747505699916.0     
  0.45000000000000001        38074635494698936.     
  0.45333333333333337        4591035893480420.0     
  0.45666666666666672       -37684505448931808.     
  0.46000000000000002       -5143977541822924.0     
  0.46333333333333337        37294778842062888.     
  0.46666666666666667        5568126437805844.0     
  0.47000000000000003       -36915260425915888.     
  0.47333333333333338       -5829997419509472.0     
  0.47666666666666668        36539015635001696.     
  0.48000000000000004        5910051343005504.0     
  0.48333333333333334       -36143478194813360.     
  0.48666666666666669       -5805132043534476.0     
  0.49000000000000005        35693421115382900.     
  0.49333333333333335        5528957996694872.0     
  0.49666666666666670       -35145336787215908.     
  0.50000000000000000       -5110547352520008.0     
  0.50333333333333341        34452617581720308.     
  0.50666666666666671        4590756816861600.0     
  0.51000000000000001       -33570877299117720.     
  0.51333333333333342       -4017392502336412.0     
  0.51666666666666672        32462802202400656.     
  0.52000000000000002        3439558183093572.0     
  0.52333333333333332       -31102047260899488.     
  0.52666666666666673       -2902009493116948.0     
  0.53000000000000003        29475866845699264.     
  0.53333333333333333        2440265945143476.0     
  0.53666666666666674       -27586354694043432.     
  0.54000000000000004       -2077101532020016.0     
  0.54333333333333333        25450334991475268.     
  0.54666666666666675        1820813943990522.0     
  0.55000000000000004       -23098073990638368.     
  0.55333333333333334       -1665401449858354.0     
  0.55666666666666675        20571060767820312.     
  0.56000000000000005        1592501465355404.0     
  0.56333333333333335       -17919138947364488.     
  0.56666666666666665       -1574710120766212.0     
  0.57000000000000006        15197269177292836.     
  0.57333333333333336        1579742233208826.0     
  0.57666666666666666       -12462179189731068.     
  0.58000000000000007       -1574824983735921.0     
  0.58333333333333337        9769127812025644.0     
  0.58666666666666667        1530747588036772.0     
  0.59000000000000008       -7168980095138642.0     
  0.59333333333333338       -1425098375650733.0     
  0.59666666666666668        4705765287651834.0     
  0.60000000000000009        1244383259273748.5     
  0.60333333333333339       -2414864410149109.5     
  0.60666666666666669       -984903438936775.75     
  0.60999999999999999        321942964769271.75     
  0.61333333333333340        652444283435069.12     
  0.61666666666666670        1557299872829670.2     
  0.62000000000000000       -260967038205646.00     
  0.62333333333333341       -3216554786467968.0     
  0.62666666666666671       -169414609623217.00     
  0.63000000000000000        4657562571852636.0     
  0.63333333333333341        614854399740458.50     
  0.63666666666666671       -5888156043829890.0     
  0.64000000000000001       -1050283153577281.0     
  0.64333333333333342        6919903121936264.0     
  0.64666666666666672        1451750683576528.0     
  0.65000000000000002       -7765624896070800.0     
  0.65333333333333332       -1798413395975374.0     
  0.65666666666666673        8437084585087109.0     
  0.66000000000000003        2074058283153536.0     
  0.66333333333333333       -8943126568981819.0     
  0.66666666666666674       -2268124195004974.0     
  0.67000000000000004        9288489367537796.0     
  0.67333333333333334        2376235094856545.0     
  0.67666666666666675       -9473429781819578.0     
  0.68000000000000005       -2400293101174003.0     
  0.68333333333333335        9494189982894414.0     
  0.68666666666666676        2348192153708321.0     
  0.69000000000000006       -9344230374466516.0     
  0.69333333333333336       -2233210955223892.0     
  0.69666666666666666        9016053585718024.0     
  0.70000000000000007        2073133859857419.0     
  0.70333333333333337       -8503371345508820.0     
  0.70666666666666667       -1889138604463232.0     
  0.71000000000000008        7803324573524026.0     
  0.71333333333333337        1704486710557249.0     
  0.71666666666666667       -6918461680447276.0     
  0.72000000000000008       -1543059435265273.0     
  0.72333333333333338        5858210571988758.0     
  0.72666666666666668        1427798950062038.0     
  0.73000000000000009       -4639642449460676.0     
  0.73333333333333339       -1379137188557427.0     
  0.73666666666666669        3287413365517481.0     
  0.74000000000000010        1413517582440751.0     
  0.74333333333333340       -1832872947084840.0     
  0.74666666666666670       -1542131279915817.8     
  0.75000000000000000        312436445658280.50     
  0.75333333333333341        1769994067246176.5     
  0.75666666666666671        1234587872527168.5     
  0.76000000000000001       -2095479769423961.5     
  0.76333333333333342       -2768453533498809.0     
  0.76666666666666672        2510399323504870.5     
  0.77000000000000002        4251417666239432.0     
  0.77333333333333343       -3000672909630043.0     
  0.77666666666666673       -5649886768595526.0     
  0.78000000000000003        3547588014320907.0     
  0.78333333333333344        6936039837024201.0     
  0.78666666666666674       -4129573129702696.5     
  0.79000000000000004       -8088793650615170.0     
  0.79333333333333333        4724350767302182.0     
  0.79666666666666675        9094084194876076.0     
  0.80000000000000004       -5311272447076416.0     
  0.80333333333333334       -9944543781399012.0     
  0.80666666666666675        5873592019322116.0     
  0.81000000000000005        10638734574065816.     
  0.81333333333333335       -6400412461039816.0     
  0.81666666666666676       -11180140993215084.     
  0.82000000000000006        6888053945971470.0     
  0.82333333333333336        11576120449282020.     
  0.82666666666666677       -7340641876620802.0     
  0.83000000000000007       -11836969419111516.     
  0.83333333333333337        7769800125557584.0     
  0.83666666666666667        11975194270721344.     
  0.84000000000000008       -8193446428517765.0     
  0.84333333333333338       -12005002312201464.     
  0.84666666666666668        8633806336214133.0     
  0.85000000000000009        11941966400827526.     
  0.85333333333333339       -9114868537571544.0     
  0.85666666666666669       -11802778793384320.     
  0.86000000000000010        9659578242853778.0     
  0.86333333333333340        11605001368896696.     
  0.86666666666666670       -10287093405587438.     
  0.87000000000000011       -11366736458434736.     
  0.87333333333333341        11010407200621510.     
  0.87666666666666671        11106176098978256.     
  0.88000000000000000       -11834576070713006.     
  0.88333333333333341       -10841026342382902.     
  0.88666666666666671        12755700834409376.     
  0.89000000000000001        10587837565098202.     
  0.89333333333333342       -13760707946294528.     
  0.89666666666666672       -10361295688342922.     
  0.90000000000000002        14827887240420956.     
  0.90333333333333343        10173541419421038.     
  0.90666666666666673       -15928074424467796.     
  0.91000000000000003       -10033586977531628.     
  0.91333333333333344        17026326804109936.     
  0.91666666666666674        9946895449062668.0     
  0.92000000000000004       -18083927407552832.     
  0.92333333333333334       -9915179317881496.0     
  0.92666666666666675        19060558830957036.     
  0.93000000000000005        9936462243626966.0     
  0.93333333333333335       -19916504731282944.     
  0.93666666666666676       -10005430323113590.     
  0.94000000000000006        20614756101208288.     
  0.94333333333333336        10114073719285744.     
  0.94666666666666677       -21122916659508592.     
  0.95000000000000007       -10252585725717414.     
  0.95333333333333337        21414816096773624.     
  0.95666666666666678        10410445969120596.     
  0.96000000000000008       -21471753781573380.     
  0.96333333333333337       -10577573111286202.     
  0.96666666666666667        21283312496291788.     
  0.97000000000000008        10745398813632448.     
  0.97333333333333338       -20847705046392920.     
  0.97666666666666668       -10907698938395250.     
  0.98000000000000009        20171647524777964.     
  0.98333333333333339        11061028740216956.     
  0.98666666666666669       -19269790361068872.     
  0.99000000000000010       -11204650796929964.     
  0.99333333333333340        18163778150859584.     
  0.99666666666666670        11339915999215308.     
