   0.0000000000000000      -0.28889620626838786     
   3.3333333333333335E-003 -0.37554542590232398     
   6.6666666666666671E-003 -0.58825298124754133     
   1.0000000000000000E-002 -0.55404571867557140     
   1.3333333333333334E-002 -0.38924323668942507     
   1.6666666666666666E-002 -0.44305809830285792     
   2.0000000000000000E-002 -0.62898920101205746     
   2.3333333333333334E-002 -0.62814041415001143     
   2.6666666666666668E-002 -0.49602577172066081     
   3.0000000000000002E-002 -0.51492896127218024     
   3.3333333333333333E-002 -0.65940203642172235     
   3.6666666666666667E-002 -0.68882624834801887     
   4.0000000000000001E-002 -0.60122082963635892     
   4.3333333333333335E-002 -0.59238645226533093     
   4.6666666666666669E-002 -0.68764939485774867     
   5.0000000000000003E-002 -0.73658677836017061     
   5.3333333333333337E-002 -0.69547473871450372     
   5.6666666666666671E-002 -0.67157509091096435     
   6.0000000000000005E-002 -0.72158606192525132     
   6.3333333333333339E-002 -0.77631932491552014     
   6.6666666666666666E-002 -0.77138060662760033     
   7.0000000000000007E-002 -0.74541192552379165     
   7.3333333333333334E-002 -0.76574939989200175     
   7.6666666666666675E-002 -0.81483048557750415     
   8.0000000000000002E-002 -0.82612093359759453     
   8.3333333333333343E-002 -0.80659283466430476     
   8.6666666666666670E-002 -0.81935771390606182     
   9.0000000000000011E-002 -0.85738796248231586     
   9.3333333333333338E-002 -0.86244020338181071     
   9.6666666666666679E-002 -0.85132222521667078     
  0.10000000000000001      -0.87676707503424289     
  0.10333333333333335      -0.90420271531232366     
  0.10666666666666667      -0.88662439925072056     
  0.11000000000000000      -0.88184603927773397     
  0.11333333333333334      -0.93079148005028089     
  0.11666666666666667      -0.94973233005811752     
  0.12000000000000001      -0.90458527316208281     
  0.12333333333333334      -0.90479922959918246     
  0.12666666666666668      -0.97630901329616249     
  0.13000000000000000      -0.98657101143993498     
  0.13333333333333333      -0.91938477885528136     
  0.13666666666666669      -0.92593911010898078     
  0.14000000000000001       -1.0111992789166560     
  0.14333333333333334       -1.0107357863433140     
  0.14666666666666667      -0.93173225003405802     
  0.15000000000000002      -0.94626724640796001     
  0.15333333333333335       -1.0349596393558562     
  0.15666666666666668       -1.0231698025735729     
  0.16000000000000000      -0.94155821819339724     
  0.16333333333333333      -0.96309682576948663     
  0.16666666666666669       -1.0475039938357678     
  0.17000000000000001       -1.0267319661227834     
  0.17333333333333334      -0.94863176135016247     
  0.17666666666666667      -0.97384918730440972     
  0.18000000000000002       -1.0490059939070773     
  0.18333333333333335       -1.0228732358564245     
  0.18666666666666668      -0.95256331650279202     
  0.19000000000000000      -0.97798264212946195     
  0.19333333333333336       -1.0398009833905066     
  0.19666666666666668       -1.0114526459177366     
  0.20000000000000001      -0.95304558400654726     
  0.20333333333333334      -0.97567770825258493     
  0.20666666666666669       -1.0201706363986176     
  0.21000000000000002      -0.99288822408240396     
  0.21333333333333335      -0.94979432589134993     
  0.21666666666666667      -0.96567565256176113     
  0.22000000000000000      -0.99083015509927297     
  0.22333333333333336      -0.96958716497773434     
  0.22666666666666668      -0.94169871793923488     
  0.23000000000000001      -0.94505878513464669     
  0.23333333333333334      -0.95385083520234470     
  0.23666666666666669      -0.94482912426379895     
  0.24000000000000002      -0.92621748320445629     
  0.24333333333333335      -0.91145378896248219     
  0.24666666666666667      -0.91261709782279210     
  0.25000000000000000      -0.92003250671503400     
  0.25333333333333335      -0.90017629499210150     
  0.25666666666666671      -0.86555194237508915     
  0.26000000000000001      -0.87042428560142726     
  0.26333333333333336      -0.89317818674529526     
  0.26666666666666666      -0.86141789212261854     
  0.27000000000000002      -0.81120866374054013     
  0.27333333333333337      -0.82897698115514507     
  0.27666666666666667      -0.86033966865426748     
  0.28000000000000003      -0.80985591416001967     
  0.28333333333333333      -0.75255510887517418     
  0.28666666666666668      -0.78787032511109623     
  0.29000000000000004      -0.81926491273541657     
  0.29333333333333333      -0.74754009340408811     
  0.29666666666666669      -0.69058122990041948     
  0.30000000000000004      -0.74480417985839842     
  0.30333333333333334      -0.77178496408915953     
  0.30666666666666670      -0.67826848830258013     
  0.31000000000000000      -0.62229885954763631     
  0.31333333333333335      -0.69614918379849144     
  0.31666666666666671      -0.72291109899793271     
  0.32000000000000001      -0.60671130429565734     
  0.32333333333333336      -0.54309952188321808     
  0.32666666666666666      -0.63825099500049787     
  0.33000000000000002      -0.67760632794567066     
  0.33333333333333337      -0.53665981849663213     
  0.33666666666666667      -0.45012838266435484     
  0.34000000000000002      -0.56942437717184657     
  0.34333333333333338      -0.63787919714068742     
  0.34666666666666668      -0.46916045039910503     
  0.35000000000000003      -0.34431599827802384     
  0.35333333333333333      -0.49120831476540955     
  0.35666666666666669      -0.60174778827063125     
  0.36000000000000004      -0.40225625303599377     
  0.36333333333333334      -0.23046528654801821     
  0.36666666666666670      -0.40744637745492107     
  0.37000000000000005      -0.56394698667111065     
  0.37333333333333335      -0.33291276239239126     
  0.37666666666666671      -0.11587024786646158     
  0.38000000000000000      -0.32181662987180026     
  0.38333333333333336      -0.51786801815801442     
  0.38666666666666671      -0.25935286131649798     
  0.39000000000000001       -7.9111730720932139E-003
  0.39333333333333337      -0.23625668755444013     
  0.39666666666666667      -0.45823941918899225     
  0.40000000000000002      -0.18147116104336800     
  0.40333333333333338        8.8642465055548680E-002
  0.40666666666666668      -0.15168001680369383     
  0.41000000000000003      -0.38347181923518592     
  0.41333333333333339       -9.9383909038652643E-002
  0.41666666666666669       0.17328088790202578     
  0.42000000000000004       -6.9491790609204601E-002
  0.42333333333333334      -0.29631660864133785     
  0.42666666666666669       -1.2479130849522624E-002
  0.43000000000000005       0.24930508983553495     
  0.43333333333333335        8.4616826446599763E-003
  0.43666666666666670      -0.20233272476273845     
  0.44000000000000000        7.9474528364619934E-002
  0.44333333333333336       0.32143789688574564     
  0.44666666666666671        8.1824663322018210E-002
  0.45000000000000001      -0.10699943996231892     
  0.45333333333333337       0.17405905174024938     
  0.45666666666666672       0.39296556632611390     
  0.46000000000000002       0.15379060244842252     
  0.46333333333333337       -1.3455037196430431E-002
  0.46666666666666667       0.26494379593978012     
  0.47000000000000003       0.46462094059722397     
  0.47333333333333338       0.23106986423906528     
  0.47666666666666668        7.7200363260248706E-002
  0.48000000000000004       0.34362727735390841     
  0.48333333333333334       0.53619532966803907     
  0.48666666666666669       0.32028952248119485     
  0.49000000000000005       0.16361604556455639     
  0.49333333333333335       0.40469513026599546     
  0.49666666666666670       0.60854253108781198     
  0.50000000000000000       0.42181544682251881     
  0.50333333333333341       0.24349689644691189     
  0.50666666666666671       0.45170484484356033     
  0.51000000000000001       0.68236586939928845     
  0.51333333333333342       0.52572664469111241     
  0.51666666666666672       0.31661624535077060     
  0.52000000000000002       0.49787657254383533     
  0.52333333333333332       0.75434535640659151     
  0.52666666666666673       0.61541950138890833     
  0.53000000000000003       0.38811677332484362     
  0.53333333333333333       0.55825101613878458     
  0.53666666666666674       0.81586073920453828     
  0.54000000000000004       0.67846277879064021     
  0.54333333333333333       0.46691484971317837     
  0.54666666666666675       0.63812122490509160     
  0.55000000000000004       0.85742017052846797     
  0.55333333333333334       0.71610102311819035     
  0.55666666666666675       0.55940318668060929     
  0.56000000000000005       0.72811156697694024     
  0.56333333333333335       0.87534825629763902     
  0.56666666666666665       0.74219143375687224     
  0.57000000000000006       0.66391437085736160     
  0.57333333333333336       0.81105699811283460     
  0.57666666666666666       0.87504346493417628     
  0.58000000000000007       0.77229784130555434     
  0.58333333333333337       0.77030721725537421     
  0.58666666666666667       0.87412055159267721     
  0.59000000000000008       0.86856640332707191     
  0.59333333333333338       0.81334614252270465     
  0.59666666666666668       0.86479575557795796     
  0.60000000000000009       0.91518687290687539     
  0.60333333333333339       0.86811072452968951     
  0.60666666666666669       0.86200228613897312     
  0.60999999999999999       0.93724458867206029     
  0.61333333333333340       0.94034373385414960     
  0.61666666666666670       0.87911603892841494     
  0.62000000000000000       0.90976029918609980     
  0.62333333333333341       0.98636909668072470     
  0.62666666666666671       0.95802939419646571     
  0.63000000000000000       0.89792374640672323     
  0.63333333333333341       0.94822779570367866     
  0.63666666666666671        1.0185691331489977     
  0.64000000000000001       0.97488915806922805     
  0.64333333333333342       0.91629117379637415     
  0.64666666666666672       0.97222521827022623     
  0.65000000000000002        1.0411822027312125     
  0.65333333333333332       0.99338805361287885     
  0.65666666666666673       0.92857790487985981     
  0.66000000000000003       0.98162187424275893     
  0.66333333333333333        1.0567991072237559     
  0.66666666666666674        1.0107697029315115     
  0.67000000000000004       0.93451809359441496     
  0.67333333333333334       0.98107266433812745     
  0.67666666666666675        1.0638221640470953     
  0.68000000000000005        1.0210629248807557     
  0.68333333333333335       0.93601926613457742     
  0.68666666666666676       0.97629728157616313     
  0.69000000000000006        1.0608495460510179     
  0.69333333333333336        1.0198480818286786     
  0.69666666666666666       0.93325943503268216     
  0.70000000000000007       0.96945961150987570     
  0.70333333333333337        1.0488256989173406     
  0.70666666666666667        1.0074264293213753     
  0.71000000000000008       0.92479795024078126     
  0.71333333333333337       0.95837586194440294     
  0.71666666666666667        1.0289906294416953     
  0.72000000000000008       0.98706742263201086     
  0.72333333333333338       0.91062555866375461     
  0.72666666666666668       0.94013099959442947     
  0.73000000000000009        1.0000257037315123     
  0.73333333333333339       0.96081433940193861     
  0.73666666666666669       0.89375465613173788     
  0.74000000000000010       0.91442648697285667     
  0.74333333333333340       0.95835091029945829     
  0.74666666666666670       0.92802391121086436     
  0.75000000000000000       0.87801827987928249     
  0.75333333333333341       0.88284279885814487     
  0.75666666666666671       0.90162998110969572     
  0.76000000000000001       0.88779959733602354     
  0.76333333333333342       0.86427197660226296     
  0.76666666666666672       0.84577275482883185     
  0.77000000000000002       0.83175493675601686     
  0.77333333333333343       0.84148742346763350     
  0.77666666666666673       0.84903141117310943     
  0.78000000000000003       0.80136111537860322     
  0.78333333333333344       0.75432262914186710     
  0.78666666666666674       0.79204965219771817     
  0.79000000000000004       0.82652513297266972     
  0.79333333333333333       0.74740507939198830     
  0.79666666666666675       0.67580842941425712     
  0.80000000000000004       0.74169579702566635     
  0.80333333333333334       0.79145186936856127     
  0.80666666666666675       0.68334192414501338     
  0.81000000000000005       0.60144554672090766     
  0.81333333333333335       0.69079853714597272     
  0.81666666666666676       0.74030356574692613     
  0.82000000000000006       0.61034529608820043     
  0.82333333333333336       0.53446730891976768     
  0.82666666666666677       0.63847834117402036     
  0.83000000000000007       0.67193138096610028     
  0.83333333333333337       0.53047717544752548     
  0.83666666666666667       0.47542445891872820     
  0.84000000000000008       0.58339108188429600     
  0.84333333333333338       0.58838156823574783     
  0.84666666666666668       0.44602088341201018     
  0.85000000000000009       0.42140172629362377     
  0.85333333333333339       0.52438584732365023     
  0.85666666666666669       0.49524500678785432     
  0.86000000000000010       0.35866536577716235     
  0.86333333333333340       0.36643457169475413     
  0.86666666666666670       0.46147429011599406     
  0.87000000000000011       0.40029201893192007     
  0.87333333333333341       0.26858806684095443     
  0.87666666666666671       0.30373111891900145     
  0.88000000000000000       0.39629434651353374     
  0.88333333333333341       0.31067484318262112     
  0.88666666666666671       0.17480712093954676     
  0.89000000000000001       0.22862135939873698     
  0.89333333333333342       0.33077419903202637     
  0.89666666666666672       0.23021393508336113     
  0.90000000000000002        7.7272066312725263E-002
  0.90333333333333343       0.14070997571677385     
  0.90666666666666673       0.26485086586759349     
  0.91000000000000003       0.15799337763427398     
  0.91333333333333344       -2.1455615482009388E-002
  0.91666666666666674        4.4381331974054028E-002
  0.92000000000000004       0.19606735280356841     
  0.92333333333333334        8.8860013004916902E-002
  0.92666666666666675      -0.11741470825510077     
  0.93000000000000005       -5.2832290394728851E-002
  0.93333333333333335       0.12215852609269762     
  0.93666666666666676        1.6212379134239202E-002
  0.94000000000000006      -0.20846562950040298     
  0.94333333333333336      -0.14406469773748809     
  0.94666666666666677        4.3830550436627175E-002
  0.95000000000000007       -6.3621219463511097E-002
  0.95333333333333337      -0.29563422483534119     
  0.95666666666666678      -0.22731373192844723     
  0.96000000000000008       -3.5938141286167485E-002
  0.96333333333333337      -0.14833743469502894     
  0.96666666666666667      -0.38045774785320113     
  0.97000000000000008      -0.30645321454027624     
  0.97333333333333338      -0.11576831938407406     
  0.97666666666666668      -0.23121912884643403     
  0.98000000000000009      -0.46112789060503045     
  0.98333333333333339      -0.38722132522785158     
  0.98666666666666669      -0.19845611997833409     
  0.99000000000000010      -0.30679820483058928     
  0.99333333333333340      -0.53212968408853856     
  0.99666666666666670      -0.47128559790356161     
