   0.0000000000000000       -9815137309.8767242     
   3.3333333333333335E-003   8255961722.5645876     
   6.6666666666666671E-003   9550777673.3656998     
   1.0000000000000000E-002  -7318510559.6693096     
   1.3333333333333334E-002  -9266001348.0144730     
   1.6666666666666666E-002   6294317609.4079113     
   2.0000000000000000E-002   8965434342.2828064     
   2.3333333333333334E-002  -5199907703.3474045     
   2.6666666666666668E-002  -8649155680.3488846     
   3.0000000000000002E-002   4058834840.7213926     
   3.3333333333333333E-002   8313365224.5878220     
   3.6666666666666667E-002  -2902586122.5552001     
   4.0000000000000001E-002  -7951986412.0032558     
   4.3333333333333335E-002   1770174405.1645951     
   4.6666666666666669E-002   7558919061.9327621     
   5.0000000000000003E-002  -706202806.48138380     
   5.3333333333333337E-002  -7130504260.3627243     
   5.6666666666666671E-002  -242510005.41872311     
   6.0000000000000005E-002   6667695131.0177288     
   6.3333333333333339E-002   1031339830.4030123     
   6.6666666666666666E-002  -6177461635.2857780     
   7.0000000000000007E-002  -1622649307.6952801     
   7.3333333333333334E-002   5673090719.8879070     
   7.6666666666666675E-002   1990190404.4502764     
   8.0000000000000002E-002  -5173247541.8089399     
   8.3333333333333343E-002  -2122385688.4416971     
   8.6666666666666670E-002   4699898252.9367905     
   9.0000000000000011E-002   2023949769.4985299     
   9.3333333333333338E-002  -4275412202.7137046     
   9.6666666666666679E-002  -1715608861.9202633     
  0.10000000000000001        3919321084.1511078     
  0.10333333333333335        1232007006.5198169     
  0.10666666666666667       -3645285900.8448734     
  0.11000000000000000       -618177219.67309046     
  0.11333333333333334        3458800092.6261358     
  0.11666666666666667       -74851776.155282974     
  0.12000000000000001       -3356044295.6672735     
  0.12333333333333334        794675830.85748267     
  0.12666666666666668        3324125810.0238953     
  0.13000000000000000       -1491777955.4103093     
  0.13333333333333333       -3342712288.0118923     
  0.13666666666666669        2122990215.3607593     
  0.14000000000000001        3386839487.3373275     
  0.14333333333333334       -2653897782.9372416     
  0.14666666666666667       -3430472269.1010423     
  0.15000000000000002        3060115714.2516603     
  0.15333333333333335        3450260790.3528318     
  0.15666666666666668       -3327525843.8858690     
  0.16000000000000000       -3428886353.3115635     
  0.16333333333333333        3451670423.7041283     
  0.16666666666666669        3357448820.1184554     
  0.17000000000000001       -3436555701.9062538     
  0.17333333333333334       -3236505937.6983433     
  0.17666666666666667        3293127014.3417902     
  0.18000000000000002        3075610687.4277554     
  0.18333333333333335       -3037644678.8912606     
  0.18666666666666668       -2891462160.0053549     
  0.19000000000000000        2690127987.0311909     
  0.19333333333333336        2705034661.9246049     
  0.19666666666666668       -2272955473.1665559     
  0.20000000000000001       -2538225573.7281580     
  0.20333333333333334        1809630205.8557315     
  0.20666666666666669        2410627984.4824390     
  0.21000000000000002       -1323657206.8951139     
  0.21333333333333335       -2336977559.7091875     
  0.21666666666666667        837453403.04623973     
  0.22000000000000000        2325662600.2618580     
  0.22333333333333336       -371227730.05214834     
  0.22666666666666668       -2378463025.9785328     
  0.23000000000000001       -58172875.143414021     
  0.23333333333333334        2491451108.8213778     
  0.23666666666666669        438374526.81234956     
  0.24000000000000002       -2656793055.7425327     
  0.24333333333333335       -762390662.04947305     
  0.24666666666666667        2865069188.9611349     
  0.25000000000000000        1029143840.1074178     
  0.25333333333333335       -3107692410.8835821     
  0.25666666666666671       -1243414328.0724931     
  0.26000000000000001        3379040671.4131265     
  0.26333333333333336        1415111982.9850950     
  0.26666666666666666       -3678006909.7452140     
  0.27000000000000002       -1557893024.7067051     
  0.27333333333333337        4008783355.6045175     
  0.27666666666666667        1687285267.2635188     
  0.28000000000000003       -4380813973.7138176     
  0.28333333333333333       -1818605865.7623148     
  0.28666666666666668        4807954463.6533270     
  0.29000000000000004        1965020009.4885678     
  0.29333333333333333       -5306966285.0138083     
  0.29666666666666669       -2136076850.6949415     
  0.30000000000000004        5895536580.4511375     
  0.30333333333333334        2336969193.1542501     
  0.30666666666666670       -6590058388.5490303     
  0.31000000000000000       -2568614981.0437593     
  0.31333333333333335        7403423203.9272470     
  0.31666666666666671        2828484358.0576267     
  0.32000000000000001       -8343069117.3272533     
  0.32333333333333336       -3111935945.3781986     
  0.32666666666666666        9409491395.2838974     
  0.33000000000000002        3413716807.9602985     
  0.33333333333333337       -10595361160.957428     
  0.33666666666666667       -3729249553.7003098     
  0.34000000000000002        11885318218.419121     
  0.34333333333333338        4055387422.7260113     
  0.34666666666666668       -13256418072.451351     
  0.35000000000000003       -4390456064.4754143     
  0.35333333333333333        14679135558.367245     
  0.35666666666666669        4733590838.2663250     
  0.36000000000000004       -16118774810.521500     
  0.36333333333333334       -5083578514.8630066     
  0.36666666666666670        17537119759.344772     
  0.37000000000000005        5437571269.6492424     
  0.37333333333333335       -18894186239.217770     
  0.37666666666666671       -5790113145.5496368     
  0.38000000000000000        20149998229.854527     
  0.38333333333333336        6132874728.0618935     
  0.38666666666666671       -21266387220.462971     
  0.39000000000000001       -6455329855.3276711     
  0.39333333333333337        22208874795.311127     
  0.39666666666666667        6746359431.4318333     
  0.40000000000000002       -22948714011.227730     
  0.40333333333333338       -6996492560.6648197     
  0.40666666666666668        23465113042.102318     
  0.41000000000000003        7200268386.0700264     
  0.41333333333333339       -23747544914.170082     
  0.41666666666666669       -7358093352.8428097     
  0.42000000000000004        23797884335.144577     
  0.42333333333333334        7477019830.5457001     
  0.42666666666666669       -23631955867.455093     
  0.43000000000000005       -7570084454.6954308     
  0.43333333333333335        23279985885.034157     
  0.43666666666666670        7654172227.7656860     
  0.44000000000000000       -22785477609.071220     
  0.44333333333333336       -7746735826.1511536     
  0.44666666666666671        22202200041.031525     
  0.45000000000000001        7862003541.6199741     
  0.45333333333333337       -21589286452.039940     
  0.45666666666666672       -8007473141.1050568     
  0.46000000000000002        21004821614.387230     
  0.46333333333333337        8181465839.4466686     
  0.46666666666666667       -20498675582.727001     
  0.47000000000000003       -8372308210.4885120     
  0.47333333333333338        20105620076.196911     
  0.47666666666666668        8559369245.1599503     
  0.48000000000000004       -19839863192.152813     
  0.48333333333333334       -8715788735.8871269     
  0.48666666666666669        19692016644.033726     
  0.49000000000000005        8812383566.0450916     
  0.49333333333333335       -19629176365.659782     
  0.49666666666666670       -8821989979.9386578     
  0.50000000000000000        19598309019.906189     
  0.50333333333333341        8723437275.6982117     
  0.50666666666666671       -19532588740.102959     
  0.51000000000000001       -8504456850.7016754     
  0.51333333333333342        19359827472.443184     
  0.51666666666666672        8163074328.0035667     
  0.52000000000000002       -19011787266.087753     
  0.52333333333333332       -7707350554.3863182     
  0.52666666666666673        18433018924.060669     
  0.53000000000000003        7153656019.2037048     
  0.53333333333333333       -17587961698.038696     
  0.53666666666666674       -6523917822.1899796     
  0.54000000000000004        16465338172.709278     
  0.54333333333333333        5842421920.3183994     
  0.54666666666666675       -15079325971.723614     
  0.55000000000000004       -5132768745.7254601     
  0.55333333333333334        13467497025.966343     
  0.55666666666666675        4415476412.6452942     
  0.56000000000000005       -11685996265.607933     
  0.56333333333333335       -3706536895.0581284     
  0.56666666666666665        9802804973.6393700     
  0.57000000000000006        3017003376.9775171     
  0.57333333333333336       -7890146674.5423431     
  0.57666666666666666       -2353473488.3526821     
  0.58000000000000007        6017122381.2948246     
  0.58333333333333337        1719176260.6520348     
  0.58666666666666667       -4243519218.6897135     
  0.59000000000000008       -1115299275.1928849     
  0.59333333333333338        2615460378.5278063     
  0.59666666666666668        542212586.60665894     
  0.60000000000000009       -1163214949.9365597     
  0.60333333333333339       -343594.56334382296     
  0.60666666666666669       -98870502.584727854     
  0.60999999999999999       -509401093.94302481     
  0.61333333333333340        1170657419.6708663     
  0.61666666666666670        985624931.61306572     
  0.62000000000000000       -2063255824.3026423     
  0.62333333333333341       -1426689935.7450051     
  0.62666666666666671        2795433096.0184202     
  0.63000000000000000        1831023810.1492381     
  0.63333333333333341       -3389961360.3328390     
  0.63666666666666671       -2197305111.3372521     
  0.64000000000000001        3870342828.6438618     
  0.64333333333333342        2524420352.0845366     
  0.64666666666666672       -4258179231.9280791     
  0.65000000000000002       -2811188191.2824936     
  0.65333333333333332        4571283634.9363527     
  0.65666666666666673        3055940208.9759169     
  0.66000000000000003       -4822508565.2543573     
  0.66333333333333333       -3256108965.4081445     
  0.66666666666666674        5019200226.3024731     
  0.67000000000000004        3407988194.0607285     
  0.67333333333333334       -5163179640.1170273     
  0.67666666666666675       -3506799668.3693981     
  0.68000000000000005        5251174078.7461262     
  0.68333333333333335        3547139171.2807369     
  0.68666666666666676       -5275646864.7793331     
  0.69000000000000006       -3523797812.8917637     
  0.69333333333333336        5225976722.0120754     
  0.69666666666666666        3432878926.2660093     
  0.70000000000000007       -5089912433.1811295     
  0.70333333333333337       -3273064773.9948168     
  0.70666666666666667        4855185054.0210171     
  0.71000000000000008        3046836573.4842596     
  0.71333333333333337       -4511121731.9814796     
  0.71666666666666667       -2761422023.5132413     
  0.72000000000000008        4050095394.5113897     
  0.72333333333333338        2429244937.6296587     
  0.72666666666666668       -3468675259.4904027     
  0.73000000000000009       -2067692462.8428473     
  0.73333333333333339        2768407227.5385265     
  0.73666666666666669        1698103194.6074271     
  0.74000000000000010       -1956227449.9407785     
  0.74333333333333340       -1344010292.4533517     
  0.74666666666666670        1044566436.1891258     
  0.75000000000000000        1028827355.5335577     
  0.75333333333333341       -51212350.710171342     
  0.75666666666666671       -773307062.94574201     
  0.76000000000000001       -1001033324.3954468     
  0.76333333333333342        593193105.98682451     
  0.76666666666666672        2084938312.2160990     
  0.77000000000000002       -497491943.46996593     
  0.77333333333333343       -3169748553.2410479     
  0.77666666666666673        487699931.03098392     
  0.78000000000000003        4222528003.6055102     
  0.78333333333333344       -558148126.32519436     
  0.78666666666666674       -5209986087.5671225     
  0.79000000000000004        697411280.22367191     
  0.79333333333333333        6100742298.7585335     
  0.79666666666666675       -890522085.26639128     
  0.80000000000000004       -6867839046.4277697     
  0.80333333333333334        1121586974.3282080     
  0.80666666666666675        7491189867.6917067     
  0.81000000000000005       -1376347334.6842866     
  0.81333333333333335       -7959585455.1423750     
  0.81666666666666676        1644275233.9142528     
  0.82000000000000006        8271903398.4226055     
  0.82333333333333336       -1919914119.5128574     
  0.82666666666666677       -8437280218.9935284     
  0.83000000000000007        2203334464.9335561     
  0.83333333333333337        8474180231.5181637     
  0.83666666666666667       -2499729764.3777056     
  0.84000000000000008       -8408489369.5809851     
  0.84333333333333338        2818297708.7457485     
  0.84666666666666668        8270924575.9312477     
  0.85000000000000009       -3170619305.3248701     
  0.85333333333333339       -8094142153.2581558     
  0.85666666666666669        3568768604.8230562     
  0.86000000000000010        7909935802.7816048     
  0.86333333333333340       -4023372270.6219778     
  0.86666666666666670       -7746844486.7307215     
  0.87000000000000011        4541810603.5779743     
  0.87333333333333341        7628369802.2076664     
  0.87666666666666671       -5126722749.7576170     
  0.88000000000000000       -7571868131.0617733     
  0.88333333333333341        5774953390.9386559     
  0.88666666666666671        7588069095.4609241     
  0.89000000000000001       -6477050813.3655090     
  0.89333333333333342       -7681100529.9318247     
  0.89666666666666672        7217388798.9566574     
  0.90000000000000002        7848878724.6930037     
  0.90333333333333343       -7974930044.5451174     
  0.90666666666666673       -8083742482.6417007     
  0.91000000000000003        8724578206.8950157     
  0.91333333333333344        8373253920.0853043     
  0.91666666666666674       -9438987490.6745491     
  0.92000000000000004       -8701136663.7754860     
  0.92333333333333334        10090628775.568638     
  0.92666666666666675        9048356365.2460918     
  0.93000000000000005       -10653864702.948360     
  0.93333333333333335       -9394357370.0726376     
  0.93666666666666676        11106775569.427040     
  0.94000000000000006        9718450808.0919094     
  0.94333333333333336       -11432506904.871590     
  0.94666666666666677       -10001307013.274240     
  0.95000000000000007        11619976012.710112     
  0.95333333333333337        10226450764.450434     
  0.95666666666666678       -11663868589.436272     
  0.96000000000000008       -10381605401.297523     
  0.96333333333333337        11563966338.187187     
  0.96666666666666667        10459698985.786118     
  0.97000000000000008       -11323957047.890467     
  0.97333333333333338       -10459346389.614021     
  0.97666666666666668        10949975273.489098     
  0.98000000000000009        10384666082.679436     
  0.98333333333333339       -10449186527.674238     
  0.98666666666666669       -10244378977.408283     
  0.99000000000000010        9828744534.4717484     
  0.99333333333333340        10050258948.482582     
  0.99666666666666670       -9095404545.1077538     
