   0.0000000000000000        33374665917442284.     
   3.3333333333333335E-003   31579782888469896.     
   6.6666666666666671E-003  -30153917667798984.     
   1.0000000000000000E-002  -31333642177720400.     
   1.3333333333333334E-002   26692680163014048.     
   1.6666666666666666E-002   31042957874243516.     
   2.0000000000000000E-002  -23074778351575720.     
   2.3333333333333334E-002  -30712481729342152.     
   2.6666666666666668E-002   19387348383571692.     
   3.0000000000000002E-002   30338037962388452.     
   3.3333333333333333E-002  -15719311411416216.     
   3.6666666666666667E-002  -29905840660507404.     
   4.0000000000000001E-002   12160109564439686.     
   4.3333333333333335E-002   29393640739338152.     
   4.6666666666666669E-002  -8798462358682234.0     
   5.0000000000000003E-002  -28773662476450588.     
   5.3333333333333337E-002   5720827910093144.0     
   5.6666666666666671E-002   28016963046636136.     
   6.0000000000000005E-002  -3009251227076058.0     
   6.3333333333333339E-002  -27098565979538916.     
   6.6666666666666666E-002   738368365085368.00     
   7.0000000000000007E-002   26002539870557608.     
   7.3333333333333334E-002   1028491039091638.0     
   7.6666666666666675E-002  -24726158671657612.     
   8.0000000000000002E-002  -2243922629468032.0     
   8.3333333333333343E-002   23282403647265640.     
   8.6666666666666670E-002   2881349234514198.0     
   9.0000000000000011E-002  -21700331587186076.     
   9.3333333333333338E-002  -2939545269544248.0     
   9.6666666666666679E-002   20023191359980468.     
  0.10000000000000001        2445993907835878.0     
  0.10333333333333335       -18304553267703432.     
  0.10666666666666667       -1458294881780966.0     
  0.11000000000000000        16603048896187744.     
  0.11333333333333334        63003538592928.000     
  0.11666666666666667       -14976539324324012.     
  0.12000000000000001        1628414040970000.0     
  0.12333333333333334        13476596660366948.     
  0.12666666666666668       -3486424604584020.0     
  0.13000000000000000       -12144090063397250.     
  0.13333333333333333        5372556208566134.0     
  0.13666666666666669        11006437733556672.     
  0.14000000000000001       -7149918557513282.0     
  0.14333333333333334       -10076772069669536.     
  0.14666666666666667        8693962270760873.0     
  0.15000000000000002        9354931533317478.0     
  0.15333333333333335       -9902232546220074.0     
  0.15666666666666668       -8829904387498350.0     
  0.16000000000000000        10701967637971828.     
  0.16333333333333333        8483157136902982.0     
  0.16666666666666669       -11054659288219186.     
  0.17000000000000001       -8292211781757534.0     
  0.17333333333333334        10957087198332144.     
  0.17666666666666667        8233891875879470.0     
  0.18000000000000002       -10438799699251864.     
  0.18333333333333335       -8286814518835195.0     
  0.18666666666666668        9556467181439128.0     
  0.19000000000000000        8432923072983314.0     
  0.19333333333333336       -8385916887318132.0     
  0.19666666666666668       -8658084888439118.0     
  0.20000000000000001        7012914728155761.0     
  0.20333333333333334        8951972869709111.0     
  0.20666666666666669       -5523860166242531.0     
  0.21000000000000002       -9307572970687450.0     
  0.21333333333333335        3997496527291807.0     
  0.21666666666666667        9720691662749982.0     
  0.22000000000000000       -2498528242283536.5     
  0.22333333333333336       -10189777229866608.     
  0.22666666666666668        1073716241329085.0     
  0.23000000000000001        10716234160081600.     
  0.23333333333333334        249354450894261.00     
  0.23666666666666669       -11305233588629282.     
  0.24000000000000002       -1461016044248402.0     
  0.24333333333333335        11966845859195722.     
  0.24666666666666667        2566266708830062.0     
  0.25000000000000000       -12717185147519028.     
  0.25333333333333335       -3580240924158849.0     
  0.25666666666666671        13579193388859498.     
  0.26000000000000001        4523205040990710.0     
  0.26333333333333336       -14582717747741338.     
  0.26666666666666666       -5415842119040614.0     
  0.27000000000000002        15763647895662078.     
  0.27333333333333337        6275440612407954.0     
  0.27666666666666667       -17162050909149812.     
  0.28000000000000003       -7113377537274048.0     
  0.28333333333333333        18819431730230360.     
  0.28666666666666668        7934032958816490.0     
  0.29000000000000004       -20775409438148952.     
  0.29333333333333333       -8735034126502048.0     
  0.29666666666666669        23064194446229648.     
  0.30000000000000004        9508542337713578.0     
  0.30333333333333334       -25711257612716404.     
  0.30666666666666670       -10243188664663372.     
  0.31000000000000000        28730502543811860.     
  0.31333333333333335        10926245022367968.     
  0.31666666666666671       -32122115412637424.     
  0.32000000000000001       -11545677130376296.     
  0.32333333333333336        35871118150506376.     
  0.32666666666666666        12091843609788952.     
  0.33000000000000002       -39946540581133328.     
  0.33333333333333337       -12558748257232360.     
  0.33666666666666667        44301092975707488.     
  0.34000000000000002        12944883650359680.     
  0.34333333333333338       -48871275755823328.     
  0.34666666666666668       -13253790034737504.     
  0.35000000000000003        53577989552430064.     
  0.35333333333333333        13494471251709856.     
  0.35666666666666669       -58327860119837264.     
  0.36000000000000004       -13681754073309784.     
  0.36333333333333334        63015606118893280.     
  0.36666666666666670        13836564172774296.     
  0.37000000000000005       -67527793152003944.     
  0.37333333333333335       -13985955532793368.     
  0.37666666666666671        71748196021747456.     
  0.38000000000000000        14162616658950080.     
  0.38333333333333336       -75564730996096000.     
  0.38666666666666671       -14403533001398216.     
  0.39000000000000001        78877561039058400.     
  0.39333333333333337        14747543756745544.     
  0.39666666666666667       -81607595611126416.     
  0.40000000000000002       -15231701275499800.     
  0.40333333333333338        83704297924219312.     
  0.40666666666666668        15886600533909896.     
  0.41000000000000003       -85151567108260256.     
  0.41333333333333339       -16731143751059752.     
  0.41666666666666669        85970542633983904.     
  0.42000000000000004        17767471847568520.     
  0.42333333333333334       -86218498720714240.     
  0.42666666666666669       -18976958089755328.     
  0.43000000000000005        85983518446245056.     
  0.43333333333333335        20318163430343736.     
  0.43666666666666670       -85375273857833184.     
  0.44000000000000000       -21727472012941720.     
  0.44333333333333336        84512872328984384.     
  0.44666666666666671        23122772726970768.     
  0.45000000000000001       -83511238749750080.     
  0.45333333333333337       -24410081279594752.     
  0.45666666666666672        82467787961275728.     
  0.46000000000000002        25492489304138032.     
  0.46333333333333337       -81451145866567712.     
  0.46666666666666667       -26280378200576240.     
  0.47000000000000003        80493399587454224.     
  0.47333333333333338        26701535217283872.     
  0.47666666666666668       -79586849447916608.     
  0.48000000000000004       -26709722684802400.     
  0.48333333333333334        78685592006548704.     
  0.48666666666666669        26290405137944144.     
  0.49000000000000005       -77711597513054480.     
  0.49333333333333335       -25462716022654720.     
  0.49666666666666670        76564367140002848.     
  0.50000000000000000        24277286954911792.     
  0.50333333333333341       -75132850702831792.     
  0.50666666666666671       -22810178294882400.     
  0.51000000000000001        73308121380934320.     
  0.51333333333333342        21153735833953840.     
  0.51666666666666672       -70995344105831880.     
  0.52000000000000002       -19405655083259912.     
  0.52333333333333332        68123804197767664.     
  0.52666666666666673        17657785442004296.     
  0.53000000000000003       -64654121181374456.     
  0.53333333333333333       -15986211826612456.     
  0.53666666666666674        60582186910708240.     
  0.54000000000000004        14443915424823448.     
  0.54333333333333333       -55939768747123584.     
  0.54666666666666675       -13056884671964080.     
  0.55000000000000004        50792055324186624.     
  0.55333333333333334        11824001529100552.     
  0.55666666666666675       -45232664969064320.     
  0.56000000000000005       -10720462705584088.     
  0.56333333333333335        39376779024155592.     
  0.56666666666666665        9704004871994968.0     
  0.57000000000000006       -33353116609633456.     
  0.57333333333333336       -8722862166349220.0     
  0.57666666666666666        27295456780491464.     
  0.58000000000000007        7724236451305360.0     
  0.58333333333333337       -21334363137849684.     
  0.58666666666666667       -6662111404386954.0     
  0.59000000000000008        15589693574987856.     
  0.59333333333333338        5503461130579180.0     
  0.59666666666666668       -10164393070881572.     
  0.60000000000000009       -4232237210117760.0     
  0.60333333333333339        5139969780763184.0     
  0.60666666666666669        2850896998612398.5     
  0.60999999999999999       -573937719911668.88     
  0.61333333333333340       -1379594209828541.0     
  0.61666666666666670       -3500633391957987.0     
  0.62000000000000000       -146562622999984.50     
  0.62333333333333341        7073489836078998.0     
  0.62666666666666671        1681599391513792.0     
  0.63000000000000000       -10153702936883120.     
  0.63333333333333341       -3173464858120816.0     
  0.63666666666666671        12764717329205540.     
  0.64000000000000001        4568908741047252.0     
  0.64333333333333342       -14938499717295624.     
  0.64666666666666672       -5817955161958394.0     
  0.65000000000000002        16709455054377502.     
  0.65333333333333332        6877634391230946.0     
  0.65666666666666673       -18108807458417052.     
  0.66000000000000003       -7714800038090746.0     
  0.66333333333333333        19160087838236832.     
  0.66666666666666674        8308000667281422.0     
  0.67000000000000004       -19876232820136064.     
  0.67333333333333334       -8648474663800044.0     
  0.67666666666666675        20258597598541488.     
  0.68000000000000005        8740387228505692.0     
  0.68333333333333335       -20297946527486656.     
  0.68666666666666676       -8600432590253560.0     
  0.69000000000000006        19977242187306704.     
  0.69333333333333336        8256896301708488.0     
  0.69666666666666666       -19275837851776564.     
  0.70000000000000007       -7748230943534848.0     
  0.70333333333333337        18174515534724516.     
  0.70666666666666667        7121163629915092.0     
  0.71000000000000008       -16660719367390026.     
  0.71333333333333337       -6428341362187520.0     
  0.71666666666666667        14733319930478206.     
  0.72000000000000008        5725538860061976.0     
  0.72333333333333338       -12406308719454600.     
  0.72666666666666668       -5068502068213404.0     
  0.73000000000000009        9710955099527842.0     
  0.73333333333333339        4509569583342063.0     
  0.73666666666666669       -6696146325996374.0     
  0.74000000000000010       -4094288462518231.0     
  0.74333333333333340        3426853874380565.5     
  0.74666666666666670        3858302995420809.0     
  0.75000000000000000        19099550286877.000     
  0.75333333333333341       -3824829587873930.0     
  0.75666666666666671       -3555588180804600.0     
  0.76000000000000001        4003026928971147.0     
  0.76333333333333342        7093504264889150.0     
  0.76666666666666672       -4387522827621899.5     
  0.77000000000000002       -10546229003203088.     
  0.77333333333333343        4959268017022646.0     
  0.77666666666666673        13834641956143886.     
  0.78000000000000003       -5687758733447740.0     
  0.78333333333333344       -16891161055490598.     
  0.78666666666666674        6534515022547220.0     
  0.79000000000000004        19662482389155064.     
  0.79333333333333333       -7457536742036159.0     
  0.79666666666666675       -22110905556707920.     
  0.80000000000000004        8416305311227822.0     
  0.80333333333333334        24214343984055220.     
  0.80666666666666675       -9376781161663100.0     
  0.81000000000000005       -25965288667501704.     
  0.81333333333333335        10315789532814884.     
  0.81666666666666676        27369088324285216.     
  0.82000000000000006       -11224210627046666.     
  0.82333333333333336       -28441917638375512.     
  0.82666666666666677        12108502915627660.     
  0.83000000000000007        29208738066850700.     
  0.83333333333333337       -12990283189540476.     
  0.83666666666666667       -29701439711511348.     
  0.84000000000000008        13903938649148744.     
  0.84333333333333338        29957224087553104.     
  0.84666666666666668       -14892515139128870.     
  0.85000000000000009       -30017180585153288.     
  0.85333333333333339        16002364824330034.     
  0.85666666666666669        29924947554700648.     
  0.86000000000000010       -17277203047875000.     
  0.86333333333333340       -29725339937694716.     
  0.86666666666666670        18752288733419756.     
  0.87000000000000011        29462861321651560.     
  0.87333333333333341       -20449397539959244.     
  0.87666666666666671       -29180080658760248.     
  0.88000000000000000        22373116749423544.     
  0.88333333333333341        28915920812555364.     
  0.88666666666666671       -24508788383351136.     
  0.89000000000000001       -28703959562675344.     
  0.89333333333333342        26822204153256148.     
  0.89666666666666672        28570873988121440.     
  0.90000000000000002       -29260952672473288.     
  0.90333333333333343       -28535165598455880.     
  0.90666666666666673        31757165138815240.     
  0.91000000000000003        28606291938307080.     
  0.91333333333333344       -34231313761194032.     
  0.91666666666666674       -28784308337886116.     
  0.92000000000000004        36596684996428392.     
  0.92333333333333334        29060096360000008.     
  0.92666666666666675       -38764163133385760.     
  0.93000000000000005       -29416223947651088.     
  0.93333333333333335        40647000053711968.     
  0.93666666666666676        29828442673237952.     
  0.94000000000000006       -42165297006062160.     
  0.94333333333333336       -30267774796348436.     
  0.94666666666666677        43249973024016672.     
  0.95000000000000007        30703074704968400.     
  0.95333333333333337       -43846038794541664.     
  0.95666666666666678       -31103869693219576.     
  0.96000000000000008        43915036989988176.     
  0.96333333333333337        31443205761570240.     
  0.96666666666666667       -43436555800976304.     
  0.97000000000000008       -31700163689261236.     
  0.97333333333333338        42408776454458000.     
  0.97666666666666668        31861690090240640.     
  0.98000000000000009       -40848079297594512.     
  0.98333333333333339       -31923425341162800.     
  0.98666666666666669        38787803354169632.     
  0.99000000000000010        31889313676910708.     
  0.99333333333333340       -36276323423667472.     
  0.99666666666666670       -31769945059597240.     
