   0.0000000000000000      -0.98771393779499705     
   3.3333333333333335E-003 -0.98422383977095484     
   6.6666666666666671E-003 -0.98030204509502639     
   1.0000000000000000E-002 -0.97595026383703232     
   1.3333333333333334E-002 -0.97117038444299286     
   1.6666666666666666E-002 -0.96596451087086321     
   2.0000000000000000E-002 -0.96033494465444491     
   2.3333333333333334E-002 -0.95428415059170579     
   2.6666666666666668E-002 -0.94781476763406880     
   3.0000000000000002E-002 -0.94092963547346831     
   3.3333333333333333E-002 -0.93363178591314466     
   3.6666666666666667E-002 -0.92592441987859808     
   4.0000000000000001E-002 -0.91781090981847735     
   4.3333333333333335E-002 -0.90929481376040888     
   4.6666666666666669E-002 -0.90037987212847204     
   5.0000000000000003E-002 -0.89106999622728211     
   5.3333333333333337E-002 -0.88136926742736921     
   5.6666666666666671E-002 -0.87128194045059559     
   6.0000000000000005E-002 -0.86081244017330949     
   6.3333333333333339E-002 -0.84996535833800468     
   6.6666666666666666E-002 -0.83874545384389365     
   7.0000000000000007E-002 -0.82715764937806524     
   7.3333333333333334E-002 -0.81520702613343965     
   7.6666666666666675E-002 -0.80289882447046534     
   8.0000000000000002E-002 -0.79023844484250705     
   8.3333333333333343E-002 -0.77723144186151938     
   8.6666666666666670E-002 -0.76388351949900757     
   9.0000000000000011E-002 -0.75020053192231073     
   9.3333333333333338E-002 -0.73618848159016770     
   9.6666666666666679E-002 -0.72185351441512635     
  0.10000000000000001      -0.70720191852452874     
  0.10333333333333335      -0.69224012170534110     
  0.10666666666666667      -0.67697468512252035     
  0.11000000000000000      -0.66141230295564135     
  0.11333333333333334      -0.64555980435645921     
  0.11666666666666667      -0.62942414477799469     
  0.12000000000000001      -0.61301239741314273     
  0.12333333333333334      -0.59633175905243818     
  0.12666666666666668      -0.57938955224940081     
  0.13000000000000000      -0.56219320999517053     
  0.13333333333333333      -0.54475026794917403     
  0.13666666666666669      -0.52706837615023494     
  0.14000000000000001      -0.50915529893456224     
  0.14333333333333334      -0.49101889385935615     
  0.14666666666666667      -0.47266710654571376     
  0.15000000000000002      -0.45410798728354801     
  0.15333333333333335      -0.43534968727634193     
  0.15666666666666668      -0.41640043289555850     
  0.16000000000000000      -0.39726852469361945     
  0.16333333333333333      -0.37796235738546941     
  0.16666666666666669      -0.35849041070646143     
  0.17000000000000001      -0.33886122165593141     
  0.17333333333333334      -0.31908338923682333     
  0.17666666666666667      -0.29916559374725205     
  0.18000000000000002      -0.27911658176170323     
  0.18333333333333335      -0.25894514166647059     
  0.18666666666666668      -0.23866011289332170     
  0.19000000000000000      -0.21827039910721496     
  0.19333333333333336      -0.19778495056916701     
  0.19666666666666668      -0.17721274714205978     
  0.20000000000000001      -0.15656280746613777     
  0.20333333333333334      -0.13584419446566393     
  0.20666666666666669      -0.11506599977771491     
  0.21000000000000002       -9.4237332869873403E-002
  0.21333333333333335       -7.3367326814265665E-002
  0.21666666666666667       -5.2465139874871003E-002
  0.22000000000000000       -3.1539943274702276E-002
  0.22333333333333336       -1.0600911869253472E-002
  0.22666666666666668        1.0342772600475642E-002
  0.23000000000000001        3.1281920132736230E-002
  0.23333333333333334        5.2207343441689508E-002
  0.23666666666666669        7.3109867136492535E-002
  0.24000000000000002        9.3980324878136151E-002
  0.24333333333333335       0.11480955941584495     
  0.24666666666666667       0.13558843308321988     
  0.25000000000000000       0.15630783358449996     
  0.25333333333333335       0.17695867276134930     
  0.25666666666666671       0.19753189165962942     
  0.26000000000000001       0.21801846732799615     
  0.26333333333333336       0.23840941296948764     
  0.26666666666666666       0.25869578251552799     
  0.27000000000000002       0.27886868003806370     
  0.27333333333333337       0.29891925898833971     
  0.27666666666666667       0.31883872070007058     
  0.28000000000000003       0.33861832682474263     
  0.28333333333333333       0.35824940624837276     
  0.28666666666666668       0.37772334723445622     
  0.29000000000000004       0.39703160254352038     
  0.29333333333333333       0.41616570653283769     
  0.29666666666666669       0.43511727144753520     
  0.30000000000000004       0.45387797776586947     
  0.30333333333333334       0.47243959218205095     
  0.30666666666666670       0.49079398285440828     
  0.31000000000000000       0.50893310189158036     
  0.31333333333333335       0.52684898020415571     
  0.31666666666666671       0.54453375775503909     
  0.32000000000000001       0.56197969224303834     
  0.32333333333333336       0.57917913168348434     
  0.32666666666666666       0.59612451549864132     
  0.33000000000000002       0.61280841108680806     
  0.33333333333333337       0.62922351770228557     
  0.33666666666666667       0.64536263513688030     
  0.34000000000000002       0.66121866608489543     
  0.34333333333333338       0.67678465452326320     
  0.34666666666666668       0.69205379162184988     
  0.35000000000000003       0.70701938269671405     
  0.35333333333333333       0.72167484355149147     
  0.35666666666666669       0.73601374047471080     
  0.36000000000000004       0.75002980473859882     
  0.36333333333333334       0.76371689677315668     
  0.36666666666666670       0.77706899107246774     
  0.37000000000000005       0.79008021927226701     
  0.37333333333333335       0.80274489732052168     
  0.37666666666666671       0.81505748526859123     
  0.38000000000000000       0.82701255801304663     
  0.38333333333333336       0.83860485309048949     
  0.38666666666666671       0.84982931149471441     
  0.39000000000000001       0.86068103130604789     
  0.39333333333333337       0.87115522543197765     
  0.39666666666666667       0.88124727588749585     
  0.40000000000000002       0.89095278457623217     
  0.40333333333333338       0.90026751914769143     
  0.40666666666666668       0.90918736379841025     
  0.41000000000000003       0.91770838115776054     
  0.41333333333333339       0.92582686506732526     
  0.41666666666666669       0.93353927826429139     
  0.42000000000000004       0.94084220516295247     
  0.42333333333333334       0.94773242064238361     
  0.42666666666666669       0.95420693599942619     
  0.43000000000000005       0.96026293057388035     
  0.43333333333333335       0.96589771397743096     
  0.43666666666666670       0.97110879805582029     
  0.44000000000000000       0.97589393108174727     
  0.44333333333333336       0.98025102819258569     
  0.44666666666666671       0.98417814447707064     
  0.45000000000000001       0.98767354525126216     
  0.45333333333333337       0.99073573081540489     
  0.45666666666666672       0.99336336893079835     
  0.46000000000000002       0.99555527344898864     
  0.46333333333333337       0.99731047241125470     
  0.46666666666666667       0.99862822999822798     
  0.47000000000000003       0.99950797893282695     
  0.47333333333333338       0.99994929858007930     
  0.47666666666666668       0.99995198397176088     
  0.48000000000000004       0.99951606909883606     
  0.48333333333333334       0.99864175743380823     
  0.48666666666666669       0.99732939762335537     
  0.49000000000000005       0.99557955216193283     
  0.49333333333333335       0.99339302211094838     
  0.49666666666666670       0.99077078040748578     
  0.50000000000000000       0.98771394607332397     
  0.50333333333333341       0.98422384570648158     
  0.50666666666666671       0.98030203826679452     
  0.51000000000000001       0.97595025824044157     
  0.51333333333333342       0.97117038989160132     
  0.51666666666666672       0.96596451575093478     
  0.52000000000000002       0.96033494018284316     
  0.52333333333333332       0.95428414658608862     
  0.52666666666666673       0.94781477178288265     
  0.53000000000000003       0.94092963872704760     
  0.53333333333333333       0.93363178135524560     
  0.53666666666666674       0.92592441707288087     
  0.54000000000000004       0.91781091538184600     
  0.54333333333333333       0.90929481638552634     
  0.54666666666666675       0.90037986527567226     
  0.55000000000000004       0.89106999377691698     
  0.55333333333333334       0.88136927546398658     
  0.55666666666666675       0.87128194237014323     
  0.56000000000000005       0.86081243140732266     
  0.56333333333333335       0.84996535757088887     
  0.56666666666666665       0.83874546265887073     
  0.57000000000000006       0.82715764836964856     
  0.57333333333333336       0.81520701803284956     
  0.57666666666666666       0.80289882756816600     
  0.58000000000000007       0.79023845149970562     
  0.58333333333333337       0.77723143687772633     
  0.58666666666666667       0.76388351489486950     
  0.59000000000000008       0.75020053806709430     
  0.59333333333333338       0.73618848372024914     
  0.59666666666666668       0.72185350815994298     
  0.60000000000000009       0.70720191903980023     
  0.60333333333333339       0.69224012699886439     
  0.60666666666666669       0.67697468207490963     
  0.60999999999999999       0.66141229943462843     
  0.61333333333333340       0.64555980955780889     
  0.61666666666666670       0.62942414614104403     
  0.62000000000000000       0.61301239062494584     
  0.62333333333333341       0.59633175979172381     
  0.62666666666666671       0.57938955997670516     
  0.63000000000000000       0.56219320754636537     
  0.63333333333333341       0.54475025991560644     
  0.63666666666666671       0.52706837974534704     
  0.64000000000000001       0.50915530671825149     
  0.64333333333333342       0.49101888968040353     
  0.64666666666666672       0.47266709945379487     
  0.65000000000000002       0.45410799161137816     
  0.65333333333333332       0.43534969338438306     
  0.65666666666666673       0.41640042867616667     
  0.66000000000000003       0.39726851967314758     
  0.66333333333333333       0.37796236138481931     
  0.66666666666666674       0.35849041474430965     
  0.67000000000000004       0.33886121792699042     
  0.67333333333333334       0.31908338589572471     
  0.67666666666666675       0.29916559713634827     
  0.68000000000000005       0.27911658478828705     
  0.68333333333333335       0.25894513872854602     
  0.68666666666666676       0.23866010981927713     
  0.69000000000000006       0.21827040148776769     
  0.69333333333333336       0.19778495392984027     
  0.69666666666666666       0.17721274534427578     
  0.70000000000000007       0.15656280375123885     
  0.70333333333333337       0.13584419577544737     
  0.70666666666666667       0.11506600375835405     
  0.71000000000000008        9.4237331868011087E-002
  0.71333333333333337        7.3367322753834119E-002
  0.71666666666666667        5.2465140742798330E-002
  0.72000000000000008        3.1539947198968438E-002
  0.72333333333333338        1.0600911059207178E-002
  0.72666666666666668       -1.0342776194108345E-002
  0.73000000000000009       -3.1281919443482312E-002
  0.73333333333333339       -5.2207340322907130E-002
  0.73666666666666669       -7.3109867528979605E-002
  0.74000000000000010       -9.3980327437876779E-002
  0.74333333333333340      -0.11480955953404313     
  0.74666666666666670      -0.13558843111050015     
  0.75000000000000000      -0.15630783279670069     
  0.75333333333333341      -0.17695867416350397     
  0.75666666666666671      -0.19753189313832997     
  0.76000000000000001      -0.21801846644920236     
  0.76333333333333342      -0.23840941096664875     
  0.76666666666666672      -0.25869578293598533     
  0.77000000000000002      -0.27886868221117012     
  0.77333333333333343      -0.29891925895805349     
  0.77666666666666673      -0.31883871883227694     
  0.78000000000000003      -0.33861832651845347     
  0.78333333333333344      -0.35824940733582633     
  0.78666666666666674      -0.37772334785171646     
  0.79000000000000004      -0.39703160257050985     
  0.79333333333333333      -0.41616570560573196     
  0.79666666666666675      -0.43511727021350083     
  0.80000000000000004      -0.45387797899944721     
  0.80333333333333334      -0.47243959445878081     
  0.80666666666666675      -0.49079398136243013     
  0.81000000000000005      -0.50893309891865024     
  0.81333333333333335      -0.52684898182099271     
  0.81666666666666676      -0.54453376102229312     
  0.82000000000000006      -0.56197969074187903     
  0.82333333333333336      -0.57917912846127628     
  0.82666666666666677      -0.59612451654412335     
  0.83000000000000007      -0.61280841404413899     
  0.83333333333333337      -0.62922351751740679     
  0.83666666666666667      -0.64536263256587512     
  0.84000000000000008      -0.66121866498796888     
  0.84333333333333338      -0.67678465661005371     
  0.84666666666666668      -0.69205379439082149     
  0.85000000000000009      -0.70701938124588859     
  0.85333333333333339      -0.72167483879049266     
  0.85666666666666669      -0.73601374105214834     
  0.86000000000000010      -0.75002981170376537     
  0.86333333333333340      -0.76371689735817583     
  0.86666666666666670      -0.77706898184431505     
  0.87000000000000011      -0.79008021727082467     
  0.87333333333333341      -0.80274490866663484     
  0.87666666666666671      -0.81505748879958262     
  0.88000000000000000      -0.82701254492967224     
  0.88333333333333341      -0.83860484814386105     
  0.88666666666666671      -0.84982932572067127     
  0.89000000000000001      -0.86068103729472767     
  0.89333333333333342      -0.87115521077631819     
  0.89666666666666672      -0.88124726944592358     
  0.90000000000000002      -0.89095279898293644     
  0.90333333333333343      -0.90026752536116994     
  0.90666666666666673      -0.90918735013228980     
  0.91000000000000003      -0.91770837576896536     
  0.91333333333333344      -0.92582687777501893     
  0.91666666666666674      -0.93353928248747120     
  0.92000000000000004      -0.94084219337242592     
  0.92333333333333334      -0.94773241757371118     
  0.92666666666666675      -0.95420694707597442     
  0.93000000000000005      -0.96026293282375186     
  0.93333333333333335      -0.96589770336944314     
  0.93666666666666676      -0.97110879611156475     
  0.94000000000000006      -0.97589394142753194     
  0.94333333333333336      -0.98025103032005489     
  0.94666666666666677      -0.98417813424437639     
  0.95000000000000007      -0.98767354263608009     
  0.95333333333333337      -0.99073574105077056     
  0.95666666666666678      -0.99336337211002701     
  0.96000000000000008      -0.99555526310829634     
  0.96333333333333337      -0.99731046874101714     
  0.96666666666666667      -0.99862824051474686     
  0.97000000000000008      -0.99950798300708699     
  0.97333333333333338      -0.99994928790792881     
  0.97666666666666668      -0.99995197949856474     
  0.98000000000000009      -0.99951607975397427     
  0.98333333333333339      -0.99864176237480096     
  0.98666666666666669      -0.99732938732534093     
  0.99000000000000010      -0.99557954671312443     
  0.99333333333333340      -0.99339303160730297     
  0.99666666666666670      -0.99077078625363402     
