   0.0000000000000000        14273929.899947189     
   3.3333333333333335E-003   95433744.714678332     
   6.6666666666666671E-003  -9930366.4264737964     
   1.0000000000000000E-002  -89790576.253631458     
   1.3333333333333334E-002   4980544.1898799315     
   1.6666666666666666E-002   83561982.324488819     
   2.0000000000000000E-002   506962.53821089119     
   2.3333333333333334E-002  -76781870.625200391     
   2.6666666666666668E-002  -6382016.2298952267     
   3.0000000000000002E-002   69508588.825460956     
   3.3333333333333333E-002   12411437.628666006     
   3.6666666666666667E-002  -61846437.539650604     
   4.0000000000000001E-002  -18292630.237890117     
   4.3333333333333335E-002   53960828.821191818     
   4.6666666666666669E-002   23681524.261533968     
   5.0000000000000003E-002  -46082126.310174890     
   5.3333333333333337E-002  -28230913.314956300     
   5.6666666666666671E-002   38495753.270649791     
   6.0000000000000005E-002   31633219.251755949     
   6.3333333333333339E-002  -31519015.134445604     
   6.6666666666666666E-002  -33660471.689466029     
   7.0000000000000007E-002   25468253.388493143     
   7.3333333333333334E-002   34194832.407416388     
   7.6666666666666675E-002  -20621883.110041615     
   8.0000000000000002E-002  -33244465.097179975     
   8.3333333333333343E-002   17185811.027347744     
   8.6666666666666670E-002   30942298.742334418     
   9.0000000000000011E-002  -15266879.475278594     
   9.3333333333333338E-002  -27528018.282481603     
   9.6666666666666679E-002   14858335.173617760     
  0.10000000000000001        23316542.542401396     
  0.10333333333333335       -15838811.857218239     
  0.10666666666666667       -18658209.253591526     
  0.11000000000000000        17984192.335531373     
  0.11333333333333334        13897170.196985759     
  0.11666666666666667       -20989869.832716126     
  0.12000000000000001       -9334409.0643318687     
  0.12333333333333334        24500108.180577140     
  0.12666666666666668        5200894.0323158056     
  0.13000000000000000       -28140824.216825679     
  0.13333333333333333       -1644348.8634978794     
  0.13666666666666669        31552424.750822552     
  0.14000000000000001       -1269275.6322409734     
  0.14333333333333334       -34419642.985076368     
  0.14666666666666667        3541331.9339251481     
  0.15000000000000002        36495888.137079015     
  0.15333333333333335       -5217015.8715731874     
  0.15666666666666668       -37620084.300468162     
  0.16000000000000000        6358598.6082255617     
  0.16333333333333333        37724724.507869735     
  0.16666666666666669       -7021393.5336790867     
  0.17000000000000001       -36834690.441556193     
  0.17333333333333334        7237642.9204725586     
  0.17666666666666667        35057480.151626341     
  0.18000000000000002       -7011374.1199229416     
  0.18333333333333335       -32566486.692835860     
  0.18666666666666668        6324508.8436229229     
  0.19000000000000000        29579790.970558438     
  0.19333333333333336       -5151676.9639329780     
  0.19666666666666668       -26337259.024179321     
  0.20000000000000001        3479097.6144046001     
  0.20333333333333334        23078557.099373639     
  0.20666666666666669       -1322038.2691100892     
  0.21000000000000002       -20024093.468977321     
  0.21333333333333335       -1264069.8378372323     
  0.21666666666666667        17360076.866887279     
  0.22000000000000000        4181974.2924364004     
  0.22333333333333336       -15228181.792549375     
  0.22666666666666668       -7301099.6773264632     
  0.23000000000000001        13719817.737283941     
  0.23333333333333334        10474427.575594781     
  0.23666666666666669       -12874901.996042449     
  0.24000000000000002       -13560232.979421658     
  0.24333333333333335        12685026.221485114     
  0.24666666666666667        16444267.217865322     
  0.25000000000000000       -13101009.353133505     
  0.25333333333333335       -19058264.287361979     
  0.25666666666666671        14044572.432947749     
  0.26000000000000001        21391596.524124738     
  0.26333333333333336       -15423479.388917558     
  0.26666666666666666       -23494491.548146307     
  0.27000000000000002        17148671.276162121     
  0.27333333333333337        25472692.902383823     
  0.27666666666666667       -19151278.771446444     
  0.28000000000000003       -27474919.479681753     
  0.28333333333333333        21396765.417243019     
  0.28666666666666668        29675317.935655348     
  0.29000000000000004       -23893548.433497928     
  0.29333333333333333       -32253722.950484481     
  0.29666666666666669        26693884.109275058     
  0.30000000000000004        35376412.200099379     
  0.30333333333333334       -29886106.451096479     
  0.30666666666666670       -39179783.191524342     
  0.31000000000000000        33578695.949527718     
  0.31333333333333335        43758485.412824608     
  0.31666666666666671       -37878439.000699483     
  0.32000000000000001       -49158790.542564720     
  0.32333333333333336        42866113.326011203     
  0.32666666666666666        55376883.686440140     
  0.33000000000000002       -48574065.001276150     
  0.33333333333333337       -62361186.340115637     
  0.33666666666666667        54969799.589463763     
  0.34000000000000002        70017185.466503143     
  0.34333333333333338       -61948979.745262466     
  0.34666666666666668       -78213366.785967141     
  0.35000000000000003        69339354.640275329     
  0.35333333333333333        86786928.497860387     
  0.35666666666666669       -76915242.813236788     
  0.36000000000000004       -95548711.672520965     
  0.36333333333333334        84419858.343695223     
  0.36666666666666670        104287262.91114447     
  0.37000000000000005       -91591353.015696481     
  0.37333333333333335       -112772869.77608088     
  0.37666666666666671        98187506.812918589     
  0.38000000000000000        120762755.34274329     
  0.38333333333333336       -104004686.50576013     
  0.38666666666666671       -128009144.47399759     
  0.39000000000000001        108888062.96648185     
  0.39333333333333337        134271550.18875617     
  0.39666666666666667       -112732709.22120008     
  0.40000000000000002       -139334200.28695279     
  0.40333333333333338        115477512.85914156     
  0.40666666666666668        143028052.06396553     
  0.41000000000000003       -117096042.21867302     
  0.41333333333333339       -145255437.39789188     
  0.41666666666666669        117588978.79306874     
  0.42000000000000004        146013395.25032738     
  0.42333333333333334       -116982135.72029996     
  0.42666666666666669       -145410678.83252352     
  0.43000000000000005        115331574.69589376     
  0.43333333333333335        143672808.85032004     
  0.43666666666666670       -112734543.90691811     
  0.44000000000000000       -141130795.44393855     
  0.44333333333333336        109341815.32130390     
  0.44666666666666671        138191336.27764708     
  0.45000000000000001       -105365494.31511530     
  0.45333333333333337       -135290095.95803422     
  0.45666666666666672        101076180.09102246     
  0.46000000000000002        132833325.39067109     
  0.46333333333333337       -96785660.425131589     
  0.46666666666666667       -131136648.69703706     
  0.47000000000000003        92814666.308835641     
  0.47333333333333338        130371387.60826373     
  0.47666666666666668       -89449669.319721565     
  0.48000000000000004       -130528718.43041244     
  0.48333333333333334        86896096.241446793     
  0.48666666666666669        131409158.68259335     
  0.49000000000000005       -85237618.342813462     
  0.49333333333333335       -132640827.66109881     
  0.49666666666666670        84410718.159907207     
  0.50000000000000000        133724532.41280219     
  0.50333333333333341       -84201500.324051902     
  0.50666666666666671       -134099098.20751812     
  0.51000000000000001        84267273.491233960     
  0.51333333333333342        133216553.61649024     
  0.51666666666666672       -84180732.185264736     
  0.52000000000000002       -130615456.03290078     
  0.52333333333333332        83489792.005840614     
  0.52666666666666673        125981087.18626830     
  0.53000000000000003       -81783210.323440775     
  0.53333333333333333       -119184118.12467444     
  0.53666666666666674        78750779.839959890     
  0.54000000000000004        110293082.61908652     
  0.54333333333333333       -74228172.754085153     
  0.54666666666666675       -99560641.728717640     
  0.55000000000000004        68219258.104336128     
  0.55333333333333334        87387463.045125350     
  0.55666666666666675       -60893095.406133533     
  0.56000000000000005       -74270748.849964201     
  0.56333333333333335        52557130.113671713     
  0.56666666666666665        60745829.346559882     
  0.57000000000000006       -43612302.661900058     
  0.57333333333333336       -47329499.312318474     
  0.57666666666666666        34498335.232490867     
  0.58000000000000007        34472344.644491538     
  0.58333333333333337       -25638680.432929792     
  0.58666666666666667       -22525276.753110014     
  0.59000000000000008        17393694.013495341     
  0.59333333333333338        11722625.543279368     
  0.59666666666666668       -10028473.380955530     
  0.60000000000000009       -2181573.3917493811     
  0.60333333333333339        3698388.1009790045     
  0.60666666666666669       -6084769.0182198621     
  0.60999999999999999        1548033.2174153989     
  0.61333333333333340        13144805.855298970     
  0.61666666666666670       -5752340.7642724682     
  0.62000000000000000       -19121384.612682737     
  0.62333333333333341        9020799.6176474877     
  0.62666666666666671        24164760.413462635     
  0.63000000000000000       -11496356.270897619     
  0.63333333333333341       -28429157.252832890     
  0.63666666666666671        13332988.244947828     
  0.64000000000000001        32054803.929320414     
  0.64333333333333342       -14675898.332843509     
  0.64666666666666672       -35155809.777954102     
  0.65000000000000002        15648892.735028610     
  0.65333333333333332        37812971.449507155     
  0.65666666666666673       -16348557.204793444     
  0.66000000000000003       -40070201.132633217     
  0.66333333333333333        16843592.917999260     
  0.66666666666666674        41933480.745235108     
  0.67000000000000004       -17177287.003247902     
  0.67333333333333334       -43372078.933296748     
  0.67666666666666675        17371201.925019115     
  0.68000000000000005        44322550.004325226     
  0.68333333333333335       -17428692.222201623     
  0.68666666666666676       -44696456.970283151     
  0.69000000000000006        17337388.184567608     
  0.69333333333333336        44392398.719972998     
  0.69666666666666666       -17070296.632018775     
  0.70000000000000007       -43311890.052697703     
  0.70333333333333337        16585601.876560457     
  0.70666666666666667        41377269.075560503     
  0.71000000000000008       -15825701.930151045     
  0.71333333333333337       -38548659.386757232     
  0.71666666666666667        14716534.424309706     
  0.72000000000000008        34836669.218757972     
  0.72333333333333338       -13168667.615121191     
  0.72666666666666668       -30308140.449856751     
  0.73000000000000009        11081836.261561148     
  0.73333333333333339        25083853.082856033     
  0.73666666666666669       -8354197.0853171321     
  0.74000000000000010       -19328973.675599851     
  0.74333333333333340        4896640.0961325699     
  0.74666666666666670        13238755.702537144     
  0.75000000000000000       -650917.68401692621     
  0.75333333333333341       -7022740.7122748736     
  0.75666666666666671       -4391192.5109971343     
  0.76000000000000001        890533.11327751540     
  0.76333333333333342        10171766.761320995     
  0.76666666666666672        4959027.4179402385     
  0.77000000000000002       -16557917.049034115     
  0.77333333333333343       -10344912.188967494     
  0.77666666666666673        23343756.424510624     
  0.78000000000000003        15108216.608317308     
  0.78333333333333344       -30264561.537879683     
  0.78666666666666674       -19115283.096765652     
  0.79000000000000004        37022127.840431772     
  0.79333333333333333        22261069.432763636     
  0.79666666666666675       -43317707.128537059     
  0.80000000000000004       -24473159.916294850     
  0.80333333333333334        48887336.011476241     
  0.80666666666666675        25715863.145642139     
  0.81000000000000005       -53533669.693944633     
  0.81333333333333335       -25992874.956371069     
  0.81666666666666676        57149339.976672322     
  0.82000000000000006        25346997.281307340     
  0.82333333333333336       -59728444.483549237     
  0.82666666666666677       -23855802.668120489     
  0.83000000000000007        61365215.214023732     
  0.83333333333333337        21623405.188163415     
  0.83666666666666667       -62240908.509077512     
  0.84000000000000008       -18769505.237399198     
  0.84333333333333338        62601774.502189100     
  0.84666666666666668        15417940.072377659     
  0.85000000000000009       -62731586.350210205     
  0.85333333333333339       -11686999.237038799     
  0.85666666666666669        62922458.436154082     
  0.86000000000000010        7683491.1360181123     
  0.86333333333333340       -63446952.439176425     
  0.86666666666666670       -3501300.1402895600     
  0.87000000000000011        64533914.497214951     
  0.87333333333333341       -775851.71470713615     
  0.87666666666666671       -66349494.882926464     
  0.88000000000000000        5069035.5884327516     
  0.88333333333333341        68984412.374334186     
  0.88666666666666671       -9298130.8832572550     
  0.89000000000000001       -72447834.663776770     
  0.89333333333333342        13377481.955833554     
  0.89666666666666672        76668110.936572120     
  0.90000000000000002       -17214690.570728250     
  0.90333333333333343       -81499972.787112251     
  0.90666666666666673        20713379.814187370     
  0.91000000000000003        86737634.938818365     
  0.91333333333333344       -23779479.923335023     
  0.91666666666666674       -92132521.883628428     
  0.92000000000000004        26329891.362940960     
  0.92333333333333334        97414178.897785485     
  0.92666666666666675       -28301463.547146380     
  0.93000000000000005       -102312369.94201823     
  0.93333333333333335        29658211.319479398     
  0.93666666666666676        106578471.19538091     
  0.94000000000000006       -30394623.427822538     
  0.94333333333333336       -110004029.38144128     
  0.94666666666666677        30533814.497649252     
  0.95000000000000007        112434776.59039021     
  0.95333333333333337       -30120048.461489215     
  0.95666666666666678       -113778462.89401478     
  0.96000000000000008        29206690.040396467     
  0.96333333333333337        114005643.56674781     
  0.96666666666666667       -27841664.237627558     
  0.97000000000000008       -113143067.24549182     
  0.97333333333333338        26053742.440470211     
  0.97666666666666668        111260581.91989228     
  0.98000000000000009       -23843109.616264328     
  0.98333333333333339       -108453402.13793153     
  0.98666666666666669        21179493.870613448     
  0.99000000000000010        104822947.92804760     
  0.99333333333333340       -18009607.486256115     
  0.99666666666666670       -100459947.51364887     
